01 01 1995 11
02 01 1995 6
03 01 1995 2
04 01 1995 -4
05 01 1995 -1
06 01 1995 20
07 01 1995 -5
08 01 1995 -7
09 01 1995 -7
10 01 1995 13
11 01 1995 28
12 01 1995 34
13 01 1995 33
14 01 1995 32
15 01 1995 19
16 01 1995 19
17 01 1995 29
18 01 1995 22
19 01 1995 26
20 01 1995 23
21 01 1995 19
22 01 1995 15
23 01 1995 5
24 01 1995 1
25 01 1995 3
26 01 1995 -5
27 01 1995 2
28 01 1995 12
29 01 1995 1
30 01 1995 19
31 01 1995 20
01 02 1995 26
02 02 1995 27
03 02 1995 25
04 02 1995 6
05 02 1995 0
06 02 1995 -1
07 02 1995 5
08 02 1995 2
09 02 1995 19
10 02 1995 8
11 02 1995 -5
12 02 1995 -4
13 02 1995 7
14 02 1995 -2
15 02 1995 19
16 02 1995 4
17 02 1995 8
18 02 1995 27
19 02 1995 29
20 02 1995 27
21 02 1995 20
22 02 1995 24
23 02 1995 25
24 02 1995 23
25 02 1995 26
26 02 1995 24
27 02 1995 26
28 02 1995 13
01 03 1995 6
02 03 1995 1
03 03 1995 8
04 03 1995 15
05 03 1995 27
06 03 1995 22
07 03 1995 19
08 03 1995 7
09 03 1995 -3
10 03 1995 28
11 03 1995 38
12 03 1995 37
13 03 1995 48
14 03 1995 37
15 03 1995 37
16 03 1995 33
17 03 1995 33
18 03 1995 28
19 03 1995 35
20 03 1995 34
21 03 1995 32
22 03 1995 27
23 03 1995 25
24 03 1995 21
25 03 1995 28
26 03 1995 37
27 03 1995 34
28 03 1995 34
29 03 1995 34
30 03 1995 27
31 03 1995 30
01 04 1995 26
02 04 1995 22
03 04 1995 30
04 04 1995 14
05 04 1995 14
06 04 1995 33
07 04 1995 28
08 04 1995 36
09 04 1995 31
10 04 1995 32
11 04 1995 37
12 04 1995 35
13 04 1995 37
14 04 1995 27
15 04 1995 38
16 04 1995 34
17 04 1995 36
18 04 1995 44
19 04 1995 39
20 04 1995 38
21 04 1995 41
22 04 1995 35
23 04 1995 32
24 04 1995 32
25 04 1995 30
26 04 1995 44
27 04 1995 41
28 04 1995 36
29 04 1995 44
30 04 1995 38
01 05 1995 33
02 05 1995 39
03 05 1995 35
04 05 1995 41
05 05 1995 35
06 05 1995 36
07 05 1995 52
08 05 1995 46
09 05 1995 44
10 05 1995 47
11 05 1995 50
12 05 1995 46
13 05 1995 56
14 05 1995 50
15 05 1995 44
16 05 1995 52
17 05 1995 47
18 05 1995 44
19 05 1995 45
20 05 1995 55
21 05 1995 43
22 05 1995 40
23 05 1995 49
24 05 1995 42
25 05 1995 42
26 05 1995 42
27 05 1995 50
28 05 1995 53
29 05 1995 52
30 05 1995 48
31 05 1995 50
01 06 1995 59
02 06 1995 58
03 06 1995 55
04 06 1995 56
05 06 1995 56
06 06 1995 63
07 06 1995 50
08 06 1995 46
09 06 1995 52
10 06 1995 57
11 06 1995 56
12 06 1995 46
13 06 1995 50
14 06 1995 53
15 06 1995 55
16 06 1995 63
17 06 1995 68
18 06 1995 72
19 06 1995 68
20 06 1995 64
21 06 1995 67
22 06 1995 62
23 06 1995 66
24 06 1995 61
25 06 1995 60
26 06 1995 66
27 06 1995 66
28 06 1995 64
29 06 1995 63
30 06 1995 58
01 07 1995 49
02 07 1995 44
03 07 1995 60
04 07 1995 65
05 07 1995 66
06 07 1995 61
07 07 1995 56
08 07 1995 51
09 07 1995 63
10 07 1995 63
11 07 1995 63
12 07 1995 69
13 07 1995 78
14 07 1995 83
15 07 1995 71
16 07 1995 68
17 07 1995 65
18 07 1995 63
19 07 1995 57
20 07 1995 62
21 07 1995 57
22 07 1995 67
23 07 1995 63
24 07 1995 63
25 07 1995 65
26 07 1995 66
27 07 1995 64
28 07 1995 69
29 07 1995 64
30 07 1995 66
31 07 1995 69
01 08 1995 63
02 08 1995 64
03 08 1995 72
04 08 1995 67
05 08 1995 65
06 08 1995 63
07 08 1995 71
08 08 1995 68
09 08 1995 71
10 08 1995 72
11 08 1995 69
12 08 1995 74
13 08 1995 79
14 08 1995 70
15 08 1995 66
16 08 1995 72
17 08 1995 71
18 08 1995 72
19 08 1995 64
20 08 1995 57
21 08 1995 60
22 08 1995 58
23 08 1995 66
24 08 1995 66
25 08 1995 66
26 08 1995 66
27 08 1995 69
28 08 1995 67
29 08 1995 68
30 08 1995 71
31 08 1995 59
01 09 1995 55
02 09 1995 55
03 09 1995 57
04 09 1995 55
05 09 1995 57
06 09 1995 70
07 09 1995 41
08 09 1995 39
09 09 1995 39
10 09 1995 42
11 09 1995 39
12 09 1995 49
13 09 1995 57
14 09 1995 47
15 09 1995 42
16 09 1995 53
17 09 1995 41
18 09 1995 41
19 09 1995 53
20 09 1995 45
21 09 1995 34
22 09 1995 31
23 09 1995 28
24 09 1995 31
25 09 1995 45
26 09 1995 45
27 09 1995 40
28 09 1995 49
29 09 1995 51
30 09 1995 64
01 10 1995 52
02 10 1995 41
03 10 1995 46
04 10 1995 36
05 10 1995 47
06 10 1995 48
07 10 1995 43
08 10 1995 38
09 10 1995 42
10 10 1995 37
11 10 1995 39
12 10 1995 49
13 10 1995 53
14 10 1995 41
15 10 1995 34
16 10 1995 32
17 10 1995 47
18 10 1995 36
19 10 1995 46
20 10 1995 41
21 10 1995 34
22 10 1995 34
23 10 1995 40
24 10 1995 29
25 10 1995 27
26 10 1995 38
27 10 1995 47
28 10 1995 38
29 10 1995 36
30 10 1995 29
31 10 1995 35
01 11 1995 36
02 11 1995 26
03 11 1995 25
04 11 1995 20
05 11 1995 25
06 11 1995 32
07 11 1995 28
08 11 1995 13
09 11 1995 14
10 11 1995 28
11 11 1995 15
12 11 1995 17
13 11 1995 13
14 11 1995 11
15 11 1995 10
16 11 1995 25
17 11 1995 31
18 11 1995 30
19 11 1995 29
20 11 1995 31
21 11 1995 19
22 11 1995 14
23 11 1995 11
24 11 1995 10
25 11 1995 26
26 11 1995 29
27 11 1995 21
28 11 1995 1
29 11 1995 -2
30 11 1995 15
01 12 1995 17
02 12 1995 25
03 12 1995 30
04 12 1995 19
05 12 1995 24
06 12 1995 19
07 12 1995 9
08 12 1995 -4
09 12 1995 -7
10 12 1995 -2
11 12 1995 -4
12 12 1995 1
13 12 1995 12
14 12 1995 28
15 12 1995 14
16 12 1995 8
17 12 1995 11
18 12 1995 28
19 12 1995 9
20 12 1995 12
21 12 1995 10
22 12 1995 20
23 12 1995 22
24 12 1995 20
25 12 1995 7
26 12 1995 9
27 12 1995 2
28 12 1995 0
29 12 1995 10
30 12 1995 25
31 12 1995 29
