3 GMG4 1 GLY CA C 11.431 7.879 9.844 0.7835 -0.836 -1.53  66.666664 100.0 0.0 -0.24 -1.92 0.0 -0.11 0 . . . . . . . . . . . . . . . . . 47
10 GMG4 2 LEU CA C 12.998 6.207 6.784 -0.7835 0.836 1.53  100.0 100.0 100.0 0.42 -1.06 0.37 2.09 1 6.10 0.01 . . 0.5401 0.017 32.0052 2.431 . . 0.16 7.21 0.04 9.4 0.47 0.94 0.01 36
10 GMG4 2 LEU CA C 12.998 6.207 6.784 1.893 -0.242 0.1115  100.0 100.0 100.0 0.42 -1.06 0.37 2.09 1 6.10 0.01 . . 0.5401 0.017 32.0052 2.431 . . 0.16 7.21 0.04 9.4 0.47 0.94 0.01 36
29 GMG4 3 SER CA C 16.784 5.723 7.007 -1.893 0.242 -0.1115  80.0 100.0 100.0 0.04 -1.7 1.07 2.63 0 5.92 0.03 -1.2196827 1.7831887 0.8845 0.0178 26.5332 9.404 . . 0.76 14.47 0.21 13.37 0.29 0.83 0.02 27
29 GMG4 3 SER CA C 16.784 5.723 7.007 1.3215 0.0235 -1.3805  80.0 100.0 100.0 0.04 -1.7 1.07 2.63 0 5.92 0.03 -1.2196827 1.7831887 0.8845 0.0178 26.5332 9.404 . . 0.76 14.47 0.21 13.37 0.29 0.83 0.02 27
40 GMG4 4 ALA CA C 19.427 5.770 4.246 -1.3215 -0.0235 1.3805  100.0 100.0 100.0 -0.43 3.37 3.26 -1.54 -1 2.43 0.04 . . 0.9406 0.0115 . . . . 0.84 16.16 0.19 14.16 0.19 0.89 0.02 11
40 GMG4 4 ALA CA C 19.427 5.770 4.246 0.069 -1.9085 0.0915  100.0 100.0 100.0 -0.43 3.37 3.26 -1.54 -1 2.43 0.04 . . 0.9406 0.0115 . . . . 0.84 16.16 0.19 14.16 0.19 0.89 0.02 11
50 GMG4 5 ALA CA C 19.565 1.953 4.429 -0.069 1.9085 -0.0915  100.0 100.0 100.0 -0.24 2.43 3.73 -0.77 -1 5.13 0.02 . . 0.8882 0.0086 18.3581 8.0859 . . 0.79 13.13 0.1 13.44 0.12 0.92 0.01 12
50 GMG4 5 ALA CA C 19.565 1.953 4.429 -1.876 -0.3415 0.125  100.0 100.0 100.0 -0.24 2.43 3.73 -0.77 -1 5.13 0.02 . . 0.8882 0.0086 18.3581 8.0859 . . 0.79 13.13 0.1 13.44 0.12 0.92 0.01 12
60 GMG4 6 GLN CA C 15.813 1.270 4.679 1.876 0.3415 -0.125  100.0 80.0 100.0 -0.49 2.59 2.06 -0.73 -1 4.85 0.03 -2.643974 3.1105897 0.8898 0.0161 . . . . 0.83 14.66 0.17 13.41 0.27 0.86 0.02 37
60 GMG4 6 GLN CA C 15.813 1.270 4.679 -0.3435 1.143 -1.493  100.0 80.0 100.0 -0.49 2.59 2.06 -0.73 -1 4.85 0.03 -2.643974 3.1105897 0.8898 0.0161 . . . . 0.83 14.66 0.17 13.41 0.27 0.86 0.02 37
77 GMG4 7 ARG CA C 15.126 3.556 1.693 0.3435 -1.143 1.493  69.23077 83.333336 50.0 -0.8 3.97 1.61 -0.88 -1 3.44 0.03 -4.041914 4.7250943 0.9311 0.0155 . . . . 0.85 14.62 0.17 14.17 0.26 0.9 0.02 34
77 GMG4 7 ARG CA C 15.126 3.556 1.693 1.2395 -1.095 -0.9555  69.23077 83.333336 50.0 -0.8 3.97 1.61 -0.88 -1 3.44 0.03 -4.041914 4.7250943 0.9311 0.0155 . . . . 0.85 14.62 0.17 14.17 0.26 0.9 0.02 34
101 GMG4 8 GLN CA C 17.605 1.366 -0.218 -1.2395 1.095 0.9555  100.0 80.0 100.0 -0.29 2.68 2.35 -1.9 -1 4.04 0.02 -2.1414628 2.8241258 0.9052 0.0131 . . . . 0.86 15.14 0.16 13.64 0.2 0.85 0.02 21
101 GMG4 8 GLN CA C 17.605 1.366 -0.218 -0.608 -1.657 0.737  100.0 80.0 100.0 -0.29 2.68 2.35 -1.9 -1 4.04 0.02 -2.1414628 2.8241258 0.9052 0.0131 . . . . 0.86 15.14 0.16 13.64 0.2 0.85 0.02 21
118 GMG4 9 VAL CA C 16.389 -1.948 1.256 0.608 1.657 -0.737  100.0 100.0 100.0 0.0 2.27 2.38 -0.27 -1 5.76 0.02 -2.8996294 2.8169038 0.873 0.0132 . . . . 0.82 13.75 0.14 13.14 0.22 0.92 0.02 38
118 GMG4 9 VAL CA C 16.389 -1.948 1.256 -1.717 0.521 -0.6595  100.0 100.0 100.0 0.0 2.27 2.38 -0.27 -1 5.76 0.02 -2.8996294 2.8169038 0.873 0.0132 . . . . 0.82 13.75 0.14 13.14 0.22 0.92 0.02 38
134 GMG4 10 VAL CA C 12.955 -0.906 -0.063 1.717 -0.521 0.6595  100.0 100.0 100.0 -0.92 3.51 -0.76 -1.23 -1 3.79 0.05 . . 0.9463 0.0157 . . . . 0.85 14.65 0.29 14.38 0.29 0.94 0.03 41
134 GMG4 10 VAL CA C 12.955 -0.906 -0.063 0.5015 0.137 -1.839  100.0 100.0 100.0 -0.92 3.51 -0.76 -1.23 -1 3.79 0.05 . . 0.9463 0.0157 . . . . 0.85 14.65 0.29 14.38 0.29 0.94 0.03 41
150 GMG4 11 ALA CA C 13.958 -0.632 -3.741 -0.5015 -0.137 1.839  100.0 100.0 100.0 -0.27 2.69 3.46 -1.21 -1 2.73 0.03 -4.325139 4.593286 0.9342 0.0139 . . . . 0.83 13.8 0.17 14.27 0.25 0.91 0.02 14
150 GMG4 11 ALA CA C 13.958 -0.632 -3.741 0.9355 -1.6515 0.241  100.0 100.0 100.0 -0.27 2.69 3.46 -1.21 -1 2.73 0.03 -4.325139 4.593286 0.9342 0.0139 . . . . 0.83 13.8 0.17 14.27 0.25 0.91 0.02 14
160 GMG4 12 SER CA C 15.829 -3.935 -3.259 -0.9355 1.6515 -0.241  80.0 100.0 100.0 -0.12 2.62 4.14 -0.05 -1 4.98 0.02 -3.2298846 4.0043216 0.8864 0.0138 . . . . 0.82 13.9 0.18 13.43 0.21 0.79 0.02 13
160 GMG4 12 SER CA C 15.829 -3.935 -3.259 -1.565 -0.956 0.5415  80.0 100.0 100.0 -0.12 2.62 4.14 -0.05 -1 4.98 0.02 -3.2298846 4.0043216 0.8864 0.0138 . . . . 0.82 13.9 0.18 13.43 0.21 0.79 0.02 13
171 GMG4 13 THR CA C 12.699 -5.847 -2.176 1.565 0.956 -0.5415  80.0 100.0 100.0 0.34 0.95 3.04 2.76 -1 6.58 0.04 -4.1897674 4.8228216 0.9679 0.0361 . . 3.9653 1.0379 0.77 19.36 0.57 17.46 0.55 0.91 0.04 27
171 GMG4 13 THR CA C 12.699 -5.847 -2.176 -1.179 0.8565 -1.2375  80.0 100.0 100.0 0.34 0.95 3.04 2.76 -1 6.58 0.04 -4.1897674 4.8228216 0.9679 0.0361 . . 3.9653 1.0379 0.77 19.36 0.57 17.46 0.55 0.91 0.04 27
185 GMG4 14 TRP CA C 10.341 -4.134 -4.651 1.179 -0.8565 1.2375  100.0 63.636364 100.0 0.09 2.49 -0.15 1.65 -1 1.63 0.12 -4.2806687 4.4785666 0.9792 0.0159 . . . . 0.83 16.85 0.42 14.92 0.35 0.85 0.04 62
185 GMG4 14 TRP CA C 10.341 -4.134 -4.651 1.065 -0.475 -1.5115  100.0 63.636364 100.0 0.09 2.49 -0.15 1.65 -1 1.63 0.12 -4.2806687 4.4785666 0.9792 0.0159 . . . . 0.83 16.85 0.42 14.92 0.35 0.85 0.04 62
209 GMG4 15 LYS CA C 12.471 -5.084 -7.674 -1.065 0.475 1.5115  90.90909 100.0 50.0 -0.61 3.13 2.64 -0.82 -1 3.23 0.03 -1.8696662 2.1271048 0.9461 0.0158 . . . . 0.78 15.38 0.19 14.34 0.25 0.89 0.02 21
209 GMG4 15 LYS CA C 12.471 -5.084 -7.674 -0.3785 -1.8395 0.3715  90.90909 100.0 50.0 -0.61 3.13 2.64 -0.82 -1 3.23 0.03 -1.8696662 2.1271048 0.9461 0.0158 . . . . 0.78 15.38 0.19 14.34 0.25 0.89 0.02 21
231 GMG4 16 ASP CA C 11.714 -8.763 -6.931 0.3785 1.8395 -0.3715  75.0 75.0 100.0 -0.36 2.55 -0.15 0.59 -1 7.15 0.02 -1.866461 2.20412 0.8932 0.0157 . . . . 0.79 13.55 0.18 13.75 0.27 0.75 0.02 20
231 GMG4 16 ASP CA C 11.714 -8.763 -6.931 -1.7905 -0.1435 0.6535  75.0 75.0 100.0 -0.36 2.55 -0.15 0.59 -1 7.15 0.02 -1.866461 2.20412 0.8932 0.0157 . . . . 0.79 13.55 0.18 13.75 0.27 0.75 0.02 20
243 GMG4 17 ILE CA C 8.133 -9.050 -5.624 1.7905 0.1435 -0.6535  100.0 100.0 100.0 -1.01 1.76 -1.1 0.4 -1 4.42 0.10 -6.0357404 5.6473827 0.9498 0.0239 . . . . 0.81 16.67 0.6 14.72 0.56 0.8 0.05 34
243 GMG4 17 ILE CA C 8.133 -9.050 -5.624 -0.691 1.2275 -1.289  100.0 100.0 100.0 -1.01 1.76 -1.1 0.4 -1 4.42 0.10 -6.0357404 5.6473827 0.9498 0.0239 . . . . 0.81 16.67 0.6 14.72 0.56 0.8 0.05 34
262 GMG4 18 ALA CA C 6.751 -6.595 -8.202 0.691 -1.2275 1.289  100.0 100.0 100.0 -1.29 0.01 1.79 -1.86 -1 3.26 0.05 . . 0.9267 0.0372 . . 1.1073 0.8573 0.87 14.89 0.27 15.08 0.31 0.75 0.03 34
262 GMG4 18 ALA CA C 6.751 -6.595 -8.202 1.23 -0.451 -1.399  100.0 100.0 100.0 -1.29 0.01 1.79 -1.86 -1 3.26 0.05 . . 0.9267 0.0372 . . 1.1073 0.8573 0.87 14.89 0.27 15.08 0.31 0.75 0.03 34
272 GMG4 19 GLY CA C 9.211 -7.497 -11.000 -1.23 0.451 1.399  100.0 100.0 100.0 -0.27 1.49 2.14 -0.27 -1 . . -3.7447276 4.4166403 0.8755 0.0392 . . 0.8184 0.8064 0.82 14.31 0.24 14.14 0.33 0.77 0.03 15
272 GMG4 19 GLY CA C 9.211 -7.497 -11.000 -1.2615 0.067 -1.434  100.0 100.0 100.0 -0.27 1.49 2.14 -0.27 -1 . . -3.7447276 4.4166403 0.8755 0.0392 . . 0.8184 0.8064 0.82 14.31 0.24 14.14 0.33 0.77 0.03 15
279 GMG4 20 SER CA C 6.688 -7.363 -13.868 1.2615 -0.067 1.434  80.0 100.0 100.0 0.21 -0.81 0.34 1.08 0 8.80 0.02 . . 0.8794 0.0167 . . . . 0.83 13.21 0.22 13.45 0.3 0.96 0.03 13
279 GMG4 20 SER CA C 6.688 -7.363 -13.868 -1.6365 -0.272 0.9485  80.0 100.0 100.0 0.21 -0.81 0.34 1.08 0 8.80 0.02 . . 0.8794 0.0167 . . . . 0.83 13.21 0.22 13.45 0.3 0.96 0.03 13
290 GMG4 21 ASP CA C 3.415 -7.907 -11.971 1.6365 0.272 -0.9485  100.0 75.0 100.0 0.09 -1.55 -0.76 0.23 1 8.71 0.01 -1.493495 2.0086002 0.9266 0.0154 . . . . 0.85 14.48 0.21 14 0.27 0.96 0.02 22
290 GMG4 21 ASP CA C 3.415 -7.907 -11.971 0.4215 1.568 1.017  100.0 75.0 100.0 0.09 -1.55 -0.76 0.23 1 8.71 0.01 -1.493495 2.0086002 0.9266 0.0154 . . . . 0.85 14.48 0.21 14 0.27 0.96 0.02 22
302 GMG4 22 ASN CA C 4.258 -4.771 -9.937 -0.4215 -1.568 -1.017  100.0 75.0 100.0 -0.41 0.41 -0.12 -1.04 0 5.34 0.02 -4.218963 5.0170336 0.9907 0.0141 . . . . 0.87 15.95 0.28 15.12 0.31 0.9 0.03 27
302 GMG4 22 ASN CA C 4.258 -4.771 -9.937 -0.715 -0.937 1.5045  100.0 75.0 100.0 -0.41 0.41 -0.12 -1.04 0 5.34 0.02 -4.218963 5.0170336 0.9907 0.0141 . . . . 0.87 15.95 0.28 15.12 0.31 0.9 0.03 27
316 GMG4 23 GLY CA C 2.828 -6.645 -6.928 0.715 0.937 -1.5045  100.0 100.0 100.0 -0.55 -0.3 1.46 -0.21 -1 5.16 0.05 -4.5272436 5.5171957 0.9558 0.0195 . . . . 0.87 14.79 0.38 15.08 0.45 0.86 0.04 20
316 GMG4 23 GLY CA C 2.828 -6.645 -6.928 -1.5145 -0.762 -0.8815  100.0 100.0 100.0 -0.55 -0.3 1.46 -0.21 -1 5.16 0.05 -4.5272436 5.5171957 0.9558 0.0195 . . . . 0.87 14.79 0.38 15.08 0.45 0.86 0.04 20
323 GMG4 24 ALA CA C -0.201 -8.169 -8.691 1.5145 0.762 0.8815  100.0 100.0 100.0 -0.71 4.97 4.11 -1.3 -1 1.34 0.09 -4.630784 5.20412 0.9808 0.0313 . . 1.5719 0.8006 0.87 18.34 0.29 15.75 0.24 0.89 0.02 24
323 GMG4 24 ALA CA C -0.201 -8.169 -8.691 0.014 -1.473 1.218  100.0 100.0 100.0 -0.71 4.97 4.11 -1.3 -1 1.34 0.09 -4.630784 5.20412 0.9808 0.0313 . . 1.5719 0.8006 0.87 18.34 0.29 15.75 0.24 0.89 0.02 24
333 GMG4 25 GLY CA C -0.173 -11.115 -6.255 -0.014 1.473 -1.218  100.0 100.0 100.0 -0.28 1.68 3.24 -0.28 -1 5.67 0.04 -2.048177 2.7209857 0.9451 0.0229 . . . . 0.86 15.21 0.4 14.74 0.53 0.85 0.04 13
333 GMG4 25 GLY CA C -0.173 -11.115 -6.255 0.458 1.1885 1.428  100.0 100.0 100.0 -0.28 1.68 3.24 -0.28 -1 5.67 0.04 -2.048177 2.7209857 0.9451 0.0229 . . . . 0.86 15.21 0.4 14.74 0.53 0.85 0.04 13
340 GMG4 26 VAL CA C 0.743 -8.738 -3.399 -0.458 -1.1885 -1.428  100.0 100.0 100.0 -0.03 0.76 0.92 -0.78 0 6.51 0.04 -3.9318142 3.8195438 0.9195 0.0207 . . . . 0.87 15.15 0.32 13.74 0.41 0.89 0.03 41
340 GMG4 26 VAL CA C 0.743 -8.738 -3.399 -1.5685 1.089 0.0515  100.0 100.0 100.0 -0.03 0.76 0.92 -0.78 0 6.51 0.04 -3.9318142 3.8195438 0.9195 0.0207 . . . . 0.87 15.15 0.32 13.74 0.41 0.89 0.03 41
356 GMG4 27 GLY CA C -2.394 -6.560 -3.296 1.5685 -1.089 -0.0515  100.0 100.0 100.0 -0.71 2.54 3.29 -0.58 -1 . . . . 0.9189 0.0249 . . . . 0.85 15.05 0.37 13.64 0.52 0.87 0.04 18
356 GMG4 27 GLY CA C -2.394 -6.560 -3.296 -1.2635 -1.3635 -0.443  100.0 100.0 100.0 -0.71 2.54 3.29 -0.58 -1 . . . . 0.9189 0.0249 . . . . 0.85 15.05 0.37 13.64 0.52 0.87 0.04 18
363 GMG4 28 LYS CA C -4.921 -9.287 -4.182 1.2635 1.3635 0.443  90.90909 100.0 50.0 -0.53 0.62 1.77 -1.17 -1 2.29 0.04 -4.2182446 4.752816 . . . . . . 0.87 14.73 0.17 . . 0.91 0.02 22
363 GMG4 28 LYS CA C -4.921 -9.287 -4.182 0.6765 -1.034 1.4595  90.90909 100.0 50.0 -0.53 0.62 1.77 -1.17 -1 2.29 0.04 -4.2182446 4.752816 . . . . . . 0.87 14.73 0.17 . . 0.91 0.02 22
385 GMG4 29 GLU CA C -3.568 -11.355 -1.263 -0.6765 1.034 -1.4595  100.0 80.0 100.0 -0.4 2.88 0.38 -0.84 -1 . . -3.1643095 3.2671716 0.9593 0.0149 . . . . 0.86 15.01 0.18 14.58 0.26 0.94 0.02 9
385 GMG4 29 GLU CA C -3.568 -11.355 -1.263 0.275 1.5095 1.1405  100.0 80.0 100.0 -0.4 2.88 0.38 -0.84 -1 . . -3.1643095 3.2671716 0.9593 0.0149 . . . . 0.86 15.01 0.18 14.58 0.26 0.94 0.02 9
400 GMG4 30 CYS CA C -3.018 -8.336 1.018 -0.275 -1.5095 -1.1405  100.0 100.0 100.0 -0.97 2.58 0.53 -2.18 -1 2.10 0.09 . . 0.963 0.0204 . . . . 0.87 16.05 0.28 14.61 0.35 0.86 0.03 20
400 GMG4 30 CYS CA C -3.018 -8.336 1.018 -1.654 0.948 -0.1335  100.0 100.0 100.0 -0.97 2.58 0.53 -2.18 -1 2.10 0.09 . . 0.963 0.0204 . . . . 0.87 16.05 0.28 14.61 0.35 0.86 0.03 20
411 GMG4 31 PHE CA C -6.326 -6.440 0.751 1.654 -0.948 0.1335  100.0 77.77778 100.0 -1.06 4.69 1.28 -0.74 -1 4.94 0.05 -5.850781 6.4742165 0.9635 0.0194 . . . . 0.85 16.26 0.31 14.48 0.36 0.85 0.03 45
411 GMG4 31 PHE CA C -6.326 -6.440 0.751 -0.885 -1.6955 0.0175  100.0 77.77778 100.0 -1.06 4.69 1.28 -0.74 -1 4.94 0.05 -5.850781 6.4742165 0.9635 0.0194 . . . . 0.85 16.26 0.31 14.48 0.36 0.85 0.03 45
431 GMG4 32 THR CA C -8.096 -9.831 0.786 0.885 1.6955 -0.0175  80.0 100.0 100.0 -0.24 4.04 -0.15 0.51 -1 4.30 0.04 -5.276544 5.6711726 1 0.011 . . . . 0.85 16.99 0.26 15.5 0.3 0.94 0.02 14
431 GMG4 32 THR CA C -8.096 -9.831 0.786 0.489 -0.347 1.8145  80.0 100.0 100.0 -0.24 4.04 -0.15 0.51 -1 4.30 0.04 -5.276544 5.6711726 1 0.011 . . . . 0.85 16.99 0.26 15.5 0.3 0.94 0.02 14
445 GMG4 33 LYS CA C -7.118 -10.525 4.415 -0.489 0.347 -1.8145  90.90909 100.0 50.0 -0.47 2.76 3.1 -1.15 -1 3.23 0.03 -3.6615436 4.2253094 . . . . . . 0.87 14.73 0.17 . . 0.91 0.02 19
445 GMG4 33 LYS CA C -7.118 -10.525 4.415 -0.3275 1.8385 0.407  90.90909 100.0 50.0 -0.47 2.76 3.1 -1.15 -1 3.23 0.03 -3.6615436 4.2253094 . . . . . . 0.87 14.73 0.17 . . 0.91 0.02 19
467 GMG4 34 PHE CA C -7.773 -6.848 5.229 0.3275 -1.8385 -0.407  88.888885 33.333332 100.0 -0.21 1.94 1.54 0.31 -1 2.94 0.08 -4.209715 4.4969296 0.8842 0.0197 . . . . 0.86 13.2 0.26 13.77 0.38 0.84 0.03 45
467 GMG4 34 PHE CA C -7.773 -6.848 5.229 -1.7765 -0.0075 -0.704  88.888885 33.333332 100.0 -0.21 1.94 1.54 0.31 -1 2.94 0.08 -4.209715 4.4969296 0.8842 0.0197 . . . . 0.86 13.2 0.26 13.77 0.38 0.84 0.03 45
487 GMG4 35 LEU CA C -11.326 -6.863 3.821 1.7765 0.0075 0.704  100.0 100.0 100.0 -0.38 1.21 1.78 -0.97 -1 4.40 0.04 . . 0.9479 0.0182 . . . . 0.86 14.35 0.25 14.65 0.34 0.91 0.03 43
487 GMG4 35 LEU CA C -11.326 -6.863 3.821 -0.3275 -1.625 0.9525  100.0 100.0 100.0 -0.38 1.21 1.78 -0.97 -1 4.40 0.04 . . 0.9479 0.0182 . . . . 0.86 14.35 0.25 14.65 0.34 0.91 0.03 43
506 GMG4 36 SER CA C -11.981 -10.113 5.726 0.3275 1.625 -0.9525  80.0 100.0 100.0 -0.34 2.66 1.13 -0.4 -1 4.85 0.02 -3.5171263 4.079181 0.9422 0.0152 . . . . 0.84 16.55 0.23 14.25 0.26 0.82 0.02 12
506 GMG4 36 SER CA C -11.981 -10.113 5.726 0.7505 0.453 1.6995  80.0 100.0 100.0 -0.34 2.66 1.13 -0.4 -1 4.85 0.02 -3.5171263 4.079181 0.9422 0.0152 . . . . 0.84 16.55 0.23 14.25 0.26 0.82 0.02 12
517 GMG4 37 ALA CA C -10.480 -9.207 9.125 -0.7505 -0.453 -1.6995  100.0 100.0 100.0 -0.22 0.11 -0.03 0.36 0 . . . . . . . . . . 0.83 13.63 0.11 . . 0.91 0.01 14
517 GMG4 37 ALA CA C -10.480 -9.207 9.125 -0.796 1.705 -0.3315  100.0 100.0 100.0 -0.22 0.11 -0.03 0.36 0 . . . . . . . . . . 0.83 13.63 0.11 . . 0.91 0.01 14
527 GMG4 38 HIS CA C -12.072 -5.797 8.462 0.796 -1.705 0.3315  62.5 66.666664 100.0 0.17 -3.07 -0.58 -4.07 1 9.30 0.01 . . 0.8509 0.0119 . . . . 0.8 13.26 0.14 12.91 0.22 0.84 0.02 29
527 GMG4 38 HIS CA C -12.072 -5.797 8.462 -1.8445 -0.182 -0.465  62.5 66.666664 100.0 0.17 -3.07 -0.58 -4.07 1 9.30 0.01 . . 0.8509 0.0119 . . . . 0.8 13.26 0.14 12.91 0.22 0.84 0.02 29
545 GMG4 39 HIS CA C -15.761 -6.161 7.532 1.8445 0.182 0.465  75.0 83.333336 100.0 -0.16 2.67 1.93 -4.28 -1 2.51 0.06 . . 0.8682 0.0162 25.5797 6.4884 . . 0.76 12.96 0.22 13.27 0.29 1.05 0.03 23
545 GMG4 39 HIS CA C -15.761 -6.161 7.532 -0.2915 1.8585 0.336  75.0 83.333336 100.0 -0.16 2.67 1.93 -4.28 -1 2.51 0.06 . . 0.8682 0.0162 25.5797 6.4884 . . 0.76 12.96 0.22 13.27 0.29 1.05 0.03 23
563 GMG4 40 ASP CA C -16.344 -2.444 8.204 0.2915 -1.8585 -0.336  100.0 75.0 100.0 -0.31 1.16 -0.46 -2.32 -1 5.11 0.01 . . 0.927 0.0107 37.859 30.4854 . . 0.78 13.6 0.15 14.09 0.19 1.07 0.02 11
563 GMG4 40 ASP CA C -16.344 -2.444 8.204 1.0885 0.381 -1.5255  100.0 75.0 100.0 -0.31 1.16 -0.46 -2.32 -1 5.11 0.01 . . 0.927 0.0107 37.859 30.4854 . . 0.78 13.6 0.15 14.09 0.19 1.07 0.02 11
575 GMG4 41 MET CA C -14.167 -1.682 5.153 -1.0885 -0.381 1.5255  100.0 100.0 100.0 0.06 -2.11 3.04 -1.11 -1 5.84 0.03 -1.9172146 2.220108 0.9333 0.0193 . . . . 0.82 15.93 0.28 14.05 0.33 0.84 0.03 50
575 GMG4 41 MET CA C -14.167 -1.682 5.153 -0.4775 -1.491 -1.1  100.0 100.0 100.0 0.06 -2.11 3.04 -1.11 -1 5.84 0.03 -1.9172146 2.220108 0.9333 0.0193 . . . . 0.82 15.93 0.28 14.05 0.33 0.84 0.03 50
592 GMG4 42 ALA CA C -15.122 -4.664 2.953 0.4775 1.491 1.1  100.0 100.0 100.0 -0.37 4.79 2.16 -3.14 -1 2.87 0.04 . . 0.8748 0.0136 . . . . 0.83 15.74 0.22 12.89 0.24 0.92 0.02 29
592 GMG4 42 ALA CA C -15.122 -4.664 2.953 -1.536 1.0205 -0.503  100.0 100.0 100.0 -0.37 4.79 2.16 -3.14 -1 2.87 0.04 . . 0.8748 0.0136 . . . . 0.83 15.74 0.22 12.89 0.24 0.92 0.02 29
602 GMG4 43 ALA CA C -18.194 -2.623 1.947 1.536 -1.0205 0.503  100.0 100.0 100.0 -0.05 1.89 2.7 -0.52 -1 3.46 0.02 . . 0.8519 0.0118 . . . . 0.79 13.3 0.16 12.85 0.19 0.89 0.02 18
602 GMG4 43 ALA CA C -18.194 -2.623 1.947 1.088 1.5535 -0.2365  100.0 100.0 100.0 -0.05 1.89 2.7 -0.52 -1 3.46 0.02 . . 0.8519 0.0118 . . . . 0.79 13.3 0.16 12.85 0.19 0.89 0.02 18
612 GMG4 44 VAL CA C -16.018 0.484 1.474 -1.088 -1.5535 0.2365  100.0 100.0 100.0 -0.2 2.09 -0.6 -0.33 -1 6.13 0.04 -3.109579 2.8363242 0.8775 0.0172 . . . . 0.85 12.79 0.23 13.77 0.33 0.88 0.03 40
612 GMG4 44 VAL CA C -16.018 0.484 1.474 1.0625 -0.865 -1.333  100.0 100.0 100.0 -0.2 2.09 -0.6 -0.33 -1 6.13 0.04 -3.109579 2.8363242 0.8775 0.0172 . . . . 0.85 12.79 0.23 13.77 0.33 0.88 0.03 40
628 GMG4 45 PHE CA C -13.893 -1.246 -1.192 -1.0625 0.865 1.333  100.0 88.888885 100.0 0.02 2.06 -0.49 2.18 -1 2.40 0.02 . . 0.8769 0.0217 . . . . 0.84 13.34 0.3 13.57 0.43 0.86 0.04 74
628 GMG4 45 PHE CA C -13.893 -1.246 -1.192 -1.485 -0.76 -0.9325  100.0 88.888885 100.0 0.02 2.06 -0.49 2.18 -1 2.40 0.02 . . 0.8769 0.0217 . . . . 0.84 13.34 0.3 13.57 0.43 0.86 0.04 74
648 GMG4 46 GLY CA C -16.863 -2.766 -3.057 1.485 0.76 0.9325  100.0 100.0 100.0 -0.2 0.13 4.5 0.2 -1 6.56 0.04 -2.7281585 3.460898 0.8229 0.0205 . . . . 0.83 13.01 0.31 12.25 0.42 0.81 0.04 13
648 GMG4 46 GLY CA C -16.863 -2.766 -3.057 0.125 -1.8655 0.395  100.0 100.0 100.0 -0.2 0.13 4.5 0.2 -1 6.56 0.04 -2.7281585 3.460898 0.8229 0.0205 . . . . 0.83 13.01 0.31 12.25 0.42 0.81 0.04 13
655 GMG4 47 PHE CA C -16.613 -6.497 -2.267 -0.125 1.8655 -0.395  100.0 77.77778 100.0 0.67 -4.07 0.55 2.48 1 7.57 0.02 -3.2856703 3.622214 0.9052 0.0124 . . . . 0.86 15.14 0.16 13.64 0.2 0.85 0.02 52
655 GMG4 47 PHE CA C -16.613 -6.497 -2.267 -1.1065 -1.265 0.9085  100.0 77.77778 100.0 0.67 -4.07 0.55 2.48 1 7.57 0.02 -3.2856703 3.622214 0.9052 0.0124 . . . . 0.86 15.14 0.16 13.64 0.2 0.85 0.02 52
675 GMG4 48 SER CA C -18.826 -9.027 -0.450 1.1065 1.265 -0.9085  80.0 100.0 100.0 -0.19 1.09 1.32 0.19 -1 5.10 0.09 . . 0.8688 0.0213 . . . . 0.79 13.34 0.37 13.46 0.5 0.83 0.05 14
675 GMG4 48 SER CA C -18.826 -9.027 -0.450 1.4295 -0.7345 1.034  80.0 100.0 100.0 -0.19 1.09 1.32 0.19 -1 5.10 0.09 . . 0.8688 0.0213 . . . . 0.79 13.34 0.37 13.46 0.5 0.83 0.05 14
686 GMG4 49 GLY CA C -15.967 -10.496 1.618 -1.4295 0.7345 -1.034  100.0 100.0 100.0 -0.33 -0.99 -1.28 0.34 1 4.45 0.03 . . 0.751 0.0115 25.5927 2.9907 . . 0.65 11.74 0.12 11.29 0.19 0.87 0.02 18
686 GMG4 49 GLY CA C -15.967 -10.496 1.618 1.7935 -0.605 -0.263  100.0 100.0 100.0 -0.33 -0.99 -1.28 0.34 1 4.45 0.03 . . 0.751 0.0115 25.5927 2.9907 . . 0.65 11.74 0.12 11.29 0.19 0.87 0.02 18
693 GMG4 50 ALA CA C -12.380 -11.706 1.092 -1.7935 0.605 0.263  100.0 100.0 100.0 -0.56 1.72 -0.87 0.44 -1 3.20 0.03 . . 0.8203 0.0123 18.4705 5.094 . . 0.76 11.94 0.15 12.54 0.21 0.87 0.02 19
693 GMG4 50 ALA CA C -12.380 -11.706 1.092 -0.5605 -1.151 -1.419  100.0 100.0 100.0 -0.56 1.72 -0.87 0.44 -1 3.20 0.03 . . 0.8203 0.0123 18.4705 5.094 . . 0.76 11.94 0.15 12.54 0.21 0.87 0.02 19
703 GMG4 51 SER CA C -13.501 -14.008 -1.746 0.5605 1.151 1.419  80.0 100.0 100.0 -0.27 -1.05 -0.07 0.16 1 8.00 0.01 . . 0.8266 0.0126 14.1714 4.9588 . . 0.77 13.42 0.15 12.47 0.21 0.8 0.02 14
703 GMG4 51 SER CA C -13.501 -14.008 -1.746 -0.3505 1.3255 -1.332  80.0 100.0 100.0 -0.27 -1.05 -0.07 0.16 1 8.00 0.01 . . 0.8266 0.0126 14.1714 4.9588 . . 0.77 13.42 0.15 12.47 0.21 0.8 0.02 14
714 GMG4 52 ASP CA C -14.202 -11.357 -4.410 0.3505 -1.3255 1.332  100.0 75.0 100.0 -0.34 -1.52 -1.47 0.83 1 2.92 0.06 -1.3695722 1.8853612 0.8462 0.014 15.4382 5.1817 . . 0.79 14.28 0.18 12.56 0.23 0.96 0.02 23
714 GMG4 52 ASP CA C -14.202 -11.357 -4.410 1.162 0.208 -1.4885  100.0 75.0 100.0 -0.34 -1.52 -1.47 0.83 1 2.92 0.06 -1.3695722 1.8853612 0.8462 0.014 15.4382 5.1817 . . 0.79 14.28 0.18 12.56 0.23 0.96 0.02 23
725 GMG4 53 PRO CA C -11.878 -10.941 -7.387 -1.162 -0.208 1.4885  100.0 80.0 0.0 -0.29 1.33 0.0 -0.22 -1 . . . . . . . . . . . . . . . . . 10
725 GMG4 53 PRO CA C -11.878 -10.941 -7.387 -0.268 1.8865 0.157  100.0 80.0 0.0 -0.29 1.33 0.0 -0.22 -1 . . . . . . . . . . . . . . . . . 10
740 GMG4 54 GLY CA C -12.414 -7.168 -7.073 0.268 -1.8865 -0.157  100.0 100.0 100.0 -0.13 0.79 3.78 -0.49 -1 4.66 0.06 . . 0.9008 0.0227 38.1863 42.6398 . . 0.76 14.15 0.36 14.03 0.42 0.82 0.04 17
740 GMG4 54 GLY CA C -12.414 -7.168 -7.073 1.296 -0.0175 1.4015  100.0 100.0 100.0 -0.13 0.79 3.78 -0.49 -1 4.66 0.06 . . 0.9008 0.0227 38.1863 42.6398 . . 0.76 14.15 0.36 14.03 0.42 0.82 0.04 17
747 GMG4 55 VAL CA C -9.822 -7.203 -4.270 -1.296 0.0175 -1.4015  100.0 100.0 100.0 -1.47 2.81 -0.23 -1.28 -1 3.64 0.05 -2.5734887 2.462398 0.9576 0.0174 . . . . 0.84 16.15 0.26 14.46 0.31 0.86 0.02 47
747 GMG4 55 VAL CA C -9.822 -7.203 -4.270 1.3795 -0.517 -1.2145  100.0 100.0 100.0 -1.47 2.81 -0.23 -1.28 -1 3.64 0.05 -2.5734887 2.462398 0.9576 0.0174 . . . . 0.84 16.15 0.26 14.46 0.31 0.86 0.02 47
763 GMG4 56 ALA CA C -7.063 -8.237 -6.699 -1.3795 0.517 1.2145  100.0 100.0 100.0 -0.94 2.68 2.62 -0.87 -1 4.54 0.01 . . . . . . . . 0.83 14.81 0.15 . . 0.84 0.02 23
763 GMG4 56 ALA CA C -7.063 -8.237 -6.699 -0.634 1.479 -1.0295  100.0 100.0 100.0 -0.94 2.68 2.62 -0.87 -1 4.54 0.01 . . . . . . . . 0.83 14.81 0.15 . . 0.84 0.02 23
773 GMG4 57 ASP CA C -8.331 -5.279 -8.758 0.634 -1.479 1.0295  100.0 75.0 100.0 -0.64 2.75 0.34 -0.05 -1 4.25 0.02 . . 0.9241 0.0112 . . . . 0.8 13.9 0.13 14.11 0.18 0.82 0.02 15
773 GMG4 57 ASP CA C -8.331 -5.279 -8.758 0.355 1.246 1.405  100.0 75.0 100.0 -0.64 2.75 0.34 -0.05 -1 4.25 0.02 . . 0.9241 0.0112 . . . . 0.8 13.9 0.13 14.11 0.18 0.82 0.02 15
785 GMG4 58 LEU CA C -7.621 -2.787 -5.948 -0.355 -1.246 -1.405  100.0 100.0 100.0 -0.91 1.08 0.4 -2.65 -1 3.64 0.03 . . . . . . . . 0.83 13.93 0.12 . . 0.92 0.01 66
785 GMG4 58 LEU CA C -7.621 -2.787 -5.948 1.5625 -0.7535 0.805  100.0 100.0 100.0 -0.91 1.08 0.4 -2.65 -1 3.64 0.03 . . . . . . . . 0.83 13.93 0.12 . . 0.92 0.01 66
804 GMG4 59 GLY CA C -4.496 -4.294 -4.338 -1.5625 0.7535 -0.805  100.0 100.0 100.0 -1.43 1.72 1.62 -1.61 -1 4.71 0.05 -4.1390634 4.604226 0.9539 0.0201 . . . . 0.85 15.21 0.32 14.64 0.41 0.89 0.03 19
804 GMG4 59 GLY CA C -4.496 -4.294 -4.338 0.7585 -0.277 -1.7325  100.0 100.0 100.0 -1.43 1.72 1.62 -1.61 -1 4.71 0.05 -4.1390634 4.604226 0.9539 0.0201 . . . . 0.85 15.21 0.32 14.64 0.41 0.89 0.03 19
811 GMG4 60 ALA CA C -2.979 -4.848 -7.803 -0.7585 0.277 1.7325  100.0 100.0 100.0 -0.36 2.58 3.04 -1.24 -1 3.96 0.03 -3.3089185 3.8830934 0.9562 0.016 . . . . 0.83 14.33 0.19 14.63 0.26 0.96 0.02 22
811 GMG4 60 ALA CA C -2.979 -4.848 -7.803 -0.3495 1.8425 -0.3675  100.0 100.0 100.0 -0.36 2.58 3.04 -1.24 -1 3.96 0.03 -3.3089185 3.8830934 0.9562 0.016 . . . . 0.83 14.33 0.19 14.63 0.26 0.96 0.02 22
821 GMG4 61 LYS CA C -3.678 -1.163 -8.538 0.3495 -1.8425 0.3675  90.90909 116.666664 50.0 -0.31 2.99 3.56 -0.31 -1 . . -3.801343 4.1673174 0.9243 0.018 . . . . 0.85 13.45 0.2 14.6 0.34 0.89 0.02 18
821 GMG4 61 LYS CA C -3.678 -1.163 -8.538 0.5085 0.537 1.762  90.90909 116.666664 50.0 -0.31 2.99 3.56 -0.31 -1 . . -3.801343 4.1673174 0.9243 0.018 . . . . 0.85 13.45 0.2 14.6 0.34 0.89 0.02 18
843 GMG4 62 VAL CA C -2.661 -0.089 -5.014 -0.5085 -0.537 -1.762  100.0 100.0 100.0 -0.63 3.09 0.27 -1.35 -1 . . -6.06148 5.9003673 0.9138 0.0186 . . . . 0.85 13.3 0.25 14.24 0.33 0.88 0.03 52
843 GMG4 62 VAL CA C -2.661 -0.089 -5.014 1.6495 -0.966 0.036  100.0 100.0 100.0 -0.63 3.09 0.27 -1.35 -1 . . -6.06148 5.9003673 0.9138 0.0186 . . . . 0.85 13.3 0.25 14.24 0.33 0.88 0.03 52
859 GMG4 63 LEU CA C 0.638 -2.021 -4.942 -1.6495 0.966 -0.036  100.0 100.0 100.0 -0.15 -0.5 1.64 -3.99 -1 3.13 0.08 . . 0.9735 0.0195 . . . . 0.86 15.64 0.29 14.94 0.41 0.85 0.03 42
859 GMG4 63 LEU CA C 0.638 -2.021 -4.942 0.556 0.9385 -1.5705  100.0 100.0 100.0 -0.15 -0.5 1.64 -3.99 -1 3.13 0.08 . . 0.9735 0.0195 . . . . 0.86 15.64 0.29 14.94 0.41 0.85 0.03 42
878 GMG4 64 ALA CA C 1.750 -0.144 -8.083 -0.556 -0.9385 1.5705  100.0 100.0 100.0 0.02 2.64 3.69 -1.26 -1 3.50 0.03 -6.4089355 6.6074553 0.9355 0.0394 . . 1.8352 0.9506 0.86 16.38 0.22 15.47 0.26 0.85 0.02 25
878 GMG4 64 ALA CA C 1.750 -0.144 -8.083 -0.183 1.646 0.955  100.0 100.0 100.0 0.02 2.64 3.69 -1.26 -1 3.50 0.03 -6.4089355 6.6074553 0.9355 0.0394 . . 1.8352 0.9506 0.86 16.38 0.22 15.47 0.26 0.85 0.02 25
888 GMG4 65 GLN CA C 1.384 3.148 -6.173 0.183 -1.646 -0.955  100.0 80.0 100.0 -0.02 1.91 2.5 -1.25 -1 4.94 0.03 -6.4089355 6.8739014 0.9732 0.017 . . . . 0.86 15.93 0.25 15 0.32 0.85 0.02 47
888 GMG4 65 GLN CA C 1.384 3.148 -6.173 1.186 -0.603 1.3695  100.0 80.0 100.0 -0.02 1.91 2.5 -1.25 -1 4.94 0.03 -6.4089355 6.8739014 0.9732 0.017 . . . . 0.86 15.93 0.25 15 0.32 0.85 0.02 47
905 GMG4 66 ILE CA C 3.756 1.942 -3.434 -1.186 0.603 -1.3695  100.0 116.666664 100.0 -0.13 2.84 -0.15 -1.11 -1 4.18 0.05 -5.7166986 5.604226 0.9249 0.0197 . . . . 0.85 14.28 0.29 14.23 0.39 0.88 0.03 41
905 GMG4 66 ILE CA C 3.756 1.942 -3.434 1.172 -0.5315 -1.412  100.0 116.666664 100.0 -0.13 2.84 -0.15 -1.11 -1 4.18 0.05 -5.7166986 5.604226 0.9249 0.0197 . . . . 0.85 14.28 0.29 14.23 0.39 0.88 0.03 41
924 GMG4 67 GLY CA C 6.100 0.879 -6.258 -1.172 0.5315 1.412  100.0 100.0 100.0 -1.6 3.02 3.12 -0.27 -1 4.82 0.04 . . 0.9543 0.0187 . . . . 0.88 15.87 0.3 14.62 0.35 0.8 0.03 25
924 GMG4 67 GLY CA C 6.100 0.879 -6.258 0.0535 1.766 -0.7215  100.0 100.0 100.0 -1.6 3.02 3.12 -0.27 -1 4.82 0.04 . . 0.9543 0.0187 . . . . 0.88 15.87 0.3 14.62 0.35 0.8 0.03 25
931 GMG4 68 VAL CA C 6.207 4.411 -7.701 -0.0535 -1.766 0.7215  100.0 100.0 100.0 -0.56 2.85 1.85 -0.55 -1 4.36 0.03 -5.2343316 5.123852 0.9474 0.0158 . . . . 0.85 16.72 0.25 14.26 0.28 0.91 0.02 24
931 GMG4 68 VAL CA C 6.207 4.411 -7.701 0.1315 0.6245 1.7995  100.0 100.0 100.0 -0.56 2.85 1.85 -0.55 -1 4.36 0.03 -5.2343316 5.123852 0.9474 0.0158 . . . . 0.85 16.72 0.25 14.26 0.28 0.91 0.02 24
947 GMG4 69 ALA CA C 6.470 5.660 -4.102 -0.1315 -0.6245 -1.7995  100.0 100.0 100.0 -0.3 3.64 3.16 -1.25 -1 3.77 0.04 . . 0.9663 0.0177 . . . . 0.86 16.4 0.29 14.75 0.32 0.83 0.03 28
947 GMG4 69 ALA CA C 6.470 5.660 -4.102 1.42 -1.212 0.4095  100.0 100.0 100.0 -0.3 3.64 3.16 -1.25 -1 3.77 0.04 . . 0.9663 0.0177 . . . . 0.86 16.4 0.29 14.75 0.32 0.83 0.03 28
957 GMG4 70 VAL CA C 9.310 3.236 -3.283 -1.42 1.212 -0.4095  100.0 100.0 100.0 -0.63 2.63 2.1 -1.03 -1 3.06 0.05 . . 0.9294 0.0394 . . 2.5197 0.9835 0.86 16.68 0.28 15.98 0.35 0.86 0.02 36
957 GMG4 70 VAL CA C 9.310 3.236 -3.283 1.1055 0.988 -1.209  100.0 100.0 100.0 -0.63 2.63 2.1 -1.03 -1 3.06 0.05 . . 0.9294 0.0394 . . 2.5197 0.9835 0.86 16.68 0.28 15.98 0.35 0.86 0.02 36
973 GMG4 71 SER CA C 11.521 5.212 -5.701 -1.1055 -0.988 1.209  80.0 100.0 100.0 -0.27 2.63 1.11 -0.27 -1 3.72 0.04 -3.5058453 4.139879 0.9909 0.0127 . . . . 0.84 16.54 0.23 15.11 0.3 0.91 0.02 10
973 GMG4 71 SER CA C 11.521 5.212 -5.701 -0.04 1.5415 1.1345  80.0 100.0 100.0 -0.27 2.63 1.11 -0.27 -1 3.72 0.04 -3.5058453 4.139879 0.9909 0.0127 . . . . 0.84 16.54 0.23 15.11 0.3 0.91 0.02 10
984 GMG4 72 HIS CA C 11.441 8.295 -3.432 0.04 -1.5415 -1.1345  62.5 66.666664 100.0 0.56 -2.34 0.18 -2.75 1 8.97 0.02 . . 0.9564 0.0165 . . . . 0.86 15.57 0.22 14.62 0.31 0.86 0.02 24
984 GMG4 72 HIS CA C 11.441 8.295 -3.432 -0.452 -0.447 1.8105  62.5 66.666664 100.0 0.56 -2.34 0.18 -2.75 1 8.97 0.02 . . 0.9564 0.0165 . . . . 0.86 15.57 0.22 14.62 0.31 0.86 0.02 24
1002 GMG4 73 LEU CA C 10.537 7.401 0.189 0.452 0.447 -1.8105  100.0 100.0 100.0 -0.24 2.03 0.32 -0.07 -1 . . . . . . . . . . 0.83 13.93 0.12 . . 0.92 0.01 41
1002 GMG4 73 LEU CA C 10.537 7.401 0.189 0.7465 1.589 0.758  100.0 100.0 100.0 -0.24 2.03 0.32 -0.07 -1 . . . . . . . . . . 0.83 13.93 0.12 . . 0.92 0.01 41
1021 GMG4 74 GLY CA C 12.030 10.579 1.705 -0.7465 -1.589 -0.758  100.0 100.0 100.0 -0.3 -0.11 -0.51 -0.05 0 5.40 0.03 . . 0.9074 0.0159 . . . . 0.83 14.85 0.23 13.59 0.26 0.89 0.02 14
1021 GMG4 74 GLY CA C 12.030 10.579 1.705 -0.083 0.8855 -1.691  100.0 100.0 100.0 -0.3 -0.11 -0.51 -0.05 0 5.40 0.03 . . 0.9074 0.0159 . . . . 0.83 14.85 0.23 13.59 0.26 0.89 0.02 14
1028 GMG4 75 ASP CA C 11.864 12.350 -1.677 0.083 -0.8855 1.691  100.0 75.0 100.0 0.03 -1.95 -2.84 1.4 1 8.95 0.01 . . 0.8388 0.0124 . . . . 0.81 13.95 0.14 12.58 0.21 0.83 0.02 17
1028 GMG4 75 ASP CA C 11.864 12.350 -1.677 -1.6825 0.8625 0.2795  100.0 75.0 100.0 0.03 -1.95 -2.84 1.4 1 8.95 0.01 . . 0.8388 0.0124 . . . . 0.81 13.95 0.14 12.58 0.21 0.83 0.02 17
1040 GMG4 76 GLU CA C 8.499 14.075 -1.118 1.6825 -0.8625 -0.2795  100.0 80.0 100.0 -0.39 3.25 1.58 -0.69 -1 2.22 0.03 . . 0.8423 0.0121 14.3377 5.0979 . . 0.78 14.52 0.2 12.7 0.2 0.74 0.02 12
1040 GMG4 76 GLU CA C 8.499 14.075 -1.118 0.297 1.1875 -1.468  100.0 80.0 100.0 -0.39 3.25 1.58 -0.69 -1 2.22 0.03 . . 0.8423 0.0121 14.3377 5.0979 . . 0.78 14.52 0.2 12.7 0.2 0.74 0.02 12
1055 GMG4 77 GLY CA C 9.093 16.450 -4.054 -0.297 -1.1875 1.468  100.0 100.0 100.0 -2.3 1.76 3.24 0.03 -1 . . . . 0.9272 0.0154 . . . . 0.81 14.39 0.24 14.19 0.27 0.84 0.03 8
1055 GMG4 77 GLY CA C 9.093 16.450 -4.054 -1.039 -1.0405 -1.2205  100.0 100.0 100.0 -2.3 1.76 3.24 0.03 -1 . . . . 0.9272 0.0154 . . . . 0.81 14.39 0.24 14.19 0.27 0.84 0.03 8
1062 GMG4 78 LYS CA C 7.015 14.369 -6.495 1.039 1.0405 1.2205  90.90909 100.0 50.0 -0.36 1.0 1.56 -0.26 -1 5.43 0.02 . . 0.9435 0.0149 . . . . 0.84 15.77 0.19 14.28 0.24 0.85 0.02 13
1062 GMG4 78 LYS CA C 7.015 14.369 -6.495 -0.3975 -1.653 0.878  90.90909 100.0 50.0 -0.36 1.0 1.56 -0.26 -1 5.43 0.02 . . 0.9435 0.0149 . . . . 0.84 15.77 0.19 14.28 0.24 0.85 0.02 13
1084 GMG4 79 MET CA C 6.220 11.063 -4.739 0.3975 1.653 -0.878  100.0 100.0 100.0 -0.23 2.83 2.98 -1.76 -1 4.32 0.02 -4.69897 5.2148438 0.9445 0.0139 . . . . 0.83 14.11 0.2 14.56 0.26 0.87 0.02 33
1084 GMG4 79 MET CA C 6.220 11.063 -4.739 -1.2415 0.9215 1.122  100.0 100.0 100.0 -0.23 2.83 2.98 -1.76 -1 4.32 0.02 -4.69897 5.2148438 0.9445 0.0139 . . . . 0.83 14.11 0.2 14.56 0.26 0.87 0.02 33
1101 GMG4 80 VAL CA C 3.737 12.906 -2.495 1.2415 -0.9215 -1.122  100.0 100.0 100.0 -0.63 3.34 0.74 -0.12 -1 3.40 0.05 -3.3736596 3.20412 0.9238 0.0404 . . 2.1273 0.9525 0.86 15.82 0.28 15.72 0.32 0.83 0.03 24
1101 GMG4 80 VAL CA C 3.737 12.906 -2.495 -0.606 0.9465 -1.546  100.0 100.0 100.0 -0.63 3.34 0.74 -0.12 -1 3.40 0.05 -3.3736596 3.20412 0.9238 0.0404 . . 2.1273 0.9525 0.86 15.82 0.28 15.72 0.32 0.83 0.03 24
1117 GMG4 81 ALA CA C 2.525 14.799 -5.587 0.606 -0.9465 1.546  100.0 100.0 100.0 -0.39 2.92 4.33 -1.24 -1 3.11 0.02 -3.1090205 3.376577 0.9107 0.0397 . . 2.1178 0.949 0.85 16.63 0.19 15.21 0.23 0.79 0.02 14
1117 GMG4 81 ALA CA C 2.525 14.799 -5.587 -0.86 -1.576 -0.6545  100.0 100.0 100.0 -0.39 2.92 4.33 -1.24 -1 3.11 0.02 -3.1090205 3.376577 0.9107 0.0397 . . 2.1178 0.949 0.85 16.63 0.19 15.21 0.23 0.79 0.02 14
1127 GMG4 82 GLU CA C 0.805 11.647 -6.896 0.86 1.576 0.6545  100.0 80.0 100.0 -0.13 1.61 3.51 -1.05 -1 4.57 0.02 -2.7281585 2.7151673 0.906 0.0446 . . 1.8879 1.0254 0.85 15.93 0.22 15.09 0.26 0.83 0.02 22
1127 GMG4 82 GLU CA C 0.805 11.647 -6.896 -0.343 -0.8275 1.6875  100.0 80.0 100.0 -0.13 1.61 3.51 -1.05 -1 4.57 0.02 -2.7281585 2.7151673 0.906 0.0446 . . 1.8879 1.0254 0.85 15.93 0.22 15.09 0.26 0.83 0.02 22
1142 GMG4 83 MET CA C 0.119 9.992 -3.521 0.343 0.8275 -1.6875  100.0 100.0 100.0 -0.02 -1.4 3.42 -3.41 -1 5.07 0.05 -4.1062384 4.4132996 0.8986 0.0408 . . 1.184 0.8414 0.86 14.74 0.34 14.97 0.42 0.79 0.04 45
1142 GMG4 83 MET CA C 0.119 9.992 -3.521 -0.745 1.61 0.7105  100.0 100.0 100.0 -0.02 -1.4 3.42 -3.41 -1 5.07 0.05 -4.1062384 4.4132996 0.8986 0.0408 . . 1.184 0.8414 0.86 14.74 0.34 14.97 0.42 0.79 0.04 45
1159 GMG4 84 LYS CA C -1.371 13.212 -2.100 0.745 -1.61 -0.7105  90.90909 100.0 50.0 -0.53 3.62 2.28 -0.23 -1 2.79 0.04 -4.1366773 4.61066 0.8961 0.045 . . 2.2914 1.0919 0.87 17.15 0.34 14.97 0.3 0.79 0.03 35
1159 GMG4 84 LYS CA C -1.371 13.212 -2.100 -1.154 0.0030 -1.522  90.90909 100.0 50.0 -0.53 3.62 2.28 -0.23 -1 2.79 0.04 -4.1366773 4.61066 0.8961 0.045 . . 2.2914 1.0919 0.87 17.15 0.34 14.97 0.3 0.79 0.03 35
1181 GMG4 85 ALA CA C -3.679 13.218 -5.144 1.154 -0.0030 1.522  100.0 100.0 100.0 -0.46 2.73 3.53 -2.03 -1 3.64 0.03 -3.7121983 4.238046 0.8692 0.0375 . . 2.5954 0.8801 0.85 16.51 0.19 14.81 0.24 0.77 0.02 23
1181 GMG4 85 ALA CA C -3.679 13.218 -5.144 -0.608 -1.762 0.417  100.0 100.0 100.0 -0.46 2.73 3.53 -2.03 -1 3.64 0.03 -3.7121983 4.238046 0.8692 0.0375 . . 2.5954 0.8801 0.85 16.51 0.19 14.81 0.24 0.77 0.02 23
1191 GMG4 86 VAL CA C -4.895 9.694 -4.310 0.608 1.762 -0.417  100.0 100.0 100.0 -0.85 2.25 2.57 -0.76 -1 3.87 0.05 -5.1958604 4.9227257 0.938 0.0203 . . . . 0.88 14 0.23 15.06 0.4 0.84 0.03 44
1191 GMG4 86 VAL CA C -4.895 9.694 -4.310 -0.6375 0.606 1.6955  100.0 100.0 100.0 -0.85 2.25 2.57 -0.76 -1 3.87 0.05 -5.1958604 4.9227257 0.938 0.0203 . . . . 0.88 14 0.23 15.06 0.4 0.84 0.03 44
1207 GMG4 87 GLY CA C -6.170 10.906 -0.919 0.6375 -0.606 -1.6955  100.0 100.0 100.0 0.22 3.04 1.14 -1.57 -1 4.73 0.06 -5.492144 6.0253057 0.9975 0.0167 . . . . 0.88 17.29 0.45 15.42 0.53 0.84 0.04 19
1207 GMG4 87 GLY CA C -6.170 10.906 -0.919 -0.944 1.4235 -0.8545  100.0 100.0 100.0 0.22 3.04 1.14 -1.57 -1 4.73 0.06 -5.492144 6.0253057 0.9975 0.0167 . . . . 0.88 17.29 0.45 15.42 0.53 0.84 0.04 19
1214 GMG4 88 VAL CA C -8.058 13.753 -2.628 0.944 -1.4235 0.8545  100.0 100.0 100.0 -1.01 2.87 3.25 -0.49 -1 3.09 0.05 . . 0.9652 0.0203 . . . . 0.88 16.54 0.33 14.85 0.4 0.84 0.03 30
1214 GMG4 88 VAL CA C -8.058 13.753 -2.628 -0.806 -1.3985 -1.0215  100.0 100.0 100.0 -1.01 2.87 3.25 -0.49 -1 3.09 0.05 . . 0.9652 0.0203 . . . . 0.88 16.54 0.33 14.85 0.4 0.84 0.03 30
1230 GMG4 89 ARG CA C -9.670 10.956 -4.671 0.806 1.3985 1.0215  69.23077 83.333336 50.0 -1.08 3.73 0.92 -1.08 -1 4.01 0.05 -6.0181813 6.363612 0.9092 0.0419 . . 1.8218 0.9901 0.87 15.39 0.32 15.53 0.41 0.8 0.03 32
1230 GMG4 89 ARG CA C -9.670 10.956 -4.671 -0.3765 -1.149 1.479  69.23077 83.333336 50.0 -1.08 3.73 0.92 -1.08 -1 4.01 0.05 -6.0181813 6.363612 0.9092 0.0419 . . 1.8218 0.9901 0.87 15.39 0.32 15.53 0.41 0.8 0.03 32
1254 GMG4 90 HIS CA C -10.423 8.658 -1.713 0.3765 1.149 -1.479  87.5 83.333336 100.0 -2.44 2.24 0.78 -4.95 -1 4.95 0.07 . 10.382017 0.8676 0.0389 . . 2.4494 0.9306 0.86 16.77 0.3 14.79 0.43 0.81 0.03 37
1254 GMG4 90 HIS CA C -10.423 8.658 -1.713 -0.903 1.4245 0.903  87.5 83.333336 100.0 -2.44 2.24 0.78 -4.95 -1 4.95 0.07 . 10.382017 0.8676 0.0389 . . 2.4494 0.9306 0.86 16.77 0.3 14.79 0.43 0.81 0.03 37
1271 GMG4 91 LYS CA C -12.229 11.507 0.093 0.903 -1.4245 -0.903  72.72727 83.333336 50.0 -0.86 3.06 0.65 0.43 -1 2.93 0.09 -5.6635404 6.8247766 0.9976 0.0143 . . . . 0.87 15.7 0.3 15.51 0.47 0.94 0.03 20
1271 GMG4 91 LYS CA C -12.229 11.507 0.093 -1.135 0.0255 -1.5405  72.72727 83.333336 50.0 -0.86 3.06 0.65 0.43 -1 2.93 0.09 -5.6635404 6.8247766 0.9976 0.0143 . . . . 0.87 15.7 0.3 15.51 0.47 0.94 0.03 20
1293 GMG4 92 GLY CA C -14.499 11.558 -2.988 1.135 -0.0255 1.5405  100.0 100.0 100.0 -0.54 -1.1 0.34 0.24 1 7.16 0.04 -1.3555614 2.146128 0.8987 0.038 . . 1.3997 0.8352 0.84 15.01 0.35 15.42 0.48 0.8 0.04 4
1293 GMG4 92 GLY CA C -14.499 11.558 -2.988 -0.3345 -1.88 -0.052  100.0 100.0 100.0 -0.54 -1.1 0.34 0.24 1 7.16 0.04 -1.3555614 2.146128 0.8987 0.038 . . 1.3997 0.8352 0.84 15.01 0.35 15.42 0.48 0.8 0.04 4
1300 GMG4 93 TYR CA C -15.168 7.798 -3.092 0.3345 1.88 0.052  44.444443 33.333332 100.0 0.6 -6.38 0.49 -0.29 1 7.50 0.03 -3.7721133 4.079181 0.9422 0.0196 . . . . 0.85 13.98 0.23 14.72 0.35 0.9 0.03 24
1300 GMG4 93 TYR CA C -15.168 7.798 -3.092 -1.68 -0.8915 0.196  44.444443 33.333332 100.0 0.6 -6.38 0.49 -0.29 1 7.50 0.03 -3.7721133 4.079181 0.9422 0.0196 . . . . 0.85 13.98 0.23 14.72 0.35 0.9 0.03 24
1321 GMG4 94 GLY CA C -18.528 6.015 -2.700 1.68 0.8915 -0.196  100.0 100.0 100.0 -0.2 1.49 2.14 0.75 -1 2.67 0.18 -1.6840297 . 0.8942 0.0231 . . . . 0.83 14.11 0.43 13.56 0.54 0.84 0.05 11
1321 GMG4 94 GLY CA C -18.528 6.015 -2.700 0.153 -0.592 1.8115  100.0 100.0 100.0 -0.2 1.49 2.14 0.75 -1 2.67 0.18 -1.6840297 . 0.8942 0.0231 . . . . 0.83 14.11 0.43 13.56 0.54 0.84 0.05 11
1328 GMG4 95 ASN CA C -18.222 4.831 0.923 -0.153 0.592 -1.8115  100.0 75.0 100.0 -0.08 -0.74 1.35 -1.69 -1 6.62 0.05 . . 0.8612 0.0454 . . 9.7798 1.2788 0.87 23.63 1.49 19.44 0.89 0.78 0.07 28
1328 GMG4 95 ASN CA C -18.222 4.831 0.923 0.409 1.816 0.4445  100.0 75.0 100.0 -0.08 -0.74 1.35 -1.69 -1 6.62 0.05 . . 0.8612 0.0454 . . 9.7798 1.2788 0.87 23.63 1.49 19.44 0.89 0.78 0.07 28
1342 GMG4 96 LYS CA C -17.404 8.463 1.812 -0.409 -1.816 -0.4445  54.545456 83.333336 50.0 -0.4 1.91 -0.87 -3.29 -1 6.21 0.05 . . 0.9778 0.0345 . . 2.4607 1.0059 0.86 18.55 0.73 16.72 0.67 0.93 0.06 16
1342 GMG4 96 LYS CA C -17.404 8.463 1.812 1.026 -0.621 1.486  54.545456 83.333336 50.0 -0.4 1.91 -0.87 -3.29 -1 6.21 0.05 . . 0.9778 0.0345 . . 2.4607 1.0059 0.86 18.55 0.73 16.72 0.67 0.93 0.06 16
1364 GMG4 97 HIS CA C -15.352 7.221 4.784 -1.026 0.621 -1.486  62.5 50.0 100.0 0.3 -1.98 -0.45 -3.5 1 9.18 0.02 . . 0.9295 0.0175 . . . . 0.84 14.78 0.29 14.26 0.33 0.88 0.03 20
1364 GMG4 97 HIS CA C -15.352 7.221 4.784 1.7985 -0.627 -0.1935  62.5 50.0 100.0 0.3 -1.98 -0.45 -3.5 1 9.18 0.02 . . 0.9295 0.0175 . . . . 0.84 14.78 0.29 14.26 0.33 0.88 0.03 20
1382 GMG4 98 ILE CA C -11.755 5.967 4.397 -1.7985 0.627 0.1935  100.0 116.666664 100.0 -0.31 2.48 -2.38 -0.55 0 3.00 0.04 . 3.988113 0.9267 0.0169 . . . . 0.81 15.14 0.27 14.02 0.3 0.87 0.03 55
1382 GMG4 98 ILE CA C -11.755 5.967 4.397 1.2085 0.181 1.46  100.0 116.666664 100.0 -0.31 2.48 -2.38 -0.55 0 3.00 0.04 . 3.988113 0.9267 0.0169 . . . . 0.81 15.14 0.27 14.02 0.3 0.87 0.03 55
1401 GMG4 99 LYS CA C -9.338 6.329 7.317 -1.2085 -0.181 -1.46  90.90909 100.0 50.0 0.06 -2.21 0.01 2.03 1 8.41 0.08 -3.8477116 . 0.8444 0.0206 . . . . 0.81 13.65 0.35 12.79 0.49 0.85 0.04 39
1401 GMG4 99 LYS CA C -9.338 6.329 7.317 1.8905 0.069 0.2055  90.90909 100.0 50.0 0.06 -2.21 0.01 2.03 1 8.41 0.08 -3.8477116 . 0.8444 0.0206 . . . . 0.81 13.65 0.35 12.79 0.49 0.85 0.04 39
1423 GMG4 100 ALA CA C -5.557 6.467 7.728 -1.8905 -0.069 -0.2055  100.0 100.0 100.0 -0.4 2.51 3.46 -0.6 -1 1.74 0.07 . . 0.8891 0.0136 . . . . 0.8 15.09 0.26 13.43 0.23 0.78 0.03 32
1423 GMG4 100 ALA CA C -5.557 6.467 7.728 -0.2295 -1.1365 1.513  100.0 100.0 100.0 -0.4 2.51 3.46 -0.6 -1 1.74 0.07 . . 0.8891 0.0136 . . . . 0.8 15.09 0.26 13.43 0.23 0.78 0.03 32
1433 GMG4 101 GLU CA C -6.016 4.194 10.754 0.2295 1.1365 -1.513  100.0 80.0 100.0 0.04 2.6 1.91 -0.83 -1 2.35 0.06 . . 0.9765 0.0149 . . . . 0.85 16.19 0.26 14.99 0.29 0.83 0.02 18
1433 GMG4 101 GLU CA C -6.016 4.194 10.754 -0.4425 -1.368 -1.256  100.0 80.0 100.0 0.04 2.6 1.91 -0.83 -1 2.35 0.06 . . 0.9765 0.0149 . . . . 0.85 16.19 0.26 14.99 0.29 0.83 0.02 18
1448 GMG4 102 TYR CA C -6.901 1.458 8.242 0.4425 1.368 1.256  88.888885 33.333332 100.0 0.42 -2.82 1.23 -1.41 1 4.99 0.03 -3.480172 3.5327544 0.9338 0.0155 . . . . 0.84 14.3 0.21 14.2 0.28 0.92 0.02 50
1448 GMG4 102 TYR CA C -6.901 1.458 8.242 1.525 0.406 -1.086  88.888885 33.333332 100.0 0.42 -2.82 1.23 -1.41 1 4.99 0.03 -3.480172 3.5327544 0.9338 0.0155 . . . . 0.84 14.3 0.21 14.2 0.28 0.92 0.02 50
1469 GMG4 103 PHE CA C -3.851 2.270 6.070 -1.525 -0.406 1.086  100.0 88.888885 100.0 -0.14 4.0 3.29 -1.07 -1 5.22 0.05 -3.8326826 4.0530787 0.9858 0.0179 . . . . 0.85 17 0.39 14.84 0.52 0.88 0.03 59
1469 GMG4 103 PHE CA C -3.851 2.270 6.070 1.2915 -0.559 1.2975  100.0 88.888885 100.0 -0.14 4.0 3.29 -1.07 -1 5.22 0.05 -3.8326826 4.0530787 0.9858 0.0179 . . . . 0.85 17 0.39 14.84 0.52 0.88 0.03 59
1489 GMG4 104 GLU CA C -1.268 1.152 8.665 -1.2915 0.559 -1.2975  100.0 80.0 100.0 0.41 4.22 0.06 -2.97 -1 4.26 0.04 . . 0.8917 0.0175 33.7024 12.9874 . . 0.75 15.26 0.32 13.44 0.28 0.8 0.03 14
1489 GMG4 104 GLU CA C -1.268 1.152 8.665 -0.853 -1.6825 0.2335  100.0 80.0 100.0 0.41 4.22 0.06 -2.97 -1 4.26 0.04 . . 0.8917 0.0175 33.7024 12.9874 . . 0.75 15.26 0.32 13.44 0.28 0.8 0.03 14
1503 GMG4 105 PRO CA C -2.974 -2.213 9.132 0.853 1.6825 -0.2335  100.0 100.0 0.0 0.19 1.88 2.92 -1.69 -1 . . . . . . . . . . . . . . . . . 18
1503 GMG4 105 PRO CA C -2.974 -2.213 9.132 -0.2135 -0.235 -1.8835  100.0 100.0 0.0 0.19 1.88 2.92 -1.69 -1 . . . . . . . . . . . . . . . . . 18
1518 GMG4 106 LEU CA C -3.401 -2.683 5.365 0.2135 0.235 1.8835  100.0 100.0 100.0 -1.02 2.08 0.4 -1.44 -1 4.86 0.06 . . 0.9663 0.0178 . . . . 0.85 14.98 0.21 14.89 0.34 0.84 0.02 29
1518 GMG4 106 LEU CA C -3.401 -2.683 5.365 1.848 0.4725 -0.1225  100.0 100.0 100.0 -1.02 2.08 0.4 -1.44 -1 4.86 0.06 . . 0.9663 0.0178 . . . . 0.85 14.98 0.21 14.89 0.34 0.84 0.02 29
1537 GMG4 107 GLY CA C 0.295 -1.738 5.120 -1.848 -0.4725 0.1225  100.0 100.0 100.0 -1.48 1.61 1.28 -0.52 -1 4.96 0.06 -3.5670307 4.033424 0.9019 0.0212 . . . . 0.86 13.61 0.26 13.86 0.39 0.9 0.03 17
1537 GMG4 107 GLY CA C 0.295 -1.738 5.120 0.6915 -1.0925 1.4065  100.0 100.0 100.0 -1.48 1.61 1.28 -0.52 -1 4.96 0.06 -3.5670307 4.033424 0.9019 0.0212 . . . . 0.86 13.61 0.26 13.86 0.39 0.9 0.03 17
1544 GMG4 108 ALA CA C 1.678 -3.923 7.933 -0.6915 1.0925 -1.4065  100.0 100.0 100.0 -0.28 2.57 4.06 -1.28 -1 4.06 0.03 -2.7878125 3.361728 0.9143 0.0144 . . . . 0.86 13.66 0.18 14.05 0.25 0.8 0.02 16
1544 GMG4 108 ALA CA C 1.678 -3.923 7.933 -1.0945 -1.4765 -0.5195  100.0 100.0 100.0 -0.28 2.57 4.06 -1.28 -1 4.06 0.03 -2.7878125 3.361728 0.9143 0.0144 . . . . 0.86 13.66 0.18 14.05 0.25 0.8 0.02 16
1554 GMG4 109 SER CA C -0.511 -6.876 6.894 1.0945 1.4765 0.5195  80.0 100.0 100.0 -0.34 3.26 2.98 0.25 -1 5.01 0.02 -1.8041004 2.575188 0.9624 0.0155 . . . . 0.83 14.73 0.18 14.79 0.26 0.89 0.02 13
1554 GMG4 109 SER CA C -0.511 -6.876 6.894 0.702 0.275 -1.7555  80.0 100.0 100.0 -0.34 3.26 2.98 0.25 -1 5.01 0.02 -1.8041004 2.575188 0.9624 0.0155 . . . . 0.83 14.73 0.18 14.79 0.26 0.89 0.02 13
1565 GMG4 110 LEU CA C 0.893 -6.326 3.383 -0.702 -0.275 1.7555  100.0 100.0 100.0 -0.62 2.69 0.43 -1.13 -1 3.19 0.06 . . 0.951 0.0178 . . . . 0.84 15.78 0.27 14.27 0.3 0.91 0.02 38
1565 GMG4 110 LEU CA C 0.893 -6.326 3.383 1.7755 -0.4215 0.5665  100.0 100.0 100.0 -0.62 2.69 0.43 -1.13 -1 3.19 0.06 . . 0.951 0.0178 . . . . 0.84 15.78 0.27 14.27 0.3 0.91 0.02 38
1584 GMG4 111 LEU CA C 4.444 -7.169 4.516 -1.7755 0.4215 -0.5665  100.0 100.0 100.0 -0.36 3.09 3.4 -1.39 -1 3.38 0.05 -5.9469213 5.5899496 0.9434 0.0178 . . . . 0.85 14.91 0.21 14.38 0.31 0.87 0.02 41
1584 GMG4 111 LEU CA C 4.444 -7.169 4.516 -0.637 -1.693 0.6145  100.0 100.0 100.0 -0.36 3.09 3.4 -1.39 -1 3.38 0.05 -5.9469213 5.5899496 0.9434 0.0178 . . . . 0.85 14.91 0.21 14.38 0.31 0.87 0.02 41
1603 GMG4 112 SER CA C 3.170 -10.555 5.745 0.637 1.693 -0.6145  80.0 100.0 100.0 -0.34 2.67 2.97 -0.47 -1 4.29 0.02 -2.3625102 2.9263425 0.9854 0.0126 . . . . 0.85 16.69 0.2 14.99 0.24 0.85 0.02 13
1603 GMG4 112 SER CA C 3.170 -10.555 5.745 -0.5295 -0.303 -1.81  80.0 100.0 100.0 -0.34 2.67 2.97 -0.47 -1 4.29 0.02 -2.3625102 2.9263425 0.9854 0.0126 . . . . 0.85 16.69 0.2 14.99 0.24 0.85 0.02 13
1614 GMG4 113 ALA CA C 2.111 -11.161 2.125 0.5295 0.303 1.81  100.0 100.0 100.0 -0.25 2.49 3.59 -0.64 -1 4.93 0.03 -4.186419 4.889302 0.9381 0.0156 . . . . 0.87 15.12 0.24 14.09 0.26 0.96 0.03 13
1614 GMG4 113 ALA CA C 2.111 -11.161 2.125 1.61 0.6445 -0.8075  100.0 100.0 100.0 -0.25 2.49 3.59 -0.64 -1 4.93 0.03 -4.186419 4.889302 0.9381 0.0156 . . . . 0.87 15.12 0.24 14.09 0.26 0.96 0.03 13
1624 GMG4 114 MET CA C 5.331 -9.872 0.510 -1.61 -0.6445 0.8075  100.0 100.0 100.0 -0.98 3.99 1.43 -1.39 -1 1.62 0.03 . . 0.8882 0.0079 18.3581 8.0222 . . 0.79 13.13 0.1 13.44 0.12 0.92 0.01 33
1624 GMG4 114 MET CA C 5.331 -9.872 0.510 0.9345 -1.47 0.789  100.0 100.0 100.0 -0.98 3.99 1.43 -1.39 -1 1.62 0.03 . . 0.8882 0.0079 18.3581 8.0222 . . 0.79 13.13 0.1 13.44 0.12 0.92 0.01 33
1641 GMG4 115 GLU CA C 7.200 -12.812 2.088 -0.9345 1.47 -0.789  100.0 80.0 100.0 -0.62 2.58 1.69 -0.66 -1 3.44 0.07 -4.169411 4.262451 0.9452 0.0214 . . . . 0.86 15.25 0.31 14.51 0.4 0.88 0.03 22
1641 GMG4 115 GLU CA C 7.200 -12.812 2.088 -1.0935 -1.081 -1.1385  100.0 80.0 100.0 -0.62 2.58 1.69 -0.66 -1 3.44 0.07 -4.169411 4.262451 0.9452 0.0214 . . . . 0.86 15.25 0.31 14.51 0.4 0.88 0.03 22
1656 GMG4 116 HIS CA C 5.013 -14.974 -0.189 1.0935 1.081 1.1385  62.5 50.0 100.0 -0.19 1.19 1.32 -3.52 -1 3.59 0.04 . . 0.9518 0.0164 . . . . 0.86 15.37 0.24 14.55 0.3 0.87 0.02 10
1656 GMG4 116 HIS CA C 5.013 -14.974 -0.189 1.0405 0.499 -1.526  62.5 50.0 100.0 -0.19 1.19 1.32 -3.52 -1 3.59 0.04 . . 0.9518 0.0164 . . . . 0.86 15.37 0.24 14.55 0.3 0.87 0.02 10
1673 GMG4 117 ARG CA C 7.094 -13.976 -3.241 -1.0405 -0.499 1.526  53.846153 83.333336 50.0 -0.31 2.55 0.73 0.07 -1 5.58 0.03 -3.1331222 4.4132996 0.936 0.0158 . . . . 0.85 18.46 0.46 18.17 1.05 0.87 0.02 26
1673 GMG4 117 ARG CA C 7.094 -13.976 -3.241 1.737 0.367 0.713  53.846153 83.333336 50.0 -0.31 2.55 0.73 0.07 -1 5.58 0.03 -3.1331222 4.4132996 0.936 0.0158 . . . . 0.85 18.46 0.46 18.17 1.05 0.87 0.02 26
1697 GMG4 118 ILE CA C 10.568 -13.242 -1.815 -1.737 -0.367 -0.713  100.0 100.0 100.0 0.57 -1.74 0.01 0.33 1 7.29 0.03 -3.8860567 3.79588 0.9907 0.0148 . . . . 0.85 16.17 0.41 15.54 0.5 0.85 0.04 45
1697 GMG4 118 ILE CA C 10.568 -13.242 -1.815 -0.224 -1.136 1.5225  100.0 100.0 100.0 0.57 -1.74 0.01 0.33 1 7.29 0.03 -3.8860567 3.79588 0.9907 0.0148 . . . . 0.85 16.17 0.41 15.54 0.5 0.85 0.04 45
1716 GMG4 119 GLY CA C 10.120 -15.514 1.230 0.224 1.136 -1.5225  100.0 100.0 100.0 -0.17 1.97 2.75 -0.17 -1 . . -1.9956787 2.4409091 0.9244 0.04 . . 4.3574 1.0378 0.85 19 0.6 17.1 0.53 0.85 0.04 14
1716 GMG4 119 GLY CA C 10.120 -15.514 1.230 1.8305 -0.5195 -0.2025  100.0 100.0 100.0 -0.17 1.97 2.75 -0.17 -1 . . -1.9956787 2.4409091 0.9244 0.04 . . 4.3574 1.0378 0.85 19 0.6 17.1 0.53 0.85 0.04 14
1723 GMG4 120 GLY CA C 13.781 -16.553 0.825 -1.8305 0.5195 0.2025  100.0 100.0 100.0 -0.13 0.91 1.53 -0.13 -1 1.74 0.18 . . 0.9419 0.0202 . . . . 0.83 16.12 0.39 14.19 0.39 0.87 0.04 7
1723 GMG4 120 GLY CA C 13.781 -16.553 0.825 0.591 1.8025 -0.237  100.0 100.0 100.0 -0.13 0.91 1.53 -0.13 -1 1.74 0.18 . . 0.9419 0.0202 . . . . 0.83 16.12 0.39 14.19 0.39 0.87 0.04 7
1730 GMG4 121 LYS CA C 14.963 -12.948 0.351 -0.591 -1.8025 0.237  90.90909 83.333336 50.0 -0.22 1.32 1.54 0.13 -1 6.26 0.02 . . 0.944 0.0161 . . . . 0.82 14.04 0.18 14.42 0.27 0.94 0.02 24
1730 GMG4 121 LYS CA C 14.963 -12.948 0.351 -1.1965 0.851 1.2215  90.90909 83.333336 50.0 -0.22 1.32 1.54 0.13 -1 6.26 0.02 . . 0.944 0.0161 . . . . 0.82 14.04 0.18 14.42 0.27 0.94 0.02 24
1752 GMG4 122 MET CA C 12.570 -11.246 2.794 1.1965 -0.851 -1.2215  100.0 120.0 100.0 0.14 -3.37 -2.2 -3.34 1 7.95 0.02 -1.4522253 1.966611 0.9011 0.0158 . . . . 0.84 14.39 0.24 13.72 0.31 0.84 0.03 47
1752 GMG4 122 MET CA C 12.570 -11.246 2.794 1.2535 0.3015 1.413  100.0 120.0 100.0 0.14 -3.37 -2.2 -3.34 1 7.95 0.02 -1.4522253 1.966611 0.9011 0.0158 . . . . 0.84 14.39 0.24 13.72 0.31 0.84 0.03 47
1769 GMG4 123 ASN CA C 15.077 -10.643 5.620 -1.2535 -0.3015 -1.413  100.0 75.0 100.0 -0.07 -2.38 -0.67 -1.22 1 6.95 0.03 . . 0.822 0.0151 . . . . 0.8 12.66 0.16 12.6 0.26 0.81 0.02 43
1769 GMG4 123 ASN CA C 15.077 -10.643 5.620 -0.149 1.0835 1.57  100.0 75.0 100.0 -0.07 -2.38 -0.67 -1.22 1 6.95 0.03 . . 0.822 0.0151 . . . . 0.8 12.66 0.16 12.6 0.26 0.81 0.02 43
1783 GMG4 124 ALA CA C 14.779 -8.476 8.760 0.149 -1.0835 -1.57  100.0 100.0 100.0 -0.37 3.8 3.06 -1.24 -1 2.15 0.05 . . 0.8842 0.0127 . . . . 0.85 13.2 0.15 13.46 0.2 0.85 0.02 16
1783 GMG4 124 ALA CA C 14.779 -8.476 8.760 0.6835 1.5465 -0.895  100.0 100.0 100.0 -0.37 3.8 3.06 -1.24 -1 2.15 0.05 . . 0.8842 0.0127 . . . . 0.85 13.2 0.15 13.46 0.2 0.85 0.02 16
1793 GMG4 125 ALA CA C 16.146 -5.383 6.970 -0.6835 -1.5465 0.895  100.0 100.0 100.0 -0.12 2.31 3.9 -1.18 -1 4.38 0.01 . . 0.9069 0.0098 . . . . 0.82 15.64 0.22 13.72 0.16 0.76 0.01 20
1793 GMG4 125 ALA CA C 16.146 -5.383 6.970 -1.3125 -0.3305 -1.3525  100.0 100.0 100.0 -0.12 2.31 3.9 -1.18 -1 4.38 0.01 . . 0.9069 0.0098 . . . . 0.82 15.64 0.22 13.72 0.16 0.76 0.01 20
1803 GMG4 126 ALA CA C 13.521 -6.044 4.265 1.3125 0.3305 1.3525  100.0 100.0 100.0 -0.04 3.0 1.87 -0.27 -1 4.87 0.01 -2.8477116 3.252853 0.8862 0.0108 . . . . 0.84 14.78 0.15 13.34 0.18 0.79 0.02 28
1803 GMG4 126 ALA CA C 13.521 -6.044 4.265 -1.562 -0.134 1.0955  100.0 100.0 100.0 -0.04 3.0 1.87 -0.27 -1 4.87 0.01 -2.8477116 3.252853 0.8862 0.0108 . . . . 0.84 14.78 0.15 13.34 0.18 0.79 0.02 28
1813 GMG4 127 LYS CA C 10.397 -6.312 6.456 1.562 0.134 -1.0955  90.90909 100.0 50.0 -0.3 3.77 2.59 -0.51 -1 3.83 0.03 -3.9208188 4.2855573 0.9588 0.0148 . . . . 0.86 15.26 0.18 14.67 0.24 0.81 0.02 34
1813 GMG4 127 LYS CA C 10.397 -6.312 6.456 0.5805 1.422 1.1415  90.90909 100.0 50.0 -0.3 3.77 2.59 -0.51 -1 3.83 0.03 -3.9208188 4.2855573 0.9588 0.0148 . . . . 0.86 15.26 0.18 14.67 0.24 0.81 0.02 34
1835 GMG4 128 ASP CA C 11.558 -3.468 8.739 -0.5805 -1.422 -1.1415  100.0 75.0 100.0 -0.35 3.14 1.2 0.6 -1 4.08 0.02 -3.0574958 3.3944516 0.9428 0.0131 . . . . 0.84 14.21 0.18 14.44 0.23 0.86 0.02 17
1835 GMG4 128 ASP CA C 11.558 -3.468 8.739 0.4255 1.169 -1.452  100.0 75.0 100.0 -0.35 3.14 1.2 0.6 -1 4.08 0.02 -3.0574958 3.3944516 0.9428 0.0131 . . . . 0.84 14.21 0.18 14.44 0.23 0.86 0.02 17
1847 GMG4 129 ALA CA C 12.409 -1.130 5.835 -0.4255 -1.169 1.452  100.0 100.0 100.0 -0.46 3.01 1.9 -0.1 -1 4.21 0.02 -4.320572 4.634477 0.9273 0.0144 . . . . 0.84 13.77 0.16 14.15 0.24 0.93 0.02 25
1847 GMG4 129 ALA CA C 12.409 -1.130 5.835 -1.6785 -0.277 -0.8635  100.0 100.0 100.0 -0.46 3.01 1.9 -0.1 -1 4.21 0.02 -4.320572 4.634477 0.9273 0.0144 . . . . 0.84 13.77 0.16 14.15 0.24 0.93 0.02 25
1857 GMG4 130 TRP CA C 9.052 -1.684 4.108 1.6785 0.277 0.8635  100.0 54.545456 100.0 -0.43 3.43 3.45 0.46 -1 4.52 0.03 . . 0.958 0.0152 . . . . 0.87 15.57 0.21 14.65 0.25 0.83 0.02 68
1857 GMG4 130 TRP CA C 9.052 -1.684 4.108 -0.9025 0.089 1.68  100.0 54.545456 100.0 -0.43 3.43 3.45 0.46 -1 4.52 0.03 . . 0.958 0.0152 . . . . 0.87 15.57 0.21 14.65 0.25 0.83 0.02 68
1881 GMG4 131 ALA CA C 7.247 -1.506 7.468 0.9025 -0.089 -1.68  100.0 100.0 100.0 -0.04 5.11 4.1 -1.51 -1 3.64 0.02 . . 0.9182 0.041 . . 2.7425 1.0163 0.85 17.56 0.26 15.65 0.23 0.81 0.02 16
1881 GMG4 131 ALA CA C 7.247 -1.506 7.468 0.7415 1.7295 0.332  100.0 100.0 100.0 -0.04 5.11 4.1 -1.51 -1 3.64 0.02 . . 0.9182 0.041 . . 2.7425 1.0163 0.85 17.56 0.26 15.65 0.23 0.81 0.02 16
1891 GMG4 132 ALA CA C 8.730 1.953 8.132 -0.7415 -1.7295 -0.332  100.0 100.0 100.0 -0.12 2.31 3.12 -1.18 -1 5.09 0.02 -5.2211256 5.6263404 0.975 0.0131 . . . . 0.85 15.02 0.17 14.89 0.23 0.93 0.02 18
1891 GMG4 132 ALA CA C 8.730 1.953 8.132 -0.129 0.528 -1.831  100.0 100.0 100.0 -0.12 2.31 3.12 -1.18 -1 5.09 0.02 -5.2211256 5.6263404 0.975 0.0131 . . . . 0.85 15.02 0.17 14.89 0.23 0.93 0.02 18
1901 GMG4 133 ALA CA C 8.472 3.009 4.470 0.129 -0.528 1.831  100.0 100.0 100.0 -0.4 2.88 2.38 -1.37 -1 3.45 0.04 . . 0.9269 0.0158 . . . . 0.85 13.42 0.22 14.26 0.26 0.92 0.03 24
1901 GMG4 133 ALA CA C 8.472 3.009 4.470 -1.819 -0.563 -0.1695  100.0 100.0 100.0 -0.4 2.88 2.38 -1.37 -1 3.45 0.04 . . 0.9269 0.0158 . . . . 0.85 13.42 0.22 14.26 0.26 0.92 0.03 24
1911 GMG4 134 TYR CA C 4.834 1.883 4.131 1.819 0.563 0.1695  66.666664 33.333332 100.0 -0.46 4.17 3.37 -0.77 -1 3.23 0.05 . . 0.9621 0.0185 . . . . 0.89 14.87 0.23 14.88 0.32 0.88 0.02 20
1911 GMG4 134 TYR CA C 4.834 1.883 4.131 -0.368 1.3405 1.311  66.666664 33.333332 100.0 -0.46 4.17 3.37 -0.77 -1 3.23 0.05 . . 0.9621 0.0185 . . . . 0.89 14.87 0.23 14.88 0.32 0.88 0.02 20
1932 GMG4 135 ALA CA C 4.098 4.564 6.753 0.368 -1.3405 -1.311  100.0 100.0 100.0 -0.39 3.56 2.75 -1.61 -1 3.45 0.03 -5.1444807 5.599883 0.9826 0.0164 . . . . 0.87 15.68 0.27 14.92 0.33 0.93 0.03 12
1932 GMG4 135 ALA CA C 4.098 4.564 6.753 0.7195 1.3525 -1.1415  100.0 100.0 100.0 -0.39 3.56 2.75 -1.61 -1 3.45 0.03 -5.1444807 5.599883 0.9826 0.0164 . . . . 0.87 15.68 0.27 14.92 0.33 0.93 0.03 12
1942 GMG4 136 ASP CA C 5.537 7.269 4.470 -0.7195 -1.3525 1.1415  100.0 75.0 100.0 -0.36 2.74 1.57 -1.36 -1 4.32 0.02 -3.199283 3.4183013 0.9501 0.0165 . . . . 0.85 15.21 0.2 14.57 0.3 0.83 0.02 17
1942 GMG4 136 ASP CA C 5.537 7.269 4.470 -0.825 -0.6715 -1.586  100.0 75.0 100.0 -0.36 2.74 1.57 -1.36 -1 4.32 0.02 -3.199283 3.4183013 0.9501 0.0165 . . . . 0.85 15.21 0.2 14.57 0.3 0.83 0.02 17
1954 GMG4 137 ILE CA C 3.887 5.926 1.298 0.825 0.6715 1.586  100.0 100.0 100.0 -0.32 2.86 0.64 2.01 -1 4.15 0.06 . . 0.9683 0.0201 . . . . 0.87 15.49 0.32 15.13 0.41 0.86 0.03 36
1954 GMG4 137 ILE CA C 3.887 5.926 1.298 -1.736 -0.2385 0.7585  100.0 100.0 100.0 -0.32 2.86 0.64 2.01 -1 4.15 0.06 . . 0.9683 0.0201 . . . . 0.87 15.49 0.32 15.13 0.41 0.86 0.03 36
1973 GMG4 138 SER CA C 0.415 5.449 2.815 1.736 0.2385 -0.7585  80.0 100.0 100.0 -0.69 2.86 2.33 -0.52 -1 4.26 0.05 . . 0.9352 0.0393 . . 2.6029 0.9894 0.86 17.07 0.4 16.13 0.43 0.84 0.03 16
1973 GMG4 138 SER CA C 0.415 5.449 2.815 0.3 1.5085 1.134  80.0 100.0 100.0 -0.69 2.86 2.33 -0.52 -1 4.26 0.05 . . 0.9352 0.0393 . . 2.6029 0.9894 0.86 17.07 0.4 16.13 0.43 0.84 0.03 16
1984 GMG4 139 GLY CA C 1.015 8.466 5.083 -0.3 -1.5085 -1.134  100.0 100.0 100.0 -0.43 1.67 2.69 -0.1 -1 5.92 0.03 -5.632644 6.604226 1 0.0127 . . . . 0.87 17.49 0.39 15.39 0.39 0.88 0.03 9
1984 GMG4 139 GLY CA C 1.015 8.466 5.083 0.3825 1.162 -1.4675  100.0 100.0 100.0 -0.43 1.67 2.69 -0.1 -1 5.92 0.03 -5.632644 6.604226 1 0.0127 . . . . 0.87 17.49 0.39 15.39 0.39 0.88 0.03 9
1991 GMG4 140 ALA CA C 1.780 10.790 2.148 -0.3825 -1.162 1.4675  100.0 100.0 100.0 -0.31 2.04 1.8 0.69 -1 4.71 0.03 -4.0381045 4.612784 0.9863 0.0153 . . . . 0.85 14.94 0.28 15.12 0.34 1 0.03 23
1991 GMG4 140 ALA CA C 1.780 10.790 2.148 -1.7035 -0.516 -0.6965  100.0 100.0 100.0 -0.31 2.04 1.8 0.69 -1 4.71 0.03 -4.0381045 4.612784 0.9863 0.0153 . . . . 0.85 14.94 0.28 15.12 0.34 1 0.03 23
2001 GMG4 141 LEU CA C -1.627 9.758 0.755 1.7035 0.516 0.6965  100.0 100.0 100.0 -0.55 3.81 3.13 0.38 -1 2.47 0.05 . . 0.8978 0.0203 . . . . 0.85 13.91 0.24 14.01 0.38 0.79 0.03 45
2001 GMG4 141 LEU CA C -1.627 9.758 0.755 -0.8215 0.708 1.5745  100.0 100.0 100.0 -0.55 3.81 3.13 0.38 -1 2.47 0.05 . . 0.8978 0.0203 . . . . 0.85 13.91 0.24 14.01 0.38 0.79 0.03 45
2020 GMG4 142 ILE CA C -3.270 11.174 3.904 0.8215 -0.708 -1.5745  100.0 116.666664 100.0 -1.2 2.44 -0.33 -0.01 -1 2.41 0.11 . . 0.9454 0.0212 . . . . 0.81 14.56 0.34 14.65 0.44 0.85 0.04 38
2020 GMG4 142 ILE CA C -3.270 11.174 3.904 0.478 1.7515 -0.608  100.0 116.666664 100.0 -1.2 2.44 -0.33 -0.01 -1 2.41 0.11 . . 0.9454 0.0212 . . . . 0.81 14.56 0.34 14.65 0.44 0.85 0.04 38
2039 GMG4 143 SER CA C -2.314 14.677 2.688 -0.478 -1.7515 0.608  80.0 100.0 100.0 -0.47 2.64 3.55 -0.71 -1 3.33 0.03 -4.69897 5.243038 0.9746 0.0139 . . . . 0.84 17.48 0.23 14.75 0.28 0.86 0.02 15
2039 GMG4 143 SER CA C -2.314 14.677 2.688 -1.429 0.199 -1.2515  80.0 100.0 100.0 -0.47 2.64 3.55 -0.71 -1 3.33 0.03 -4.69897 5.243038 0.9746 0.0139 . . . . 0.84 17.48 0.23 14.75 0.28 0.86 0.02 15
2050 GMG4 144 GLY CA C -5.172 15.075 0.185 1.429 -0.199 1.2515  100.0 100.0 100.0 -0.4 1.62 1.99 0.16 -1 4.40 0.06 -5.3288274 6.298853 0.9384 0.0179 . . . . 0.85 15.64 0.27 14.06 0.34 0.91 0.03 15
2050 GMG4 144 GLY CA C -5.172 15.075 0.185 -1.047 -1.3155 0.917  100.0 100.0 100.0 -0.4 1.62 1.99 0.16 -1 4.40 0.06 -5.3288274 6.298853 0.9384 0.0179 . . . . 0.85 15.64 0.27 14.06 0.34 0.91 0.03 15
2057 GMG4 145 LEU CA C -7.266 12.444 2.019 1.047 1.3155 -0.917  100.0 100.0 100.0 -0.69 1.63 1.05 0.94 -1 3.06 0.09 . . 0.9867 0.0185 . . . . 0.87 16.42 0.48 15.19 0.51 0.88 0.04 53
2057 GMG4 145 LEU CA C -7.266 12.444 2.019 -1.408 0.397 1.231  100.0 100.0 100.0 -0.69 1.63 1.05 0.94 -1 3.06 0.09 . . 0.9867 0.0185 . . . . 0.87 16.42 0.48 15.19 0.51 0.88 0.04 53
2076 GMG4 146 GLN CA C -10.082 13.238 4.481 1.408 -0.397 -1.231  100.0 80.0 100.0 -0.21 -0.8 -1.19 -2.79 1 6.99 0.02 -2.860121 3.120574 0.9742 0.0187 . . . . 0.83 15.59 0.24 15.11 0.34 0.84 0.02 29
2076 GMG4 146 GLN CA C -10.082 13.238 4.481 -0.8715 1.4585 -0.8765  100.0 80.0 100.0 -0.21 -0.8 -1.19 -2.79 1 6.99 0.02 -2.860121 3.120574 0.9742 0.0187 . . . . 0.83 15.59 0.24 15.11 0.34 0.84 0.02 29
2093 GMG4 147 SER CA C -11.825 16.155 2.728 0.8715 -1.4585 0.8765  80.0 66.666664 100.0 -0.56 2.33 5.01 1.42 -1 5.56 0.02 -1.7212464 1.0086001 0.8163 0.0094 23.7407 4.1317 . . 0.72 12.32 0.08 12.35 0.14 1 0.01 8
