histogram procedure_calls
/Code/DEFAULT_MODULE/ldtx22d_,/Machine,/Process,/SyncObject
518 6.4 0  -1
NaN
NaN
NaN
NaN
NaN
NaN
NaN
NaN
NaN
NaN
NaN
NaN
NaN
NaN
NaN
NaN
NaN
NaN
NaN
NaN
NaN
NaN
NaN
NaN
NaN
NaN
NaN
NaN
NaN
NaN
NaN
NaN
NaN
NaN
NaN
NaN
NaN
NaN
NaN
NaN
NaN
NaN
NaN
NaN
NaN
NaN
0
0
0
0
0
0.15625
0
0
0
0.15625
0
0
0
0.15625
0
0
0
0.15625
0
0
0
0.15625
0
0
0
0.15625
0
0
0
0.15625
0
0
0
0.15625
0
0
0
0.15625
0
0
0.0875092
0.0687408
0
0
0.0874198
0.0688302
0
0
0.15625
0
0
0
0.15625
0
0
0
0.15625
0
0
0
0.15625
0
0
0
0.15625
0
0
0
0.15625
0
0
0
0.15625
0
0
0
0.15625
0
0
0
0.15625
0
0
0
0.15625
0
0
0
0.15625
0
0
0.0479801
0.10827
0
0
0
0.15625
0
0
0.15625
0
0
0
0.15625
0
0
0
0.15625
0
0
0
0.15625
0
0
0
0.15625
0
0
0
0.15625
0
0
0
0.15625
0
0
0
0.15625
0
0
0.0449231
0.111327
0
0
0.0403532
0.115897
0
0
0.15625
0
0
0
0.15625
0
0
0
0
0
0.15625
0
0
0.106708
0.0495422
0
0
0.0999587
0.0562913
0
0
0.15625
0
0
0
0.15625
0
0
0
0.15625
0
0
0
0.15625
0
0
0
0.15625
0
0
0
0.15625
0
0
0
0.15625
0
0
0
0.15625
0
0
0.101246
0.055004
0
0
0.105713
0.0505368
0
0
0.106881
0.0493688
0
0
0.15625
0
0
0
0.15625
0
0
0
0.15625
0
0
0
0.15625
0
0
0.0523726
0.103877
0
0
0.0523305
0.10392
0
0
0.0524224
0.103828
0
0
0.0520385
0.104211
0
0
0.15625
0
0
0
0.15625
0
0
0
0.15625
0
0
0
0.15625
0
0
0.0509743
0.105276
0
0
0.0536867
0.102563
0
0
0.0464559
0.109794
0
0
0.0512868
0.104963
0
0
0.15625
0
0
0
0.15625
0
0
0
0.15625
0
0
0
0.15625
0
0
0.0533272
0.102923
0
0
0.0489006
0.107349
0
0
0.0530515
0.103199
0
0
0.15625
0
0
0
0.15625
0
0
0
0.15625
0
0
0
0.15625
0
0
0.0506462
0.105604
0
0
0.0540357
0.102214
0
0
0.0513667
0.104883
0
0
0.0516605
0.10459
0
0
0.15625
0
0
0
0.15625
0
0
0
0.15625
0
0
0
0.15625
0
0
0.0518794
0.104371
0
0
0.0494821
0.106768
0
0
0.0527636
0.103486
0
0
0.0544977
0.101752
0
0
0.0496165
0.106633
0
0
0.15625
0
0
0
0.15625
0
0
0
0.15625
0
0
0
0.15625
0
0
0.0418248
0.114425
0
0
0.0530154
0.103235
0
0
0.0482
0.10805
0
0
0.0522394
0.104011
0
0
0.15625
0
0
0
0.15625
0
0
0
0.15625
0
0
0
0.15625
0
0
0
0.15625
0
0
0.053386
0.102864
0
0
0.0539799
0.10227
0
0
0.0495207
0.106729
0
0
0.0503846
0.105865
0
0
0.15625
0
0
0
0.15625
0
0
0
0.15625
0
0
0
0.15625
0
0
0
0.15625
0
0
0.0527423
0.103508
0
0
0.0464922
0.109758
0
0
0.0534535
0.102796
0
0
0.0267825
0.129467
0
0.0265174
0.129733
0
0
0.0234647
0.132785
0
0
0.0263794
0.129871
0
0
0.0259101
0.13034
0
