histogram cpu_inclusive
/Code/DEFAULT_MODULE/ldtsize_,/Machine,/Process,/SyncObject
518 6.4 0  -1
NaN
NaN
NaN
NaN
NaN
NaN
NaN
NaN
NaN
NaN
NaN
NaN
NaN
NaN
NaN
NaN
NaN
NaN
NaN
NaN
NaN
NaN
NaN
NaN
NaN
NaN
NaN
NaN
NaN
NaN
NaN
NaN
NaN
NaN
NaN
NaN
NaN
NaN
NaN
NaN
NaN
NaN
NaN
NaN
NaN
NaN
0
1.09375e-06
0
0
0.191057
0.357377
0
0
0.0667913
0.480531
0
0
0.00144759
0.546052
0
0
0
0.547622
0
0
0.0191173
0.527501
0
0
0.0459401
0.501166
0
0
0.0714614
0.476774
0
0
0.132701
0.414728
0
0
0.194969
0.352215
0
0
0.252076
0.29498
0
0
0.307608
0.239578
0
0
0.352505
0.194345
0
0
0.422592
0.124904
0
0
0.458794
0.0880592
0
0
0.509346
0.0376909
0
0
0.528868
0.0174754
0
0
0.547165
0
0
0
0.546287
0
0
0
0.547628
0
0
0
0.54812
0
0
0.0237883
0.522025
0
0
0.0539965
0.492577
0
0
0.102734
0.443158
0
0
0.216688
0.329562
0
0
0.318858
0.227084
0
0
0.403978
0.142555
0
0
0.484884
0.061164
0
0
0.546091
0
0
0
0.546962
0
0
0
0.546292
0
0
0.0256175
0.520206
0
0
0.0580525
0.487876
0
0
0.111752
0.43439
0
0
0.226473
0.319778
0
0
0.325241
0.221152
0
0
0.399418
0.146336
0
0
0
0.130795
0.415799
0
0
0.205504
0.340773
0
0
0.298695
0.247629
0
0
0.420369
0.12745
0
0
0.486635
0.0592367
0
0
0.514019
0.0315609
0
0
0.544943
0.00223471
0
0
0.545862
0
0
0.010064
0.536694
0
0
0.0705322
0.47572
0
0
0.155743
0.390512
0
0
0.251438
0.295058
0
0
0.348113
0.198564
0
0
0.3336
0.212424
0
0
0.451088
0.0960137
0
0
0.459945
0.0864838
0
0.0161574
0.528277
0.00207608
0
0.0612052
0.484411
0
0
0.104846
0.441865
0
0
0.141202
0.40558
0
0
0.229684
0.317194
0
0
0.320741
0.224578
0
0
0.402935
0.143058
0
0
0.48417
0.0621569
0
0.0329133
0.514164
0
0
0.0731206
0.472596
0
0
0.115189
0.431061
0
0
0.160486
0.386277
0
0
0.258516
0.287527
0
0
0.326222
0.221023
0
0
0.404112
0.142233
0
0
0.486956
0.0583218
0
0.0233516
0.522331
0
0
0.0687602
0.477721
0
0
0.115777
0.431198
0
0
0.148645
0.398116
0
0
0.258526
0.28736
0
0
0.346379
0.200329
0
0
0.448333
0.0984708
0
0.00202293
0.511796
0.0321403
0
0.0489422
0.497413
0
0
0.0855776
0.459924
0
0
0.134949
0.411349
0
0
0.196059
0.349428
0
0
0.286989
0.260248
0
0
0.385451
0.160909
0
0
0.462659
0.0836152
0
0.00486365
0.53407
0.0076027
0
0.0454533
0.500311
0
0
0.0876786
0.459244
0
0
0.116267
0.43036
0
0
0.167231
0.379101
0
0
0.246
0.300241
0
0
0.337897
0.208177
0
0
0.399785
0.146908
0
0
0.487286
0.0587216
0
0.0303113
0.515896
0
0
0.0684438
0.477797
0
0
0.0804431
0.465612
0
0
0.138145
0.408006
0
0
0.211567
0.33475
0
0
0.28856
0.25678
0
0
0.370226
0.175857
0
0
0.388099
0.158733
0
0
0.462572
0.0837595
0
0.0202027
0.527702
0
0
0.0577686
0.487919
0
0
0.0996628
0.446383
0
0
0.134675
0.411465
0
0
0.185186
0.361456
0
0
0.27521
0.271183
0
0
0.357929
0.18815
0
0
0.435194
0.111133
0
0
0.502767
0.0434784
0
0.0304194
0.515859
0
0
0.0610313
0.485906
0
0
0.105565
0.44091
0
0
0.125359
0.420863
0
0
0.213736
0.333149
0
0
0.239255
0.306714
0
0.0528142
0.298839
0.194297
0
0.0656964
0.401046
0.0791643
0
0.0920724
0.454521
0
0
0.0902852
0.455369
0
