histogram procedure_calls
/Code/DEFAULT_MODULE/lmove2d_,/Machine,/Process,/SyncObject
518 6.4 0  -1
NaN
NaN
NaN
NaN
NaN
NaN
NaN
NaN
NaN
NaN
NaN
NaN
NaN
NaN
NaN
NaN
NaN
NaN
NaN
NaN
NaN
NaN
NaN
NaN
NaN
NaN
NaN
NaN
NaN
NaN
NaN
NaN
NaN
NaN
NaN
NaN
NaN
NaN
NaN
NaN
NaN
NaN
NaN
NaN
NaN
NaN
0
0.15625
0
0
0
0.15625
0
0
0
0.15625
0
0
0
0.15625
0
0
0
0.15625
0
0
0
0.15625
0
0
0
0.15625
0
0
0
0.15625
0
0
0
0.15625
0
0
0
0.15625
0
0
0
0.15625
0
0
0
0.15625
0
0
0
0.15625
0
0
0
0.15625
0
0
0
0.15625
0
0
0.0104363
0.145814
0
0
0.0567881
0.0994619
0
0
0.15625
0
0
0
0.15625
0
0
0
0.15625
0
0
0
0.15625
0
0
0
0.15625
0
0
0
0.15625
0
0
0
0.15625
0
0
0
0.15625
0
0
0
0.15625
0
0
0.046329
0.109921
0
0
0.0451205
0.11113
0
0
0.15625
0
0
0
0.15625
0
0
0
0.15625
0
0
0
0.15625
0
0
0
0.15625
0
0
0
0.15625
0
0
0
0.15625
0
0
0
0.15625
0
0
0.0415102
0.11474
0
0
0
0
0.15625
0
0
0
0.15625
0
0
0
0.15625
0
0
0
0.15625
0
0
0.108393
0.0478572
0
0
0.0978846
0.0583654
0
0
0.107832
0.0484177
0
0
0.15625
0
0
0
0.15625
0
0
0
0.15625
0
0
0
0.15625
0
0
0
0.15625
0
0
0
0.15625
0
0
0
0.15625
0
0
0
0.15625
0
0
0.0503382
0.105912
0
0
0.0506543
0.105596
0
0
0.15625
0
0
0
0.15625
0
0
0
0.15625
0
0
0.0524245
0.103825
0
0
0.0520407
0.104209
0
0
0.0516777
0.104572
0
0
0.0538912
0.102359
0
0
0.15625
0
0
0
0.15625
0
0
0
0.15625
0
0
0
0.15625
0
0
0.0464582
0.109792
0
0
0.0512891
0.104961
0
0
0.0524008
0.103849
0
0
0.0526714
0.103579
0
0
0.15625
0
0
0
0.15625
0
0
0
0.15625
0
0
0
0.15625
0
0
0.0530536
0.103196
0
0
0.0493416
0.106908
0
0
0.044035
0.112215
0
0
0.0524104
0.10384
0
0
0.15625
0
0
0
0.15625
0
0
0
0.15625
0
0
0
0.15625
0
0
0.0516626
0.104587
0
0
0.0465354
0.109715
0
0
0.0428841
0.113366
0
0
0.0467655
0.109484
0
0
0.15625
0
0
0
0.15625
0
0
0
0.15625
0
0
0
0.15625
0
0
0.0544998
0.10175
0
0
0.0496188
0.106631
0
0
0.0538686
0.102381
0
0
0.0527276
0.103522
0
0
0.15625
0
0
0
0.15625
0
0
0
0.15625
0
0
0
0.15625
0
0
0
0.15625
0
0
0.0522416
0.104008
0
0
0.0534799
0.10277
0
0
0.0529523
0.103298
0
0
0.0532206
0.103029
0
0
0.15625
0
0
0
0.15625
0
0
0
0.15625
0
0
0
0.15625
0
0
0
0.15625
0
0
0.0503868
0.105863
0
0
0.0432391
0.113011
0
0
0.0467954
0.109455
0
0
0.0525862
0.103664
0
0
0.15625
0
0
0
0.15625
0
0
0
0.15625
0
0
0
0.15625
0
0
0
0.15625
0
0
0.0267836
0.129466
0
0
0.0265985
0.129651
0
0
0.0242742
0.131976
0
0.0263805
0.12987
0
0
0.0259112
0.130339
0
