histogram procedure_calls
/Code/DEFAULT_MODULE/rgrid2d_,/Machine,/Process,/SyncObject
518 6.4 0  -1
NaN
NaN
NaN
NaN
NaN
NaN
NaN
NaN
NaN
NaN
NaN
NaN
NaN
NaN
NaN
NaN
NaN
NaN
NaN
NaN
NaN
NaN
NaN
NaN
NaN
NaN
NaN
NaN
NaN
NaN
NaN
NaN
NaN
NaN
NaN
NaN
NaN
NaN
NaN
NaN
NaN
NaN
NaN
NaN
NaN
NaN
0
0
0.15625
0
0
0
0.15625
0
0
0
0.15625
0
0
0
0.15625
0
0
0
0.15625
0
0
0
0.15625
0
0
0
0.15625
0
0
0
0.15625
0
0
0
0.15625
0
0
0
0.15625
0
0
0
0.15625
0
0
0
0.15625
0
0
0
0.15625
0
0
0.0862224
0.0700276
0
0
0.092278
0.063972
0
0
0.15625
0
0
0
0.15625
0
0
0
0.15625
0
0
0
0.15625
0
0
0
0.15625
0
0
0
0.15625
0
0
0
0.15625
0
0
0
0.15625
0
0
0
0.15625
0
0
0
0.15625
0
0
0.0185952
0.137655
0
0
0.0480607
0.108189
0
0
0.15625
0
0
0
0.15625
0
0
0
0.15625
0
0
0
0.15625
0
0
0
0.15625
0
0
0
0.15625
0
0
0
0.15625
0
0
0
0.15625
0
0
0
0.15625
0
0
0
0
0.15625
0
0
0
0.15625
0
0
0
0.15625
0
0
0
0.15625
0
0
0.109422
0.0468283
0
0
0.105613
0.050637
0
0
0.105927
0.0503232
0
0
0.15625
0
0
0
0.15625
0
0
0
0.15625
0
0
0
0.15625
0
0
0
0.15625
0
0
0
0.15625
0
0
0
0.15625
0
0
0
0.15625
0
0
0.104235
0.0520149
0
0
0.0527222
0.103528
0
0
0.15625
0
0
0
0.15625
0
0
0
0.15625
0
0
0
0.15625
0
0
0.0506318
0.105618
0
0
0.0527276
0.103522
0
0
0.0539833
0.102267
0
0
0.15625
0
0
0
0.15625
0
0
0
0.15625
0
0
0
0.15625
0
0
0.0495338
0.106716
0
0
0.0439498
0.1123
0
0
0.0536215
0.102629
0
0
0.052748
0.103502
0
0
0.15625
0
0
0
0.15625
0
0
0
0.15625
0
0
0
0.15625
0
0
0.0523319
0.103918
0
0
0.0406108
0.115639
0
0
0.05238
0.10387
0
0
0.0458239
0.110426
0
0
0.15625
0
0
0
0.15625
0
0
0
0.15625
0
0
0
0.15625
0
0
0.0526936
0.103556
0
0
0.0523344
0.103916
0
0
0.0501069
0.106143
0
0
0.0455347
0.110715
0
0
0.15625
0
0
0
0.15625
0
0
0
0.15625
0
0
0
0.15625
0
0
0.0536135
0.102637
0
0
0.0537082
0.102542
0
0
0.0477153
0.108535
0
0
0.0473753
0.108875
0
0
0.15625
0
0
0
0.15625
0
0
0
0.15625
0
0
0
0.15625
0
0
0
0.15625
0
0
0.0513399
0.10491
0
0
0.0530819
0.103168
0
0
0.0531921
0.103058
0
0
0.0469655
0.109284
0
0
0.0524256
0.103824
0
0
0.15625
0
0
0
0.15625
0
0
0
0.15625
0
0
0
0.15625
0
0
0.0435325
0.112717
0
0
0.0527736
0.103476
0
0
0.0506757
0.105574
0
0
0.0546113
0.101639
0
0
0.15625
0
0
0
0.15625
0
0
0
0.15625
0
0
0
0.15625
0
0
0
0.15625
0
0
0.0526842
0.103566
0
0
0.0263914
0.129859
0
0
0.0266923
0.129558
0
0
0.0259781
0.130272
0
0.0264846
0.129765
0
0
0.0247226
0.131527
