histogram cpu
/Code/DEFAULT_MODULE/ezaz2ig_,/Machine,/Process,/SyncObject
518 6.4 0  -1
NaN
NaN
NaN
NaN
NaN
NaN
NaN
NaN
NaN
NaN
NaN
NaN
NaN
NaN
NaN
NaN
NaN
NaN
NaN
NaN
NaN
NaN
NaN
NaN
NaN
NaN
NaN
NaN
NaN
NaN
NaN
NaN
NaN
NaN
NaN
NaN
NaN
NaN
NaN
NaN
NaN
NaN
NaN
NaN
NaN
NaN
0
0.00583242
0.00150695
0.00732672
0
0.00422396
0.00311963
0.00534317
0.00196089
0.00099917
0.00632255
0.00366944
0.00368135
2.48278e-05
0.00736892
0.00154239
0.00578042
0
0.00731047
0.00227311
0.00504657
0.000486305
0.00686776
0.00368828
0.00362703
0.000905662
0.00640809
0.00420772
0.00312025
0.00172053
0.00560228
0.00586623
0.0014308
0.00323294
0.0040869
0.00690272
0.000461182
0.00489702
0.00240986
0.00731625
0
0.00601055
0.00129853
0.00731671
0
0.0070685
0.000290715
0.00732344
0
0.0073061
0
0.00729876
0
0.00732031
0
0.0073386
0
0.00733828
0
0.00730686
0
0.00732735
0
0.00731641
0
0.00729641
0
0.00733139
0
0.00729267
0
0.00731938
0
0.00734219
0
0.00733092
0
0.00731157
0
0.00730688
0
0.00730842
0.00132748
0.00598333
0.000553829
0.00676476
0.00274783
0.00456168
0.00139188
0.00590361
0.00435919
0.0029508
0.0031185
0.00418772
0.00668027
0.000635676
0.00496468
0.00235812
0.00730425
0
0.00729804
6.366e-05
0.00732221
0
0.00730623
0
0.00731453
0
0.00734344
0
0.00731032
0
0.00731859
0.000217989
0.00710388
0
0.0073361
0
0.00730295
6.36419e-05
0.00722448
0.000936736
0.00636375
0.000183369
0.00710911
0.00295535
0.00436578
0.00138929
0.00592163
0.00469949
0.00262987
0.00289027
0.00442911
0.0065565
0.000769614
0.00539279
0.00193534
0.00730686
0
0.00731751
0
0.00736266
0
0.000832814
0.00145425
0.00503355
0.00543222
0.00188529
0.00360396
0.00371429
0.00606734
0.00123017
0.00523701
0.00206158
0.00691851
0.000434469
0.00617688
0.0011489
0.00731297
0
0.00684014
0.000456739
0.00731219
0
0.00731189
0
0.00731327
0
0.00731904
0
0.00730097
0
0.00732824
0.000499611
0.00680419
0
0.00729077
0.00194219
0.00540907
0.000427327
0.00687909
0.00338476
0.00394393
0.00186015
0.00545394
0.00568596
0.0016434
0.00375099
0.00356355
0.00653392
0.000763622
0.00572224
0.00157896
0.00721176
8.32545e-05
0.00699358
0.00035865
0.00730731
0
0.00636991
0.000946338
0.0073269
0
0.00730686
3.34011e-05
0.00729007
0
0.00732936
0.0012533
0.00604558
0.0004657
0.00683103
0.00220463
0.00512175
0.00123361
0.00605641
0.00250571
0.00482379
0.0022776
0.00503194
0.00382742
0.00345121
0.00247389
0.00484138
0.00515092
0.00215705
0.00380724
0.00352152
0.00730596
0
0.00593763
0.00137325
0.00733331
0
0.00729531
0.000480235
0.00680636
0
0.00734717
0.00167258
0.00563972
0.000594499
0.00672585
0.00248001
0.00482297
0.00178493
0.00552774
0.00245781
0.00483422
0.00245175
0.00484744
0.00381432
0.00348524
0.00230255
0.00500833
0.00594335
0.00137871
0.00470785
0.00263247
0.00731438
0
0.0059196
0.00138823
0.00732511
0
0.00735834
0.000385165
0.00693697
0
0.00732079
0.00155735
0.00577373
0.00070161
0.00660577
0.00244374
0.00485739
0.00183088
0.00549796
0.00229682
0.00502025
0.0024411
0.0048636
0.00391934
0.00341173
0.00243638
0.00488083
0.00598362
0.00133106
0.00490088
0.00239101
0.00731185
0
0.00650836
0.000785686
0.00732392
0
0.00730827
0.000730924
0.00658331
0.000110765
0.0071908
0.00151504
0.00580024
0.00111062
0.00617911
0.00221203
0.00507277
0.00195637
0.00535369
0.00237251
0.00492481
0.00243205
0.00487652
0.00472115
0.00257484
0.00306191
0.00424868
0.0073681
0
0.00499203
0.0023225
0.00730641
0
0.00715604
0.000217915
0.00733327
0
0.00731073
0.000970391
0.00634295
0.000119519
0.00716938
0.0018492
0.00547152
0.00105813
0.00628128
0.00237124
0.00494449
0.00227992
0.0050668
0.00240527
0.00493013
0.00252812
0.00478984
0.00402145
0.0032837
0.00248887
0.00480644
0.00673434
0.000557096
0.00403813
0.00330918
0.00731155
0
0.00640155
0.000886752
0.00732705
0
0.00728533
0.000356886
0.00694722
0
0.00732943
0.00151049
0.00583489
0.000712128
0.00661522
0.00243946
0.00486241
0.00128735
0.00604462
0.00240977
0.00490327
0.00237171
0.00495996
0.00308315
0.00423123
0.00250812
0.00481536
0.00487783
0.00243759
0.00309617
0.00419407
0.00729367
0
0.00504461
0.00225412
0.00729054
0
0.00700083
0.000391301
0.00728372
0
0.00731155
0.000299237
0.00699861
0
0.00730351
0.00108239
0.00624839
0.000346122
0.00694844
0.00211961
0.00519388
0.00147672
0.00581516
0.00245263
0.00485356
0.00224759
0.00508751
0.00257047
0.00477714
0.00251591
0.00478417
0.0047257
0.00265038
0.00286387
0.00446169
0.00653033
0.000776155
0.0045236
0.00279868
0.00731602
0
0.00635983
0.000955296
0.00731885
0
0.0073266
0.000678187
0.00662517
0
0.00729099
0.00134169
0.00598744
0.000523792
0.00678523
0.0025145
0.0048051
0.00108826
0.00621793
0.00231239
0.00501972
0.00242539
0.0048653
0.0028537
0.00444817
0.00245122
0.00487717
0.00507414
0.00226022
0.00316297
0.00413368
0.00687154
0.00113323
0.00404731
0.00383142
0.00610658
0.00123412
0.00605374
0.000583772
0.00671556
0.00113168
0.0061915
0.00118085
0.00615574
0.00123751
0.00610891
0.00126596
0.00606451
0.00115016
0.00616646
