histogram cpu_inclusive
/Code/DEFAULT_MODULE/lcros2d_,/Machine,/Process,/SyncObject
518 6.4 0  -1
NaN
NaN
NaN
NaN
NaN
NaN
NaN
NaN
NaN
NaN
NaN
NaN
NaN
NaN
NaN
NaN
NaN
NaN
NaN
NaN
NaN
NaN
NaN
NaN
NaN
NaN
NaN
NaN
NaN
NaN
NaN
NaN
NaN
NaN
NaN
NaN
NaN
NaN
NaN
NaN
NaN
NaN
NaN
NaN
NaN
NaN
0
0
0
0
0.00869185
0.279066
0
0
0
0.287232
0
0
0
0.287383
0
0
0
0.287817
0
0
0
0.287058
0
0
0
0.287782
0
0
0
0.28807
0
0
0.00169206
0.285837
0
0
0.0354648
0.251911
0
0
0.0696831
0.216981
0
0
0.125567
0.161815
0
0
0.170223
0.116611
0
0
0.239317
0.0484527
0
0
0.253964
0.0329409
0
0
0.286885
0
0
0
0.286728
0
0
0
0.287302
0
0
0
0.286533
0
0
0
0.287457
0
0
0
0.288441
0
0
0
0.286515
0
0
0.00163181
0.285411
0
0
0.0284094
0.257936
0
0
0.0347475
0.252041
0
0
0.129968
0.156279
0
0
0.198873
0.087832
0
0
0.280643
0.00579768
0
0
0.286684
0
0
0
0.286949
0
0
0
0.286537
0
0
0
0.286838
0
0
0.00351464
0.283301
0
0
0.030675
0.255766
0
0
0.0557832
0.231127
0
0
0.133694
0.153239
0
0
0.196987
0.0891811
0
0
0
0.0117482
0.275088
0
0
0.068157
0.218299
0
0
0.12451
0.162409
0
0
0.217606
0.0696679
0
0
0.250863
0.035314
0
0
0.284354
0.00250318
0
0
0.287244
0
0
0
0.286276
0
0
0
0.28663
0
0
0
0.28688
0
0
0.0337403
0.252807
0
0
0.0960373
0.190594
0
0
0.16669
0.120634
0
0
0.157551
0.129346
0
0
0.226423
0.060492
0
0
0.253395
0.0337527
0
0
0.286762
0
0
0
0.286198
0
0
0.0439852
0.243284
0
0
0.0803657
0.206686
0
0
0.0960412
0.190856
0
0
0.113485
0.17282
0
0
0.195453
0.0910094
0
0
0.275683
0.0112346
0
0
0.287071
0
0
0.0111236
0.275485
0
0
0.0560233
0.230624
0
0
0.0982013
0.189329
0
0
0.0848936
0.201422
0
0
0.118499
0.168883
0
0
0.196274
0.0905913
0
0
0.279538
0.00688881
0
0
0.286019
0
0
0.00942014
0.277338
0
0
0.0537885
0.233573
0
0
0.0895407
0.197305
0
0
0.0970711
0.189494
0
0
0.139826
0.147098
0
0
0.244776
0.0426944
0
0
0.286245
0
0
0
0.286634
0
0
0.02699
0.259654
0
0
0.0720484
0.214321
0
0
0.09383
0.192258
0
0
0.0946728
0.192316
0
0
0.180758
0.106198
0
0
0.259834
0.0273433
0
0
0.286915
0
0
0
0.286424
0
0
0.027275
0.259776
0
0
0.058874
0.228366
0
0
0.0966525
0.190191
0
0
0.0997246
0.186819
0
0
0.131796
0.155222
0
0
0.190724
0.0958694
0
0
0.279431
0.00711495
0
0
0.286472
0
0
0.00889293
0.277891
0
0
0.0320727
0.255162
0
0
0.076552
0.209965
0
0
0.088121
0.198263
0
0
0.095468
0.19072
0
0
0.161618
0.124811
0
0
0.179612
0.107248
0
0
0.254479
0.0322886
0
0
0.287154
0
0
0
0.28656
0
0
0.0378814
0.249468
0
0
0.0719238
0.21466
0
0
0.0906034
0.195947
0
0
0.0922745
0.194576
0
0
0.154977
0.132001
0
0
0.230234
0.056629
0
0
0.286651
0
0
0
0.286455
0
0
0.00423
0.282721
0
0
0.044394
0.2427
0
0
0.0713969
0.215342
0
0
0.0980864
0.189234
0
0
0.0490246
0.237667
0
0.0220487
0.134709
0.12975
0
0.0384494
0.234388
0.0136938
0
0.0482448
0.238167
0
0
0.0474091
0.23912
0
