histogram procedure_calls
/Code/DEFAULT_MODULE/echanen_,/Machine,/Process,/SyncObject
518 6.4 0  -1
NaN
NaN
NaN
NaN
NaN
NaN
NaN
NaN
NaN
NaN
NaN
NaN
NaN
NaN
NaN
NaN
NaN
NaN
NaN
NaN
NaN
NaN
NaN
NaN
NaN
NaN
NaN
NaN
NaN
NaN
NaN
NaN
NaN
NaN
NaN
NaN
NaN
NaN
NaN
NaN
NaN
NaN
NaN
NaN
NaN
NaN
0
0
0.15625
0.15625
0
0
0.15625
0
0.15625
0
0.15625
0
0.15625
0
0.15625
0
0.15625
0
0.15625
0
0.15625
0
0.15625
0
0.15625
0
0.15625
0
0.15625
0
0.15625
0
0.15625
0
0.15625
0.0916851
0.0645649
0
0.15625
0.15625
0
0
0.15625
0.15625
0
0.0466475
0.109603
0.15625
0
0.15625
0
0.15625
0
0.15625
0
0.15625
0
0.15625
0
0.15625
0
0.15625
0
0.15625
0
0.15625
0
0.15625
0
0.15625
0
0.15625
0
0.15625
0
0.15625
0
0.15625
0
0.15625
0
0.15625
0
0.15625
0
0.15625
0
0.15625
0
0.15625
0.0462429
0.110007
0.045653
0.110597
0.0404526
0.115797
0.0307094
0.125541
0.15625
0
0.0184108
0.137839
0.15625
0
0.15625
0
0.15625
0
0.15625
0
0.15625
0
0.15625
0
0.15625
0
0.15625
0
0.15625
0
0.15625
0
0.15625
0
0.15625
0
0.15625
0
0.15625
0.0441948
0.112055
0
0.15625
0.0433588
0.112891
0.0208878
0.135362
0.15625
0
0.15625
0
0.15625
0
0
0
0.15625
0.104238
0.0520123
0
0.15625
0.106553
0.0496971
0
0.15625
0.105648
0.0506019
0.103649
0.0526013
0.15625
0
0.109264
0.046986
0.15625
0
0.15625
0
0.15625
0
0.15625
0
0.15625
0
0.15625
0
0.15625
0
0.15625
0
0.15625
0
0.15625
0
0.15625
0
0.15625
0.107276
0.0489739
0
0.15625
0.104792
0.0514581
0.107115
0.0491347
0.103688
0.0525623
0.0804493
0.0758007
0.15625
0
0.108077
0.0481725
0.15625
0
0.15625
0
0.15625
0
0.15625
0
0.15625
0
0.15625
0
0.15625
0
0.15625
0.0536621
0.102588
0.0489388
0.107311
0.0283231
0.127927
0.0530803
0.10317
0.0528999
0.10335
0.0505594
0.105691
0.15625
0
0.0526575
0.103593
0.15625
0
0.15625
0
0.15625
0
0.15625
0
0.15625
0
0.15625
0.0533016
0.102948
0
0.15625
0.0529083
0.103342
0.0527224
0.103528
0.0479547
0.108295
0.0494494
0.106801
0.0531355
0.103115
0.0438653
0.112385
0.15625
0
0.0535452
0.102705
0.15625
0
0.15625
0
0.15625
0
0.15625
0
0.15625
0
0.15625
0.0525445
0.103705
0
0.15625
0.0492798
0.10697
0.0524641
0.103786
0.0476756
0.108574
0.0522601
0.10399
0.0495468
0.106703
0.0405254
0.115725
0.15625
0
0.0522991
0.103951
0.15625
0
0.15625
0
0.15625
0
0.15625
0
0.15625
0
0.15625
0.0476952
0.108555
0
0.15625
0.0490346
0.107215
0.0522244
0.104026
0.050864
0.105386
0.0526212
0.103629
0.15625
0
0.0522613
0.103989
0.15625
0
0.0500263
0.106224
0.15625
0
0.15625
0
0.15625
0
0.15625
0
0.15625
0
0.15625
0.0508853
0.105365
0
0.15625
0.0514616
0.104788
0.0542226
0.102027
0.0511014
0.105149
0.0535392
0.102711
0.0331313
0.123119
0.0536294
0.102621
0.15625
0
0.0476329
0.108617
0.15625
0
0.15625
0
0.15625
0
0.15625
0
0.15625
0
0.15625
0.0524285
0.103822
0
0.15625
0.0517317
0.104518
0
0.15625
0.0473538
0.108896
0.0537572
0.102493
0.0535799
0.10267
0.0512639
0.104986
0.15625
0
0.0530084
0.103242
0.15625
0
0.0531155
0.103135
0.15625
0
0.15625
0
0.15625
0
0.15625
0
0.15625
0
0.15625
0
0.15625
0
0.15625
0.0527223
0.103528
0
0.15625
0.0494719
0.106778
0.0540958
0.102154
0.0505916
0.105658
0.0434496
0.1128
0.047459
0.108791
0.0526984
0.103552
0.15625
0
0.0505945
0.105655
0.15625
0
0.15625
0
0.15625
0
0.15625
0
0.15625
0
0.15625
0.0539217
0.102328
0
0.15625
0.0495275
0.106722
0
0.15625
0.0531657
0.103084
0.0524878
0.103762
0.0477041
0.108546
0.0526102
0.10364
0.0524179
0.103832
0.0263555
0.156325
0.12982
0.0265825
0.129667
0.0126346
0.143615
0.0242594
0.131991
0.0252599
0.13099
0.026444
0.129806
0.0271058
0.129144
0.0246833
0.131567
