histogram cpu
/Code/DEFAULT_MODULE/main_output_control_,/Machine,/Process,/SyncObject
518 6.4 0  -1
NaN
NaN
NaN
NaN
NaN
NaN
NaN
NaN
NaN
NaN
NaN
NaN
NaN
NaN
NaN
NaN
NaN
NaN
NaN
NaN
NaN
NaN
NaN
NaN
NaN
NaN
NaN
NaN
NaN
NaN
NaN
NaN
NaN
NaN
NaN
NaN
NaN
NaN
NaN
NaN
NaN
NaN
NaN
NaN
NaN
NaN
1.34375e-05
0
0
2.03125e-06
0
0
0
0
2.1875e-06
0
0
0
2.34375e-06
0
0
0
2.1875e-06
0
0
0
2.1875e-06
0
0
0
2.03125e-06
0
0
0
2.1875e-06
0
0
0
2.1875e-06
0
0
1.27227e-06
9.15232e-07
0
0
2.1875e-06
0
0
0
2.03125e-06
0
0
0
2.03125e-06
0
0
0
2.1875e-06
0
0
0
2.1875e-06
0
0
0
2.03125e-06
0
0
0
2.03125e-06
0
0
0
2.1875e-06
0
0
0
2.03125e-06
0
0
0
2.1875e-06
0
0
0
2.03125e-06
0
0
0
2.03125e-06
0
0
0
2.03125e-06
0
0
6.41795e-07
1.54571e-06
0
0
5.20945e-07
1.5103e-06
0
0
2.1875e-06
0
0
0
2.03125e-06
0
0
0
2.03125e-06
0
0
0
2.1875e-06
0
0
0
2.03125e-06
0
0
0
2.03125e-06
0
0
0
2.03125e-06
0
0
0
2.03125e-06
0
0
6.136e-07
1.5739e-06
0
0
6.01811e-07
1.5857e-06
0
0
2.1875e-06
0
0
0
2.1875e-06
0
0
0
0
1.45297e-06
7.34529e-07
0
0
1.38013e-06
6.51116e-07
0
0
1.47344e-06
7.14065e-07
0
0
2.03125e-06
0
0
0
2.1875e-06
0
0
0
2.03125e-06
0
0
0
2.1875e-06
0
0
0
2.18751e-06
0
0
0
2.03125e-06
0
0
0
2.1875e-06
0
0
1.49628e-06
6.91222e-07
0
0
1.35697e-06
6.74283e-07
0
0
1.34281e-06
6.88437e-07
0
0
2.1875e-06
0
0
0
2.03125e-06
0
0
0
2.18751e-06
0
0
0
2.1875e-06
0
0
0
2.03125e-06
0
0
8.01865e-07
1.54188e-06
0
0
3.93131e-07
1.79437e-06
0
0
7.37981e-07
1.44952e-06
0
0
2.18751e-06
0
0
0
2.1875e-06
0
0
0
2.1875e-06
0
0
0
2.03125e-06
0
0
7.43423e-07
1.44408e-06
0
0
7.37874e-07
1.44963e-06
0
0
6.20693e-07
1.41055e-06
0
0
7.9428e-07
1.54947e-06
0
0
2.03126e-06
0
0
0
2.03125e-06
0
0
0
2.03125e-06
0
0
0
2.03125e-06
0
0
7.32743e-07
1.45476e-06
0
0
6.87203e-07
1.5003e-06
0
0
6.64566e-07
1.52293e-06
0
0
6.41472e-07
1.38978e-06
0
0
2.18752e-06
0
0
0
2.03125e-06
0
0
0
2.1875e-06
0
0
0
2.1875e-06
0
0
6.64822e-07
1.52268e-06
0
0
6.34993e-07
1.39625e-06
0
0
6.58801e-07
1.37245e-06
0
0
6.25523e-07
1.56198e-06
0
0
2.1875e-06
0
0
0
2.1875e-06
0
0
0
2.03127e-06
0
0
0
2.1875e-06
0
0
6.58917e-07
1.37233e-06
0
0
6.66549e-07
1.3647e-06
0
0
7.1265e-07
1.47485e-06
0
0
4.27693e-07
1.60355e-06
0
0
2.1875e-06
0
0
0
2.03125e-06
0
0
0
2.18752e-06
0
0
0
2.1875e-06
0
0
6.79119e-07
1.35213e-06
0
0
6.69931e-07
1.36132e-06
0
0
6.60214e-07
1.52728e-06
0
0
6.94069e-07
1.33718e-06
0
0
2.03125e-06
0
0
0
2.03125e-06
0
0
0
2.03127e-06
0
0
0
2.1875e-06
0
0
0
2.1875e-06
0
0
0
2.03125e-06
0
0
6.82395e-07
1.34885e-06
0
0
6.40649e-07
1.3906e-06
0
0
7.05588e-07
1.48191e-06
0
0
6.14308e-07
1.41694e-06
0
0
2.18752e-06
0
0
0
2.1875e-06
0
0
0
2.1875e-06
0
0
0
2.03125e-06
0
0
6.98324e-07
1.33292e-06
0
0
6.90484e-07
1.49701e-06
0
0
6.88596e-07
1.34265e-06
0
0
6.6489e-07
1.52261e-06
0
0
6.78811e-07
1.35244e-06
0
3.42257e-07
1.68901e-06
0
0
1.7526e-07
2.01224e-06
0
0
3.52354e-07
1.83514e-06
0
0
3.51057e-07
1.68019e-06
0
0
