histogram procedure_calls
/Code/DEFAULT_MODULE/eos_control_,/Machine,/Process,/SyncObject
518 6.4 0  -1
NaN
NaN
NaN
NaN
NaN
NaN
NaN
NaN
NaN
NaN
NaN
NaN
NaN
NaN
NaN
NaN
NaN
NaN
NaN
NaN
NaN
NaN
NaN
NaN
NaN
NaN
NaN
NaN
NaN
NaN
NaN
NaN
NaN
NaN
NaN
NaN
NaN
NaN
NaN
NaN
NaN
NaN
NaN
NaN
NaN
NaN
0
0.15625
0
0.15625
0
0.15625
0
0.15625
0
0.15625
0
0.15625
0
0.0140047
0.142245
0.15625
0
0
0.15625
0.15625
0
0.0867583
0.0694917
0.15625
0
0.0780939
0.0781561
0.15625
0
0.090877
0.065373
0.15625
0
0.15625
0
0.15625
0
0.15625
0
0.15625
0
0.15625
0
0.15625
0
0.15625
0
0.15625
0
0.15625
0
0.15625
0
0.15625
0
0.15625
0
0.15625
0
0.15625
0
0.15625
0
0.15625
0
0.15625
0
0.15625
0
0.15625
0
0.15625
0
0.15625
0
0.15625
0
0.15625
0
0.15625
0
0.15625
0.047638
0.108612
0.0405488
0.115701
0.15625
0
0.0468495
0.1094
0.15625
0
0.15625
0
0.15625
0
0.15625
0
0.15625
0
0.15625
0
0.15625
0
0.15625
0
0.15625
0
0.15625
0
0.15625
0
0.15625
0.0367631
0.119487
0
0.15625
0
0.15625
0.0433437
0.112906
0.0309873
0.125263
0.0126856
0.143564
0.15625
0
0.0438313
0.112419
0.15625
0
0.15625
0
0.15625
0
0.15625
0
0.15625
0
0.15625
0
0.15625
0
0.054356
0.0947873
0.00710669
0.15625
0
0.107187
0.049063
0.15625
0
0.15625
0
0.15625
0
0.15625
0
0.15625
0
0.15625
0
0.15625
0
0.15625
0
0.15625
0
0.15625
0
0.15625
0
0.15625
0.105181
0.0510686
0
0.15625
0.0916972
0.0645528
0.10621
0.0500395
0.15625
0
0.108889
0.0473607
0.15625
0
0.106039
0.0502109
0.15625
0
0.15625
0
0.15625
0
0.15625
0
0.15625
0
0.15625
0
0.15625
0
0.15625
0.0522008
0.104049
0
0.15625
0.0539156
0.102334
0.0506241
0.105626
0.051921
0.104329
0.0432571
0.112993
0.0536638
0.102586
0.0489405
0.10731
0.15625
0
0.053082
0.103168
0.15625
0
0.15625
0
0.15625
0
0.15625
0
0.15625
0
0.15625
0.0448724
0.111378
0
0.15625
0.0531929
0.103057
0.0443243
0.111926
0.0533033
0.102947
0.0497807
0.106469
0.05291
0.10334
0.0527241
0.103526
0.15625
0
0.049451
0.106799
0.15625
0
0.15625
0
0.15625
0
0.15625
0
0.15625
0
0.15625
0.0426649
0.113585
0
0.15625
0.0534171
0.102833
0.0537054
0.102545
0.0525462
0.103704
0.0533486
0.102901
0.0492815
0.106969
0.0524658
0.103784
0.15625
0
0.0522617
0.103988
0.15625
0
0.15625
0
0.15625
0
0.15625
0
0.15625
0
0.15625
0.0477317
0.108518
0.0523824
0.103868
0.0407697
0.11548
0.0515078
0.104742
0.0476968
0.108553
0.0472413
0.109009
0.15625
0
0.052226
0.104024
0.15625
0
0.15625
0
0.15625
0
0.15625
0
0.15625
0
0.15625
0.0536647
0.102585
0
0.15625
0.0523166
0.103933
0.0467359
0.109514
0.0495511
0.106699
0.0512333
0.105017
0.0508869
0.105363
0.0533224
0.102928
0.0514632
0.104787
0.0542243
0.102026
0.15625
0
0.0535408
0.102709
0.15625
0
0.15625
0
0.15625
0
0.15625
0
0.15625
0
0.15625
0.0403526
0.115897
0
0.15625
0.0531477
0.103102
0.0534389
0.102811
0.0524301
0.10382
0.0414821
0.114768
0.0517333
0.104517
0.0525322
0.103718
0.15625
0
0.0537589
0.102491
0.15625
0
0.15625
0
0.15625
0
0.15625
0
0.15625
0
0.15625
0.052772
0.103478
0
0.15625
0.0524037
0.103846
0
0.15625
0.0458313
0.110419
0.0506584
0.105592
0.049771
0.106479
0.0538856
0.102364
0.052724
0.103526
0.0513956
0.104854
0.15625
0
0.0540974
0.102153
0.15625
0
0.15625
0
0.15625
0
0.15625
0
0.15625
0
0.15625
0
0.15625
0
0.15625
0.0527325
0.103518
0
0.15625
0.0464844
0.109766
0.044101
0.112149
0.0539234
0.102327
0.039095
0.117155
0.0495291
0.106721
0.0528789
0.103371
0.15625
0
0.0524894
0.103761
0.15625
0
0.15625
0
0.15625
0.0267685
0.129482
0.0264312
0.129819
0.0265834
0.129667
0.0126355
0.143615
0.0242602
0.13199
0.0252607
0.130989
0.0264448
0.129805
0.0271067
0.129143
0.0246841
0.131566
