histogram cpu_inclusive
/Code/DEFAULT_MODULE/MAIN_,/Machine,/Process,/SyncObject
518 6.4 0  -1
NaN
NaN
NaN
NaN
NaN
NaN
NaN
NaN
NaN
NaN
NaN
NaN
NaN
NaN
NaN
NaN
NaN
NaN
NaN
NaN
NaN
NaN
NaN
NaN
NaN
NaN
NaN
NaN
NaN
NaN
NaN
NaN
NaN
NaN
NaN
NaN
NaN
NaN
NaN
NaN
NaN
NaN
NaN
NaN
NaN
NaN
0.852747
0.925416
0.906305
0.948503
0.937992
0.937624
0.890246
0.911104
0.93287
0.928933
0.930695
0.929795
0.928133
0.926627
0.93462
0.917701
0.942508
0.957731
0.963069
0.955129
0.97061
0.961124
0.950588
0.962946
0.961531
0.953074
0.942908
0.956295
0.982297
0.955976
0.9649
0.955915
0.97531
0.955829
0.968456
0.970355
0.957227
0.961163
0.967809
0.954554
0.96386
0.949898
0.976403
0.944897
0.973561
0.952687
0.950977
0.959384
0.973185
0.975947
0.964595
0.963863
0.95591
0.965815
0.952862
0.945418
0.967259
0.959884
0.967572
0.975185
0.939107
0.962701
0.950204
0.9568
0.961277
0.958342
0.978235
0.962833
0.967263
0.967399
0.944603
0.953453
0.97341
0.959825
0.955296
0.957421
0.962896
0.952132
0.973148
0.973285
0.952244
0.984468
0.977454
0.980785
0.9779
0.962431
0.977191
0.981897
0.969083
0.956897
0.975926
0.984215
0.988075
0.975873
0.968708
0.97546
0.968657
0.9825
0.973724
0.973555
0.96521
0.980155
0.975036
0.97374
0.971621
0.981642
0.978157
0.979266
0.955076
0.961228
0.983825
0.987836
0.975074
0.983087
0.972458
0.968379
0.966157
0.960581
0.96864
0.979395
0.970357
0.971041
0.980395
0.96671
0.975533
0.974234
0.982716
0.972847
0.970377
0.972343
0.976567
0.973699
0.97986
0.971612
0.988254
0.9758
0.970087
0.97912
0.974553
0.974027
0.969339
0.974204
0.968363
0.496406
0.149668
0.915054
0.975783
0.976742
0.984007
0.950884
0.971542
0.978512
0.977704
0.982161
0.958932
0.976686
0.979417
0.981951
0.988418
0.971877
0.96014
0.979596
0.978059
0.981951
0.956132
0.966776
0.981989
0.976931
0.969876
0.985201
0.98054
0.978614
0.983271
0.975585
0.984453
0.985949
0.974772
0.965852
0.963327
0.981181
0.973514
0.96694
0.975864
0.975522
0.980775
0.988195
0.977772
0.97184
0.971898
0.986561
0.975778
0.981349
0.961401
0.973939
0.985346
0.972474
0.985286
0.937515
0.981316
0.982566
0.978223
0.97916
0.979306
0.976519
0.971643
0.991178
0.987066
0.981807
0.989261
0.984736
0.976903
0.989193
0.975934
0.990575
0.979596
0.991951
0.981597
0.981026
0.98058
0.988767
0.97
0.987354
0.980283
0.985617
0.986385
0.983724
0.982234
0.985744
0.982954
0.990674
0.982883
0.985382
0.971271
0.988903
0.990959
0.978909
0.971288
0.99281
0.981934
0.991712
0.984663
0.96637
0.978269
0.988979
0.985843
0.990599
0.976211
0.986704
0.990386
0.986175
0.978385
0.975546
0.990204
0.983061
0.986646
0.987945
0.980468
0.977499
0.965395
0.98955
0.977367
0.984763
0.988284
0.975188
0.982553
0.982874
0.976974
0.987195
0.991046
0.981477
0.980437
0.969925
0.988916
0.990077
0.988854
0.975406
0.990726
0.986272
0.986039
0.986631
0.978187
0.987872
0.986891
0.988674
0.977646
0.985929
0.98696
0.992388
0.982055
0.98366
0.990031
0.982412
0.990535
0.98767
0.982699
0.982947
0.976326
0.987693
0.989973
0.982153
0.991982
0.983506
0.988032
0.986014
0.972313
0.987071
0.98918
0.983099
0.983534
0.980342
0.991964
0.991408
0.989151
0.982904
0.981852
0.988997
0.990125
0.984942
0.973831
0.984706
0.987585
0.992057
0.98666
0.968463
0.985845
0.977597
0.98171
0.983868
0.982142
0.981765
0.987511
0.987733
0.984413
0.980288
0.983778
0.990783
0.991185
0.980788
0.986748
0.960733
0.977501
0.987138
0.989018
0.982689
0.980993
0.991237
0.984266
0.972417
0.968453
0.984264
0.99251
0.988526
0.978924
0.989996
0.985333
0.984081
0.975985
0.97842
0.987908
0.979473
0.988034
0.984991
0.976472
0.993728
0.989842
0.986326
0.986653
0.979847
0.987566
0.982275
0.976043
0.978783
0.973239
0.980885
0.993826
0.984085
0.974735
0.991114
0.988257
0.989778
0.977337
0.980684
0.987984
0.981122
0.983041
0.988721
0.98154
0.97998
0.993877
0.98551
0.986138
0.964618
0.992861
0.986465
0.990308
0.978277
0.981478
0.991722
0.984042
0.987996
0.975394
0.987556
0.991657
0.98622
0.993506
0.973323
0.980625
0.991579
0.978485
0.985689
0.97882
0.981277
0.993737
0.990132
0.982089
0.977393
0.980916
0.984741
0.985862
0.985114
0.984848
0.985973
0.978945
0.985027
0.977898
0.98963
0.987518
0.984517
0.987682
0.980631
0.986708
0.991613
0.976544
0.978255
0.983817
0.985883
0.986807
0.991038
0.977946
0.969089
0.986186
0.984019
0.990843
0.981908
0.979662
0.989166
0.985886
0.992362
0.979215
0.985134
0.987691
0.992571
0.992544
0.982409
0.989322
0.988648
0.994785
0.990586
0.986974
0.994962
0.974979
0.988665
0.989249
0.985738
0.989227
0.992154
0.991105
0.991528
0.986423
0.993331
0.99087
0.973902
