histogram cpu
/Code/DEFAULT_MODULE/ldtvolu_,/Machine,/Process,/SyncObject
518 6.4 0  -1
NaN
NaN
NaN
NaN
NaN
NaN
NaN
NaN
NaN
NaN
NaN
NaN
NaN
NaN
NaN
NaN
NaN
NaN
NaN
NaN
NaN
NaN
NaN
NaN
NaN
NaN
NaN
NaN
NaN
NaN
NaN
NaN
NaN
NaN
NaN
NaN
NaN
NaN
NaN
NaN
NaN
NaN
NaN
NaN
NaN
NaN
0
0
0
0
0
0.0191
0
0
0
0.0189089
0
0
0
0.0189055
0
0
0
0.0191055
0
0
0
0.0189889
0
0
0
0.01895
0
0
0
0.0191422
0
0
0
0.0188781
0
0
0
0.0188669
0
0
0
0.0189627
0
0
0
0.0189028
0
0
0
0.0189075
0
0
0.00271657
0.0164564
0
0
0.0106023
0.00833506
0
0
0.0183705
0.000645101
0
0
0.019095
0
0
0
0.0189269
0
0
0
0.0190264
0
0
0
0.0189459
0
0
0
0.0189688
0
0
0
0.0190031
0
0
0
0.0189267
0
0
0
0.0189202
0
0
0
0.0190509
0
0
0.00323862
0.0156197
0
0
0.00553899
0.0133438
0
0
0.00539033
0.0134725
0
0
0.0189625
0
0
0
0.0189205
0
0
0
0.0191869
0
0
0
0.018837
0
0
0
0.0187872
0
0
0
0.0191124
0
0
0
0.018974
0
0
0.00510763
0.0138891
0
0
0.00497795
0.0139761
0
0
0
0
0.0189348
0
0
0
0.0190774
0
0
0
0.0189237
0
0
0.0109778
0.0080822
0
0
0.0130896
0.00586589
0
0
0.0117941
0.0071414
0
0
0.0188673
0
0
0
0.0189128
0
0
0
0.0189849
0
0
0
0.0189726
0
0
0
0.0190151
0
0
0
0.0189797
0
0
0
0.0189902
0
0
0
0.0189375
0
0
0.0127326
0.00627483
0
0
0.00604424
0.0128054
0
0
0.0190718
0
0
0
0.0189625
0
0
0
0.0189444
0
0
0
0.0189533
0
0
0.00635302
0.0126682
0
0
0.00628869
0.0126774
0
0
0.00626014
0.0127738
0
0
0.00652864
0.0124881
0
0
0.0188902
0
0
0
0.0188792
0
0
0
0.018953
0
0
0
0.0190484
0
0
0.00561018
0.0133642
0
0
0.0061932
0.0127726
0
0
0.00632678
0.0126245
0
0
0.00632199
0.0125186
0
0
0.0189099
0
0
0
0.0189702
0
0
0
0.0189522
0
0
0.00526523
0.0139219
0
0
0.0063973
0.0125307
0
0
0.00596511
0.0130206
0
0
0.00530209
0.0136254
0
0
0.0158979
0.00298838
0
0
0.0188944
0
0
0
0.0190534
0
0
0
0.0190493
0
0
0.00617575
0.0127006
0
0
0.00625515
0.0127495
0
0
0.00564953
0.0134257
0
0
0.00516701
0.0137789
0
0
0.0189289
0
0
0
0.0188777
0
0
0
0.018988
0
0
0
0.0190301
0
0
0.00606416
0.0128605
0
0
0.00658459
0.0123764
0
0
0.00598007
0.0129478
0
0
0.00652901
0.0124926
0
0
0.00636778
0.0125875
0
0
0.0189975
0
0
0
0.0189853
0
0
0
0.0188884
0
0
0
0.018979
0
0
0.00583309
0.0131739
0
0
0.00631009
0.0126478
0
0
0.00643387
0.0124481
0
0
0.00638375
0.0125394
0
0
0.00646881
0.0126138
0
0
0.0191316
0
0
0
0.0189947
0
0
0
0.0189514
0
0
0
0.0188544
0
0
0.00596085
0.0129368
0
0
0.00609242
0.0128927
0
0
0.0051844
0.013666
0
0
0.00564309
0.0133036
0
0
0.0105035
0.0084444
0
0
0.0189772
0
0
0
0.0189318
0
0
0
0.0189881
0
0
0
0.0189885
0
0
0.00644507
0.0124746
0
0
0.00322178
0.0156616
0
0
0.00321147
0.0157433
0
0
0.00292091
0.0159703
0
0.00319135
0.0157979
0
0
0.00312685
0.0158133
0
