histogram cpu_inclusive
/Code/DEFAULT_MODULE/lbcac2d_,/Machine,/Process,/SyncObject
518 6.4 0  -1
NaN
NaN
NaN
NaN
NaN
NaN
NaN
NaN
NaN
NaN
NaN
NaN
NaN
NaN
NaN
NaN
NaN
NaN
NaN
NaN
NaN
NaN
NaN
NaN
NaN
NaN
NaN
NaN
NaN
NaN
NaN
NaN
NaN
NaN
NaN
NaN
NaN
NaN
NaN
NaN
NaN
NaN
NaN
NaN
NaN
NaN
0
4.375e-05
0
0
3.65625e-05
0
0
0
3.76562e-05
0
0
0
1.19605e-06
3.56789e-05
0
0
0
3.70313e-05
0
0
2.0575e-05
1.64562e-05
0
0
2.05183e-05
1.63568e-05
0
0
2.66433e-05
1.91379e-05
0
0
3.67187e-05
0
0
0
3.71875e-05
0
0
0
3.65625e-05
0
0
0
3.70312e-05
0
0
0
3.6875e-05
0
0
0
3.70312e-05
0
0
0
3.6875e-05
0
0
0
3.73437e-05
0
0
0
3.6875e-05
0
0
0
3.70312e-05
0
0
0
3.6875e-05
0
0
0
3.67188e-05
0
0
0
3.75e-05
0
0
1.08051e-05
2.57573e-05
0
0
1.075e-05
2.65938e-05
0
0
3.6875e-05
0
0
0
3.65625e-05
0
0
0
3.73438e-05
0
0
0
3.73437e-05
0
0
0
3.71875e-05
0
0
0
3.65626e-05
0
0
0
3.75e-05
0
0
0
3.75e-05
0
0
9.89659e-06
2.72909e-05
0
0
1.1157e-05
2.60305e-05
0
0
3.67187e-05
0
0
0
3.67187e-05
0
0
0
3.71876e-05
0
0
0
3.75e-05
0
0
0
0
2.42106e-05
1.28207e-05
0
0
3.6875e-05
0
0
0
3.6875e-05
0
0
0
3.70313e-05
0
0
0
3.67187e-05
0
0
0
3.73437e-05
0
0
0
3.70313e-05
0
0
0
3.75e-05
0
0
2.51373e-05
1.20503e-05
0
0
2.42116e-05
1.25071e-05
0
0
2.45252e-05
1.20372e-05
0
0
3.71876e-05
0
0
0
3.6875e-05
0
0
0
3.75e-05
0
0
0
3.70313e-05
0
0
0
3.67187e-05
0
0
1.24161e-05
2.43028e-05
0
0
1.24839e-05
2.42348e-05
0
0
1.23305e-05
2.45445e-05
0
0
1.25281e-05
2.49719e-05
0
0
4.1875e-05
0
0
0
3.64063e-05
0
0
0
3.65624e-05
0
0
0
3.70313e-05
0
0
1.18921e-05
2.49829e-05
0
0
1.26415e-05
2.43898e-05
0
0
1.18967e-05
2.46658e-05
0
0
1.24776e-05
2.39285e-05
0
0
3.67188e-05
0
0
0
3.65626e-05
0
0
0
3.73437e-05
0
0
0
3.71874e-05
0
0
1.17678e-05
2.52633e-05
0
0
1.21284e-05
2.50593e-05
0
0
1.24994e-05
2.42192e-05
0
0
3.68751e-05
0
0
0
3.68751e-05
0
0
0
3.75e-05
0
0
0
3.68748e-05
0
0
1.22258e-05
2.41805e-05
0
0
1.24403e-05
2.44348e-05
0
0
1.1818e-05
2.47443e-05
0
0
1.28819e-05
2.44618e-05
0
0
3.6094e-05
0
0
0
3.71874e-05
0
0
0
3.64063e-05
0
0
0
3.70311e-05
0
0
1.25309e-05
2.41879e-05
0
0
1.21024e-05
2.47725e-05
0
0
1.21094e-05
2.44531e-05
0
0
1.17442e-05
2.54435e-05
0
0
3.6406e-05
0
0
0
3.68751e-05
0
0
0
3.68751e-05
0
0
0
4.03123e-05
0
0
0
3.68751e-05
0
0
1.23299e-05
2.42327e-05
0
0
1.19744e-05
2.45878e-05
0
0
9.79494e-06
2.69239e-05
0
0
1.26404e-05
2.47033e-05
0
0
3.70314e-05
0
0
0
3.70311e-05
0
0
0
3.67188e-05
0
0
0
3.68748e-05
0
0
0
3.71874e-05
0
0
1.26661e-05
2.49902e-05
0
0
1.22715e-05
2.46037e-05
0
0
1.24627e-05
2.40999e-05
0
0
1.28698e-05
2.44739e-05
0
0
3.65626e-05
0
0
0
3.65623e-05
0
0
0
3.71877e-05
0
0
0
3.71874e-05
0
0
0
3.70311e-05
0
0
1.26588e-05
2.406e-05
0
0
1.17221e-05
2.59341e-05
0
0
1.2418e-05
2.44569e-05
0
0
1.1125e-05
2.6375e-05
0
0
3.71877e-05
0
0
0
3.625e-05
0
0
6.26893e-06
3.07622e-05
0
0
5.42814e-06
3.08218e-05
0
0
6.10479e-06
3.01452e-05
0
0
6.07413e-06
3.06447e-05
0
