histogram cpu_inclusive
/Code/DEFAULT_MODULE/ezaz2ig_,/Machine,/Process,/SyncObject
518 6.4 0  -1
NaN
NaN
NaN
NaN
NaN
NaN
NaN
NaN
NaN
NaN
NaN
NaN
NaN
NaN
NaN
NaN
NaN
NaN
NaN
NaN
NaN
NaN
NaN
NaN
NaN
NaN
NaN
NaN
NaN
NaN
NaN
NaN
NaN
NaN
NaN
NaN
NaN
NaN
NaN
NaN
NaN
NaN
NaN
NaN
NaN
NaN
0
0.0084035
0.00214681
0.0105337
0
0.00607159
0.00445935
0.00773791
0.00281647
0.00145517
0.00906795
0.00531148
0.00527211
3.92956e-05
0.0105184
0.00223107
0.00829252
0
0.0104858
0.00327963
0.00723834
0.000704641
0.00987004
0.00527728
0.00520366
0.00130896
0.00919917
0.00607128
0.00444075
0.00248858
0.00805157
0.00850282
0.00204422
0.00464739
0.00586011
0.0098913
0.00064855
0.00704717
0.0034472
0.0104708
0
0.00865457
0.00185432
0.010512
0
0.0101377
0.000409746
0.0104938
0
0.010498
0
0.0104784
0
0.0104959
0
0.0105123
0
0.0104988
0
0.0105364
0
0.0105127
0
0.0105108
0
0.0105125
0
0.010484
0
0.0105192
0
0.0105906
0
0.0105547
0
0.0105889
0
0.0104927
0
0.0104856
0
0.0104823
0.00192123
0.0085886
0.000799721
0.00974859
0.00396572
0.0065463
0.00201511
0.00849722
0.00625232
0.0042166
0.00449595
0.00599949
0.009598
0.000909811
0.00712795
0.00339831
0.0105269
0
0.0104621
8.9927e-05
0.0105048
0
0.0105125
0
0.010489
0
0.0105983
0
0.0104739
0
0.0104839
0.000328415
0.0102194
0
0.0105505
0
0.0105044
9.17214e-05
0.0104049
0.00135718
0.00911797
0.000271307
0.0102424
0.00427073
0.00624785
0.00201074
0.00851804
0.00673121
0.0037861
0.0041483
0.00637699
0.00942696
0.00110041
0.00776207
0.00275994
0.0105119
0
0.0105122
0
0.0105207
0
0.001194
0.00208352
0.00719338
0.0078062
0.00268258
0.00518366
0.00530497
0.00871608
0.00175966
0.00753458
0.00294355
0.00994701
0.000624392
0.00885578
0.00163404
0.0105161
0
0.00983138
0.000651889
0.0105166
0
0.0104991
0
0.0104997
0
0.0105209
0
0.0105011
0
0.0105181
0.000718509
0.00978145
0
0.0104898
0.00278196
0.00773617
0.000615785
0.00991457
0.00489057
0.00565803
0.00268848
0.00780976
0.00817826
0.00235425
0.00541858
0.00511549
0.00939723
0.00109118
0.00822474
0.0022551
0.0103565
0.00012291
0.00999356
0.000501771
0.0104995
0
0.00914435
0.00134786
0.0104859
0
0.010502
4.72351e-05
0.0104651
0
0.010514
0.00179823
0.00870821
0.000671658
0.00984133
0.00317613
0.00734133
0.00178108
0.00870643
0.00359367
0.00689444
0.00328279
0.00722469
0.00551202
0.00494711
0.00356132
0.00694549
0.00739901
0.00308992
0.00545697
0.00505535
0.0104772
0
0.00852509
0.00197226
0.0105024
0
0.0105128
0.000692121
0.00981245
0
0.0104809
0.0024079
0.00809563
0.000846842
0.00964924
0.00358161
0.00694129
0.00257039
0.00796398
0.00354314
0.006944
0.00353821
0.00697143
0.0054866
0.00501245
0.0033132
0.00718095
0.00853862
0.00197459
0.00674151
0.00376306
0.0105029
0
0.00850496
0.0020008
0.0105178
0
0.0104918
0.000545401
0.00997825
0
0.0104743
0.00225434
0.00830373
0.00101752
0.00947886
0.00351471
0.0069608
0.00263745
0.00788411
0.00330568
0.00720038
0.00351781
0.00698245
0.00561123
0.00487889
0.00350892
0.00700608
0.00859204
0.00192044
0.00708249
0.00342983
0.0105242
0
0.00935399
0.00111556
0.0104867
0
0.0104943
0.00105035
0.00944737
0.00016006
0.010322
0.00218363
0.00831945
0.00160892
0.00889342
0.00319794
0.00730529
0.00282413
0.00771427
0.0034197
0.00707355
0.00350819
0.00701054
0.00680023
0.00369392
0.00439896
0.00609727
0.0105633
0
0.0071936
0.00333571
0.0104876
0
0.0102529
0.000316416
0.010489
0
0.0104813
0.00139564
0.00909641
0.000172687
0.0102921
0.00264798
0.00788565
0.00152206
0.00900084
0.00340783
0.0070799
0.0032801
0.0072507
0.00344689
0.00704145
0.00364326
0.00687889
0.00579312
0.00471265
0.00358998
0.00691012
0.00971905
0.000799977
0.00578666
0.00473967
0.0104932
0
0.00923515
0.00129132
0.0104904
0
0.010483
0.000512777
0.00999031
0
0.0105184
0.00216984
0.00838495
0.00102226
0.00947471
0.00351576
0.00698449
0.00185992
0.00871245
0.00347348
0.00704197
0.00340596
0.00709832
0.00444864
0.00610064
0.00360589
0.00689884
0.00702654
0.00349651
0.00444985
0.00602134
0.0104836
0
0.00725422
0.00322681
0.0104935
0
0.0100255
0.000569325
0.0104509
0
0.0104773
0.000431049
0.0100701
0
0.0104955
0.00155948
0.00895523
0.000501113
0.00998945
0.0030543
0.00745639
0.00212544
0.00837199
0.00353262
0.00696674
0.00324099
0.00729607
0.00368972
0.00683363
0.0036322
0.00688325
0.00674988
0.00378047
0.00413581
0.00639261
0.00938568
0.00111383
0.00650283
0.00402067
0.0105403
0
0.00915188
0.00137445
0.0105101
0
0.0105174
0.00097599
0.00950847
0
0.0104952
0.0019171
0.00855306
0.000760799
0.00973215
0.00362008
0.00689418
0.00157396
0.00895044
0.00332167
0.00718335
0.0035105
0.00701896
0.00411187
0.0063772
0.00351896
0.00697876
0.00728166
0.00322217
0.00456243
0.00594959
0.00986713
0.0016289
0.00579028
0.0054561
0.00873957
0.00178368
0.00872432
0.000848158
0.00969561
0.00162712
0.0088773
0.00169935
0.00883487
0.00177606
0.00874177
0.00182072
0.0086986
0.00165217
0.00883109
