histogram cpu_inclusive
/Code/DEFAULT_MODULE/thermal_transport_hydro_only_,/Machine,/Process,/SyncObject
518 6.4 0  -1
NaN
NaN
NaN
NaN
NaN
NaN
NaN
NaN
NaN
NaN
NaN
NaN
NaN
NaN
NaN
NaN
NaN
NaN
NaN
NaN
NaN
NaN
NaN
NaN
NaN
NaN
NaN
NaN
NaN
NaN
NaN
NaN
NaN
NaN
NaN
NaN
NaN
NaN
NaN
NaN
NaN
NaN
NaN
NaN
NaN
NaN
0
0.00391047
0
0
0
0.00394156
0
0
0
0.00383953
0
0
0
0.000342183
0.00352469
0
0
0
0.00384922
0
0
0.00218211
0.00175211
0
0
0.00192397
0.00193088
0
0
0.00341942
0.000455577
0
0
0.00385719
0
0
0
0.00384781
0
0
0
0.00386484
0
0
0
0.00385453
0
0
0
0.0038436
0
0
0
0.00388469
0
0
0
0.00386453
0
0
0
0.00385187
0
0
0
0.00392406
0
0
0
0.00388469
0
0
0
0.00393125
0
0
0
0.00385453
0
0
0
0.00385656
0
0
0.00100436
0.00286986
0
0
0.00115706
0.00270574
0
0
0.00383704
0
0
0
0.00386249
0
0
0
0.00385344
0
0
0
0.00389078
0
0
0
0.0039336
0
0
0
0.00386219
0
0
0
0.00394719
0
0
0.00106445
0.00277696
0
0
0.000313118
0.00356063
0
0
0.00108445
0.00278555
0
0
0.00384782
0
0
0
0.00385172
0
0
0
0.00387062
0
0
0
0.0013422
0.00234087
0.000175686
0
0
0.0026478
0.0012136
0
0
0.00386188
0
0
0
0.00387578
0
0
0
0.00393797
0
0
0
0.00388157
0
0
0
0.00385344
0
0
0
0.00386437
0
0
0
0.00387453
0
0
0.00263181
0.00124164
0
0
0.00270146
0.00117666
0
0
0.00261826
0.00124142
0
0
0.00386408
0
0
0
0.00386951
0
0
0
0.00386063
0
0
0
0.00385297
0
0
0
0.00388296
0
0
0.00126087
0.00263241
0
0
0.00107031
0.00279812
0
0
0.00121175
0.00265889
0
0
0.00131887
0.00256503
0
0
0.00387283
0
0
0
0.00384904
0
0
0
0.00385642
0
0
0
0.00390453
0
0
0.00110293
0.00278737
0
0
0.00123185
0.00263643
0
0
0.00130396
0.00256212
0
0
0.00338195
0.00055633
0
0
0.00384625
0
0
0
0.00386484
0
0
0
0.00385845
0
0
0
0.003905
0
0
0.00133102
0.00254304
0
0
0.00131998
0.00254752
0
0
0.00129537
0.00256416
0
0
0.00130422
0.00259672
0
0
0.00386624
0
0
0
0.00384798
0
0
0
0.00388563
0
0
0.00130102
0.00258131
0
0
0.00127281
0.00259
0
0
0.00116713
0.00269506
0
0
0.00129732
0.00258564
0
0
0.00387374
0
0
0
0.00386596
0
0
0
0.00385828
0
0
0
0.00390813
0
0
0.00115402
0.00270597
0
0
0.00127938
0.00262405
0
0
0.00132102
0.00255165
0
0
0.00135344
0.00254828
0
0
0.00135296
0.00259704
0
0
0.00386953
0
0
0
0.00385985
0
0
0
0.00386078
0
0
0
0.00387624
0
0
0.00132081
0.00254295
0
0
0.00102941
0.0028504
0
0
0.00129799
0.00256435
0
0
0.0013306
0.00253849
0
0
0.00386938
0
0
0
0.00386748
0
0
0
0.00387844
0
0
0
0.00387389
0
0
0
0.00387721
0
0
0.0012599
0.00262774
0
0
0.00133254
0.00253308
0
0
0.00127496
0.0026027
0
0
0.00135309
0.00255675
0
0
0.00385657
0
0
0
0.00388876
0
0
0
0.00386342
0
0
0
0.00390172
0
0
0
0.00398159
0
0
0.00109194
0.00277897
0
0
0.000967443
0.00290164
0
0
0.00132004
0.00258227
0
0
0.00130401
0.00257927
0
0
0.00386953
0
0
0.000666514
0.00322571
0
0
0.000660773
0.00322482
0
0
0.000600383
0.00326807
0
0
0.000658631
0.00323467
0
0
0.000613028
0.00326913
