histogram cpu_inclusive
/Code/DEFAULT_MODULE/rdtvolu_,/Machine,/Process,/SyncObject
518 6.4 0  -1
NaN
NaN
NaN
NaN
NaN
NaN
NaN
NaN
NaN
NaN
NaN
NaN
NaN
NaN
NaN
NaN
NaN
NaN
NaN
NaN
NaN
NaN
NaN
NaN
NaN
NaN
NaN
NaN
NaN
NaN
NaN
NaN
NaN
NaN
NaN
NaN
NaN
NaN
NaN
NaN
NaN
NaN
NaN
NaN
NaN
NaN
0
0
0
0.0385398
0
0
0
0.0385273
0
0
0
0.0382105
0
0
0
0.0384447
0
0
0
0.0383645
0
0
0
0.0386678
0
0
0
0.0387248
0
0
0
0.0383416
0
0
0
0.0382802
0
0
0
0.0382552
0
0
0
0.0382586
0
0
0
0.0382626
0
0
0
0.0384792
0
0
0
0.0384378
0
0
0
0.0382778
0
0
0
0.0383545
0
0
0
0.0382759
0
0
0
0.0385003
0
0
0
0.0383064
0
0
0.00257633
0.0359459
0
0
0.0116847
0.0267245
0
0
0.0382564
0
0
0
0.0381506
0
0
0
0.0381725
0
0
0
0.0382176
0
0
0
0.0385392
0
0
0
0.0384631
0
0
0
0.0381852
0
0
0.00908684
0.0296571
0
0
0
0.0383551
0
0
0.0231465
0.0153617
0
0
0.0384139
0
0
0
0.0383108
0
0
0
0.0382796
0
0
0
0.0382195
0
0
0
0.0386105
0
0
0
0
0.0382289
0
0
0
0.0381914
0
0
0
0.0384079
0
0
0
0.0385693
0
0
0
0.0385448
0
0
0
0.0384259
0
0
0
0.03811
0
0
0.0257103
0.0125236
0
0
0.0224728
0.0158799
0
0
0.0387438
0
0
0
0.0383893
0
0
0
0.0382672
0
0
0
0.0383836
0
0
0
0.0382394
0
0
0
0.0382559
0
0
0.0128406
0.0256327
0
0
0.0131606
0.0250166
0
0
0.0127283
0.0256131
0
0
0.0131083
0.025096
0
0
0.0384364
0
0
0
0.0383118
0
0
0
0.0383109
0
0
0
0.038407
0
0
0.0109841
0.0273094
0
0
0.0130208
0.0252637
0
0
0.0130642
0.0252696
0
0
0.0129624
0.0253552
0
0
0.0383241
0
0
0
0.0382257
0
0
0
0.0383238
0
0
0
0.0386134
0
0
0.0104671
0.0279219
0
0
0.0130819
0.0252177
0
0
0.0130427
0.0257799
0
0
0.0155147
0.0229443
0
0
0.0383267
0
0
0
0.0383925
0
0
0
0.0384146
0
0
0.00862654
0.0300038
0
0
0.0116755
0.0265874
0
0
0.0100076
0.0283996
0
0
0.0116957
0.0266634
0
0
0.0384921
0
0
0
0.0384077
0
0
0
0.0385335
0
0
0
0.0380719
0
0
0.0131431
0.0251621
0
0
0.0128136
0.0254946
0
0
0.0121487
0.0261989
0
0
0.0124472
0.0258109
0
0
0.0224436
0.0164386
0
0
0.0384709
0
0
0
0.0382116
0
0
0
0.038529
0
0
0
0.0386995
0
0
0.00989148
0.0284635
0
0
0.0130352
0.0253252
0
0
0.0128217
0.0254257
0
0
0.0127626
0.0258231
0
0
0.0381249
0
0
0
0.0384587
0
0
0
0.0383729
0
0
0
0.0383517
0
0
0.0129195
0.0253712
0
0
0.0129197
0.0256394
0
0
0.0112591
0.0271725
0
0
0.0122296
0.0262061
0
0
0.0129634
0.0254923
0
0
0.0384444
0
0
0
0.0382048
0
0
0
0.0382361
0
0
0
0.0383893
0
0
0.00117615
0.0372352
0
0
0.012928
0.0254169
0
0
0.0113758
0.0269103
0
0
0.0132048
0.0250951
0
0
0.012166
0.0262554
0
0
0.0383809
0
0
0
0.0384036
0
0
0
0.0382614
0
0
0.00646259
0.03178
0
0
0.00308614
0.0351666
0
0
0.00619783
0.0321759
0
0
0.00662733
0.0316117
0
0
