histogram procedure_calls
/Code/DEFAULT_MODULE/gxare2d_,/Machine,/Process,/SyncObject
518 6.4 0  -1
NaN
NaN
NaN
NaN
NaN
NaN
NaN
NaN
NaN
NaN
NaN
NaN
NaN
NaN
NaN
NaN
NaN
NaN
NaN
NaN
NaN
NaN
NaN
NaN
NaN
NaN
NaN
NaN
NaN
NaN
NaN
NaN
NaN
NaN
NaN
NaN
NaN
NaN
NaN
NaN
NaN
NaN
NaN
NaN
NaN
NaN
0
0.15625
0
0
0
0.15625
0
0
0
0.15625
0
0
0
0.15625
0
0
0
0.15625
0
0
0
0.15625
0
0
0
0.15625
0
0
0
0.15625
0
0
0
0.15625
0
0
0
0.15625
0
0
0
0.15625
0
0
0
0.15625
0
0
0
0.15625
0
0
0
0.15625
0
0
0
0.15625
0
0
0
0.15625
0
0
0
0.15625
0
0
0
0.15625
0
0
0
0.15625
0
0
0
0.15625
0
0
0.0437602
0.11249
0
0
0.15625
0
0
0
0.15625
0
0
0
0.15625
0
0
0
0.15625
0
0
0
0.15625
0
0
0
0.15625
0
0
0
0.15625
0
0
0.0458133
0.110437
0
0
0.0399604
0.11629
0
0
0.0433579
0.112892
0
0
0.15625
0
0
0
0.15625
0
0
0
0.15625
0
0
0
0.15625
0
0
0
0.15625
0
0
0
0.15625
0
0
0
0
0.15625
0
0
0
0.15625
0
0
0
0.15625
0
0
0
0.15625
0
0
0
0.15625
0
0
0
0.15625
0
0
0.107786
0.0484639
0
0
0.105544
0.0507059
0
0
0.106225
0.0500252
0
0
0.15625
0
0
0
0.15625
0
0
0
0.15625
0
0
0
0.15625
0
0
0
0.15625
0
0
0
0.15625
0
0
0.0503172
0.105933
0
0
0.0506312
0.105619
0
0
0.0432648
0.112985
0
0
0.15625
0
0
0
0.15625
0
0
0
0.15625
0
0
0
0.15625
0
0
0.0516568
0.104593
0
0
0.0538682
0.102382
0
0
0.044332
0.111918
0
0
0.049788
0.106462
0
0
0.15625
0
0
0
0.15625
0
0
0
0.15625
0
0
0
0.15625
0
0
0.0523796
0.10387
0
0
0.0526485
0.103601
0
0
0.0537184
0.102532
0
0
0.0533556
0.102894
0
0
0.15625
0
0
0
0.15625
0
0
0
0.15625
0
0
0
0.15625
0
0
0.0440094
0.112241
0
0
0.0523894
0.103861
0
0
0.0515151
0.104735
0
0
0.15625
0
0
0
0.15625
0
0
0
0.15625
0
0
0
0.15625
0
0
0.0465114
0.109739
0
0
0.0428583
0.113392
0
0
0.046743
0.109507
0
0
0.0512406
0.105009
0
0
0.15625
0
0
0
0.15625
0
0
0
0.15625
0
0
0
0.15625
0
0
0
0.15625
0
0
0.0538462
0.102404
0
0
0.0527064
0.103544
0
0
0.0534458
0.102804
0
0
0.04149
0.11476
0
0
0.15625
0
0
0
0.15625
0
0
0
0.15625
0
0
0
0.15625
0
0
0.0534581
0.102792
0
0
0.052931
0.103319
0
0
0.0532001
0.10305
0
0
0.0506656
0.105584
0
0
0.0538927
0.102357
0
0
0.15625
0
0
0
0.15625
0
0
0
0.15625
0
0
0
0.15625
0
0
0
0.15625
0
0
0.0467704
0.10948
0
0
0.0525654
0.103685
0
0
0.0441088
0.112141
0
0
0.0391029
0.117147
0
0
0.15625
0
0
0
0.15625
0
0
0
0.15625
0
0
0.0267721
0.129478
0
0
0.0265871
0.129663
0
0
0.0242637
0.131986
0
0
0.0264485
0.129801
0
0
0.0246877
0.131562
