histogram procedure_calls
/Code/DEFAULT_MODULE/ldtsize_,/Machine,/Process,/SyncObject
518 6.4 0  -1
NaN
NaN
NaN
NaN
NaN
NaN
NaN
NaN
NaN
NaN
NaN
NaN
NaN
NaN
NaN
NaN
NaN
NaN
NaN
NaN
NaN
NaN
NaN
NaN
NaN
NaN
NaN
NaN
NaN
NaN
NaN
NaN
NaN
NaN
NaN
NaN
NaN
NaN
NaN
NaN
NaN
NaN
NaN
NaN
NaN
NaN
0
0.15625
0
0
0.15625
0
0
0
0.15625
0
0
0
0.00612809
0.150122
0
0
0
0.15625
0
0
0.0872986
0.0689514
0
0
0.0874716
0.0687784
0
0
0.0914519
0.0647981
0
0
0.15625
0
0
0
0.15625
0
0
0
0.15625
0
0
0
0.15625
0
0
0
0.15625
0
0
0
0.15625
0
0
0
0.15625
0
0
0
0.15625
0
0
0
0.15625
0
0
0
0.15625
0
0
0
0.15625
0
0
0
0.15625
0
0
0
0.15625
0
0
0.0464266
0.109823
0
0
0.0452429
0.111007
0
0
0.15625
0
0
0
0.15625
0
0
0
0.15625
0
0
0
0.15625
0
0
0
0.15625
0
0
0
0.15625
0
0
0
0.15625
0
0
0
0.15625
0
0
0.0418508
0.114399
0
0
0.0471365
0.109114
0
0
0.15625
0
0
0
0.15625
0
0
0
0.15625
0
0
0
0.15625
0
0
0
0
0.102441
0.0538094
0
0
0.15625
0
0
0
0.15625
0
0
0
0.15625
0
0
0
0.15625
0
0
0
0.15625
0
0
0
0.15625
0
0
0
0.15625
0
0
0.105886
0.0503643
0
0
0.103305
0.0529447
0
0
0.105071
0.0511793
0
0
0.15625
0
0
0
0.15625
0
0
0
0.15625
0
0
0
0.15625
0
0
0
0.15625
0
0
0.0529555
0.103294
0
0
0.053249
0.103001
0
0
0.0523704
0.10388
0
0
0.0523283
0.103922
0
0
0.15625
0
0
0
0.15625
0
0
0
0.15625
0
0
0
0.15625
0
0
0.0505134
0.105737
0
0
0.0534695
0.10278
0
0
0.0509722
0.105278
0
0
0.0536845
0.102566
0
0
0.15625
0
0
0
0.15625
0
0
0
0.15625
0
0
0
0.15625
0
0
0.0497836
0.106466
0
0
0.0510819
0.105168
0
0
0.0533249
0.102925
0
0
0.15625
0
0
0
0.15625
0
0
0
0.15625
0
0
0
0.15625
0
0
0.0525949
0.103655
0
0
0.0528459
0.103404
0
0
0.050644
0.105606
0
0
0.0540335
0.102216
0
0
0.15625
0
0
0
0.15625
0
0
0
0.15625
0
0
0
0.15625
0
0
0.0534612
0.102789
0
0
0.051459
0.104791
0
0
0.0518772
0.104373
0
0
0.0494798
0.10677
0
0
0.15625
0
0
0
0.15625
0
0
0
0.15625
0
0
0
0.15625
0
0
0
0.15625
0
0
0.0528274
0.103423
0
0
0.0513095
0.104941
0
0
0.0418225
0.114428
0
0
0.0530132
0.103237
0
0
0.15625
0
0
0
0.15625
0
0
0
0.15625
0
0
0
0.15625
0
0
0
0.15625
0
0
0.05268
0.10357
0
0
0.0521217
0.104128
0
0
0.0533839
0.102866
0
0
0.0539776
0.102272
0
0
0.15625
0
0
0
0.15625
0
0
0
0.15625
0
0
0
0.15625
0
0
0
0.15625
0
0
0.0539957
0.102254
0
0
0.0487739
0.107476
0
0
0.0527401
0.10351
0
0
0.0464899
0.10976
0
0
0.15625
0
0
0
0.15625
0
0
0.0265162
0.129734
0
0
0.0234636
0.132786
0
0
0.0263782
0.129872
0
0
0.0259091
0.130341
0
