histogram procedure_calls
/Code/DEFAULT_MODULE/lnmas2d_,/Machine,/Process,/SyncObject
518 6.4 0  -1
NaN
NaN
NaN
NaN
NaN
NaN
NaN
NaN
NaN
NaN
NaN
NaN
NaN
NaN
NaN
NaN
NaN
NaN
NaN
NaN
NaN
NaN
NaN
NaN
NaN
NaN
NaN
NaN
NaN
NaN
NaN
NaN
NaN
NaN
NaN
NaN
NaN
NaN
NaN
NaN
NaN
NaN
NaN
NaN
NaN
NaN
0.15625
0
0
0.15625
0
0
0
0
0.15625
0
0
0
0.15625
0
0
0
0.15625
0
0
0
0.15625
0
0
0
0.15625
0
0
0
0.15625
0
0
0
0.15625
0
0
0.091857
0.064393
0
0
0.15625
0
0
0
0.15625
0
0
0
0.15625
0
0
0
0.15625
0
0
0
0.15625
0
0
0
0.15625
0
0
0
0.15625
0
0
0
0.15625
0
0
0
0.15625
0
0
0
0.15625
0
0
0
0.15625
0
0
0
0.15625
0
0
0
0.15625
0
0
0.0463085
0.109942
0
0
0.0405144
0.115736
0
0
0.15625
0
0
0
0.15625
0
0
0
0.15625
0
0
0
0.15625
0
0
0
0.15625
0
0
0
0.15625
0
0
0
0.15625
0
0
0
0.15625
0
0
0.0442541
0.111996
0
0
0.0434198
0.11283
0
0
0.15625
0
0
0
0.15625
0
0
0
0
0.104303
0.0519468
0
0
0.106616
0.0496341
0
0
0.105716
0.0505342
0
0
0.15625
0
0
0
0.15625
0
0
0
0.15625
0
0
0
0.15625
0
0
0
0.15625
0
0
0
0.15625
0
0
0
0.15625
0
0
0.107342
0.0489084
0
0
0.104859
0.0513911
0
0
0.103752
0.0524976
0
0
0.105556
0.0506944
0
0
0.15625
0
0
0
0.15625
0
0
0
0.15625
0
0
0
0.15625
0
0
0.0536957
0.102554
0
0
0.0283633
0.127887
0
0
0.0529302
0.10332
0
0
0.15625
0
0
0
0.15625
0
0
0
0.15625
0
0
0
0.15625
0
0
0.0533351
0.102915
0
0
0.0529415
0.103308
0
0
0.0479884
0.108262
0
0
0.0531657
0.103084
0
0
0.15625
0
0
0
0.15625
0
0
0
0.15625
0
0
0
0.15625
0
0
0.0525781
0.103672
0
0
0.0493118
0.106938
0
0
0.0477094
0.108541
0
0
0.04958
0.10667
0
0
0.15625
0
0
0
0.15625
0
0
0
0.15625
0
0
0
0.15625
0
0
0.0477286
0.108521
0
0
0.0490656
0.107184
0
0
0.0508945
0.105355
0
0
0.0449274
0.111323
0
0
0.15625
0
0
0
0.15625
0
0
0
0.15625
0
0
0
0.15625
0
0
0.050918
0.105332
0
0
0.0514923
0.104758
0
0
0.0511341
0.105116
0
0
0.0331702
0.12308
0
0
0.15625
0
0
0
0.15625
0
0
0
0.15625
0
0
0
0.15625
0
0
0
0.15625
0
0
0.0517644
0.104486
0
0
0.0473873
0.108863
0
0
0.0536104
0.10264
0
0
0.15625
0
0
0
0.15625
0
0
0
0.15625
0
0
0
0.15625
0
0
0
0.15625
0
0
0
0.15625
0
0
0.0527556
0.103494
0
0
0.049503
0.106747
0
0
0.0506226
0.105627
0
0
0.0474926
0.108757
0
0
0.15625
0
0
0
0.15625
0
0
0
0.15625
0
0
0
0.15625
0
0
0.0539549
0.102295
0
0
0.0495613
0.106689
0
0
0.0531992
0.103051
0
0
0.0477375
0.108512
0
0
0.0524512
0.103799
0
0.026447
0.129803
0
0
0.0126523
0.143598
0
0
0.0252747
0.130975
0
0
0.0271226
0.129127
0
0
