histogram cpu_inclusive
/Code/DEFAULT_MODULE/ldtx12d_,/Machine,/Process,/SyncObject
518 6.4 0  -1
NaN
NaN
NaN
NaN
NaN
NaN
NaN
NaN
NaN
NaN
NaN
NaN
NaN
NaN
NaN
NaN
NaN
NaN
NaN
NaN
NaN
NaN
NaN
NaN
NaN
NaN
NaN
NaN
NaN
NaN
NaN
NaN
NaN
NaN
NaN
NaN
NaN
NaN
NaN
NaN
NaN
NaN
NaN
NaN
NaN
NaN
0
0
0
0
0.00672281
0.0604794
0
0
0
0.0668
0
0
0
0.0667977
0
0
0
0.0672176
0
0
0
0.0666203
0
0
0
0.0669464
0
0
0
0.0668909
0
0
0.000558001
0.066544
0
0
0.0343091
0.0324263
0
0
0.0371972
0.0295638
0
0
0.0615772
0.00533456
0
0
0.0666762
0
0
0
0.0669143
0
0
0
0.0665656
0
0
0
0.0667128
0
0
0
0.0668009
0
0
0
0.0667936
0
0
0
0.0665916
0
0
0
0.0668119
0
0
0
0.0674653
0
0
0
0.0666994
0
0
0.00106492
0.0659349
0
0
0.0203323
0.0462123
0
0
0.0327531
0.0341311
0
0
0.0665893
0
0
0
0.0666343
0
0
0
0.0670931
0
0
0
0.0666386
0
0
0
0.0669441
0
0
0
0.0668301
0
0
0
0.0666901
0
0
0.00292429
0.0638639
0
0
0.0190158
0.0474347
0
0
0.0171375
0.0496224
0
0
0.066779
0
0
0
0.0666741
0
0
0
0
0.0104519
0.0563282
0
0
0.0454496
0.0212504
0
0
0.0426253
0.0241802
0
0
0.0666952
0
0
0
0.0664687
0
0
0
0.0666648
0
0
0
0.0668859
0
0
0
0.0663036
0
0
0
0.0665548
0
0
0
0.0665298
0
0
0.0324227
0.0342121
0
0
0.0431154
0.0235843
0
0
0.0452119
0.0217655
0
0
0.0455732
0.0211947
0
0
0.0669286
0
0
0
0.0668365
0
0
0
0.0666898
0
0
0
0.0666472
0
0
0.0223395
0.0444486
0
0
0.0222453
0.0443212
0
0
0.0222791
0.0442692
0
0
0.0392021
0.0275238
0
0
0.0665906
0
0
0
0.0668013
0
0
0
0.0665662
0
0
0.0104468
0.056193
0
0
0.021654
0.0448737
0
0
0.0229882
0.0440658
0
0
0.0197464
0.0468454
0
0
0.045026
0.021916
0
0
0.0666815
0
0
0
0.0667408
0
0
0
0.0668702
0
0
0.00877473
0.0580746
0
0
0.022742
0.0440445
0
0
0.0208812
0.046006
0
0
0.0225505
0.0440166
0
0
0.0668266
0
0
0
0.0667083
0
0
0
0.0666195
0
0
0
0.0666153
0
0
0.021518
0.0450306
0
0
0.0229349
0.0435326
0
0
0.0218062
0.044675
0
0
0.0220885
0.0448654
0
0
0.0666732
0
0
0
0.0668013
0
0
0
0.066818
0
0
0
0.0665724
0
0
0.0221413
0.0446905
0
0
0.0211051
0.0456998
0
0
0.0225346
0.0443376
0
0
0.0231473
0.0433584
0
0
0.0606786
0.00606849
0
0
0.0666231
0
0
0
0.066573
0
0
0
0.0667608
0
0
0.00824206
0.058359
0
0
0.0177903
0.0488739
0
0
0.0225582
0.0440661
0
0
0.0205233
0.0461689
0
0
0.0222532
0.0444515
0
0
0.066517
0
0
0
0.0668031
0
0
0
0.0668836
0
0
0
0.0667924
0
0
0
0.0665635
0
0
0.0227285
0.0439322
0
0
0.0229583
0.0436397
0
0
0.0211528
0.0457409
0
0
0.0214761
0.0452811
0
0
0.0668615
0
0
0
0.0665849
0
0
0
0.066613
0
0
0
0.066539
0
0
0.00360909
0.0633567
0
0
0.0224376
0.0441712
0
0
0.0197791
0.0468666
0
0
0.0228578
0.0440932
0
0
0.0114464
0.0554861
0
0.0112638
0.0552538
0
0
0.009963
0.0565468
0
0
0.0112078
0.0553253
0
0
0.0110314
0.0556363
0
