histogram procedure_calls
/Code/DEFAULT_MODULE/lengsum_,/Machine,/Process,/SyncObject
518 6.4 0  -1
NaN
NaN
NaN
NaN
NaN
NaN
NaN
NaN
NaN
NaN
NaN
NaN
NaN
NaN
NaN
NaN
NaN
NaN
NaN
NaN
NaN
NaN
NaN
NaN
NaN
NaN
NaN
NaN
NaN
NaN
NaN
NaN
NaN
NaN
NaN
NaN
NaN
NaN
NaN
NaN
NaN
NaN
NaN
NaN
NaN
NaN
0
0.15625
0
0
0
0.15625
0
0
0
0.15625
0
0
0
0.15625
0
0
0
0.0882358
0.0680142
0
0
0.15625
0
0
0
0.15625
0
0
0
0.15625
0
0
0
0.15625
0
0
0
0.15625
0
0
0
0.15625
0
0
0
0.15625
0
0
0
0.15625
0
0
0
0.15625
0
0
0
0.15625
0
0
0
0.15625
0
0
0
0.15625
0
0
0
0.15625
0
0
0
0.15625
0
0
0
0.15625
0
0
0.0438007
0.112449
0
0
0.0406055
0.115644
0
0
0.15625
0
0
0
0.15625
0
0
0
0.15625
0
0
0
0.15625
0
0
0
0.15625
0
0
0
0.15625
0
0
0
0.15625
0
0
0.0400008
0.116249
0
0
0.0434027
0.112847
0
0
0.0127702
0.14348
0
0
0.15625
0
0
0
0.15625
0
0
0
0.15625
0
0
0
0.15625
0
0
0
0.054366
0.0947888
0.00709524
0
0
0.15625
0
0
0
0.15625
0
0
0
0.15625
0
0
0
0.15625
0
0
0
0.15625
0
0
0
0.15625
0
0
0
0.15625
0
0
0.105589
0.050661
0
0
0.10627
0.0499804
0
0
0.108949
0.047301
0
0
0.15625
0
0
0
0.15625
0
0
0
0.15625
0
0
0
0.15625
0
0
0
0.15625
0
0
0.0503376
0.105912
0
0
0.0506537
0.105596
0
0
0.0432901
0.11296
0
0
0.0489716
0.107278
0
0
0.15625
0
0
0
0.15625
0
0
0
0.15625
0
0
0
0.15625
0
0
0.0538906
0.102359
0
0
0.0443571
0.111893
0
0
0.0498108
0.106439
0
0
0.052754
0.103496
0
0
0.15625
0
0
0
0.15625
0
0
0
0.15625
0
0
0
0.15625
0
0
0.0526709
0.103579
0
0
0.0537384
0.102512
0
0
0.0533756
0.102874
0
0
0.052496
0.103754
0
0
0.15625
0
0
0
0.15625
0
0
0
0.15625
0
0
0
0.15625
0
0
0.0524099
0.10384
0
0
0.0515376
0.104712
0
0
0.0472723
0.108978
0
0
0.15625
0
0
0
0.15625
0
0
0
0.15625
0
0
0
0.15625
0
0
0
0.15625
0
0
0.046765
0.109485
0
0
0.0512613
0.104989
0
0
0.0533522
0.102898
0
0
0.0542541
0.101996
0
0
0.15625
0
0
0
0.15625
0
0
0
0.15625
0
0
0
0.15625
0
0
0.0527271
0.103523
0
0
0.0534656
0.102784
0
0
0.0415155
0.114735
0
0
0.05256
0.10369
0
0
0.15625
0
0
0
0.15625
0
0
0
0.15625
0
0
0
0.15625
0
0
0
0.15625
0
0
0.0532201
0.10303
0
0
0.0506878
0.105562
0
0
0.0539153
0.102335
0
0
0.0514249
0.104825
0
0
0.0541274
0.102123
0
0
0.15625
0
0
0
0.15625
0
0
0
0.15625
0
0
0
0.15625
0
0
0.0525856
0.103664
0
0
0.0441342
0.112116
0
0
0.0391292
0.117121
0
0
0.0529091
0.103341
0
0
0.15625
0
0
0
0.15625
0
0
0.0267833
0.129467
0
0
0.0265983
0.129652
0
0
0.0242739
0.131976
0
0
0.0264598
0.12979
0
0
0.0246987
0.131551
