histogram procedure_calls
/Code/DEFAULT_MODULE/geometry_volume_2d_,/Machine,/Process,/SyncObject
518 6.4 0  -1
NaN
NaN
NaN
NaN
NaN
NaN
NaN
NaN
NaN
NaN
NaN
NaN
NaN
NaN
NaN
NaN
NaN
NaN
NaN
NaN
NaN
NaN
NaN
NaN
NaN
NaN
NaN
NaN
NaN
NaN
NaN
NaN
NaN
NaN
NaN
NaN
NaN
NaN
NaN
NaN
NaN
NaN
NaN
NaN
NaN
NaN
0
0.15625
0.15625
0
0
0.15625
0.15625
0
0
0.15625
0.15625
0
0
0.15625
0.15625
0
0
0.15625
0.15625
0
0
0.15625
0.15625
0
0
0.15625
0.15625
0
0
0.15625
0.15625
0
0
0.15625
0.15625
0
0
0.15625
0.15625
0
0
0.15625
0.15625
0
0
0.15625
0.15625
0
0
0.15625
0.15625
0
0
0.242186
0.0703135
0
0
0.248249
0.0642508
0
0.010206
0.239755
0.0625387
0
0.0566279
0.255872
0
0
0.0897402
0.22276
0
0
0.15625
0.15625
0
0
0.15625
0.15625
0
0
0.15625
0.15625
0
0
0.15625
0.15625
0
0
0.15625
0.15625
0
0
0.15625
0.15625
0
0
0.15625
0.15625
0
0
0.174678
0.137822
0
0.0462803
0.157889
0.108331
0
0.0450724
0.267428
0
0
0.0458099
0.26669
0
0
0.15625
0.15625
0
0
0.15625
0.15625
0
0
0.15625
0.15625
0
0
0.15625
0.15625
0
0
0.15625
0.15625
0
0
0.15625
0.15625
0
0
0.15625
0.15625
0
0.0414651
0.114785
0
0.15625
0
0
0.15625
0.15625
0
0
0.15625
0.15625
0
0
0.15625
0.15625
0
0
0.265528
0.0469716
0
0.108343
0.153372
0.0507849
0
0.0978292
0.164205
0.050466
0
0.107783
0.204717
0
0
0.15625
0.15625
0
0
0.15625
0.15625
0
0
0.15625
0.15625
0
0
0.15625
0.15625
0
0
0.15625
0.15625
0
0
0.15625
0.15625
0
0
0.15625
0.15625
0
0
0.26034
0.05216
0
0.0503154
0.158592
0.103592
0
0.0506295
0.261871
0
0
0.15625
0.15625
0
0
0.15625
0.15625
0
0
0.15625
0.15625
0
0.0524016
0.154415
0.105684
0
0.0520178
0.156897
0.103586
0
0.0516551
0.158505
0.102339
0
0.0538665
0.258633
0
0
0.15625
0.15625
0
0
0.15625
0.15625
0
0
0.15625
0.15625
0
0
0.205707
0.106793
0
0.0464312
0.153692
0.112377
0
0.0512398
0.158562
0.102698
0
0.0523779
0.156548
0.103574
0
0.0526468
0.259853
0
0
0.15625
0.15625
0
0
0.15625
0.15625
0
0
0.15625
0.15625
0
0
0.208517
0.103983
0
0.0530291
0.143754
0.115717
0
0.0493166
0.15924
0.103944
0
0.0440076
0.157989
0.110503
0
0.0523877
0.260112
0
0
0.15625
0.15625
0
0
0.15625
0.15625
0
0
0.15625
0.15625
0
0
0.208878
0.103622
0
0.0516396
0.156879
0.103982
0
0.0465095
0.159774
0.106217
0
0.0428564
0.158855
0.110788
0
0.0467413
0.265759
0
0
0.15625
0.15625
0
0
0.15625
0.15625
0
0
0.15625
0.15625
0
0
0.209796
0.102704
0
0.0544756
0.155411
0.102613
0
0.0495934
0.154297
0.10861
0
0.0538445
0.149707
0.108949
0
0.0527047
0.15653
0.103265
0
0.15625
0.15625
0
0
0.15625
0.15625
0
0
0.15625
0.15625
0
0
0.15625
0.15625
0
0
0.207521
0.104979
0
0.0522192
0.157046
0.103235
0
0.0534565
0.155917
0.103127
0
0.0529293
0.150214
0.109356
0
0.0531984
0.155405
0.103897
0
0.0506638
0.261836
0
0
0.15625
0.15625
0
0
0.15625
0.15625
0
0
0.15625
0.15625
0
0
0.199707
0.112793
0
0.0503616
0.158594
0.103544
0
0.0432116
0.16364
0.105648
0
0.0467686
0.164019
0.101712
0
0.0525637
0.259936
0
0
0.15625
0.15625
0
0
0.15625
0.15625
0
0
0.15625
0.15625
0
0
0.15625
0.15625
0
0
0.208867
0.103633
0
0.0267713
0.155838
0.129891
0
0.0265862
0.156319
0.129594
0
0.0242629
0.157933
0.130304
0.026368
0.15633
0.129802
0
0.0259001
0.155037
0.131563
