histogram cpu
/Code,/Machine,/Process,/SyncObject
518 6.4 0  -1
NaN
NaN
NaN
NaN
NaN
NaN
NaN
NaN
NaN
NaN
NaN
NaN
NaN
NaN
NaN
NaN
NaN
NaN
NaN
NaN
NaN
NaN
NaN
NaN
NaN
NaN
NaN
NaN
NaN
NaN
NaN
NaN
NaN
NaN
NaN
NaN
NaN
NaN
NaN
NaN
NaN
NaN
NaN
NaN
NaN
NaN
0.852386
0.926115
0.906481
0.948468
0.937345
0.939779
0.888343
0.910661
0.933445
0.928697
0.93036
0.931655
0.928761
0.925899
0.933424
0.917127
0.942496
0.958193
0.964317
0.956142
0.968354
0.960644
0.952075
0.962359
0.960673
0.954833
0.944004
0.953859
0.981867
0.955962
0.9649
0.958298
0.972934
0.957593
0.968176
0.969771
0.957221
0.960712
0.968259
0.956753
0.961684
0.950357
0.975023
0.945321
0.973607
0.956139
0.948071
0.961247
0.972426
0.974755
0.963712
0.964692
0.958593
0.96313
0.952452
0.945402
0.967278
0.959419
0.969435
0.973777
0.943461
0.957924
0.950193
0.959425
0.962776
0.954687
0.977743
0.962825
0.967274
0.96741
0.947455
0.953419
0.970606
0.960284
0.960126
0.952573
0.963376
0.951197
0.973563
0.974278
0.951595
0.9837
0.977453
0.980781
0.980066
0.961815
0.981271
0.976289
0.969086
0.966472
0.96635
0.984223
0.988072
0.978195
0.967973
0.980837
0.96564
0.97856
0.975243
0.972823
0.971484
0.974469
0.976079
0.971298
0.971618
0.982431
0.977357
0.979271
0.961199
0.955112
0.983835
0.987846
0.975848
0.983492
0.972004
0.97012
0.965227
0.968595
0.966503
0.971979
0.972048
0.972602
0.97788
0.974176
0.968101
0.976691
0.979472
0.97285
0.970383
0.97309
0.976562
0.979086
0.977283
0.968808
0.988999
0.981289
0.965986
0.976993
0.973806
0.982571
0.961552
0.975748
0.968375
0.493754
0.149667
0.917344
0.974617
0.97745
0.982872
0.954146
0.968252
0.978515
0.978477
0.981061
0.959624
0.977764
0.979355
0.980546
0.988089
0.973759
0.958268
0.979597
0.980315
0.979682
0.957176
0.96714
0.981599
0.978119
0.967689
0.985214
0.98126
0.977895
0.98397
0.974872
0.984443
0.985963
0.975469
0.969611
0.959899
0.98013
0.974222
0.96896
0.974864
0.973797
0.982546
0.986429
0.977778
0.972529
0.971525
0.987588
0.976276
0.979855
0.961051
0.975001
0.984304
0.976854
0.980911
0.93749
0.981321
0.982564
0.978571
0.980236
0.977893
0.97747
0.971444
0.991912
0.988525
0.979577
0.988556
0.98618
0.976945
0.987682
0.977389
0.989111
0.984093
0.988211
0.980867
0.981752
0.981281
0.987335
0.981075
0.976959
0.979598
0.989936
0.982803
0.983722
0.984204
0.98305
0.988295
0.987528
0.981349
0.985381
0.973685
0.987452
0.989316
0.98421
0.969212
0.989614
0.98263
0.991728
0.987561
0.967595
0.981487
0.980909
0.985833
0.992058
0.975492
0.985968
0.991785
0.984777
0.979075
0.977957
0.987101
0.985358
0.985084
0.987856
0.983541
0.979066
0.96811
0.983859
0.979038
0.981496
0.988352
0.974393
0.98331
0.982122
0.982868
0.98273
0.989625
0.982932
0.979682
0.971017
0.987889
0.99076
0.987405
0.978262
0.988615
0.986972
0.986909
0.984325
0.978175
0.988608
0.989242
0.987809
0.976123
0.985249
0.988363
0.99098
0.989267
0.976463
0.992143
0.982485
0.988335
0.987663
0.982705
0.986693
0.981781
0.982388
0.986816
0.982837
0.991311
0.988116
0.982665
0.986569
0.979887
0.982001
0.988249
0.984767
0.980295
0.983471
0.988283
0.992133
0.988433
0.984908
0.981286
0.98903
0.989386
0.989995
0.969488
0.985414
0.986136
0.991345
0.991183
0.965962
0.983817
0.977598
0.986913
0.983232
0.977574
0.981785
0.99125
0.983998
0.987837
0.978425
0.984361
0.988636
0.992626
0.980682
0.985382
0.966784
0.972971
0.987817
0.986829
0.983415
0.981718
0.990481
0.984301
0.973879
0.974861
0.975657
0.992521
0.988527
0.978925
0.992147
0.987001
0.981715
0.974528
0.978409
0.991629
0.98344
0.982625
0.983415
0.975794
0.993699
0.989867
0.987046
0.985937
0.98122
0.986928
0.988035
0.971834
0.977341
0.978534
0.975584
0.992968
0.987921
0.97161
0.99041
0.988979
0.989765
0.979697
0.978346
0.98872
0.987763
0.975618
0.988728
0.983077
0.985671
0.985927
0.98631
0.985345
0.965378
0.992873
0.988889
0.988581
0.980581
0.978507
0.990937
0.987611
0.985115
0.975533
0.987472
0.992348
0.98626
0.992053
0.976223
0.977806
0.992224
0.978427
0.98643
0.981051
0.97761
0.993764
0.990845
0.984777
0.976319
0.984063
0.979963
0.988869
0.983525
0.984139
0.988061
0.976157
0.990117
0.974388
0.987334
0.991163
0.984273
0.984273
0.980656
0.988183
0.991579
0.983379
0.972793
0.98097
0.990225
0.98471
0.988822
0.978876
0.975627
0.981792
0.983132
0.990059
0.980486
0.981978
0.986847
0.990017
0.988961
0.979175
0.987289
0.985588
0.992592
0.991792
0.982399
0.989348
0.989578
0.993852
0.990556
0.986986
0.99498
0.991456
0.976104
0.988176
0.983868
0.991912
0.988465
0.991114
0.992478
0.985489
0.994261
0.992553
0.982239
