histogram cpu_inclusive
/Code/DEFAULT_MODULE/rsetup_,/Machine,/Process,/SyncObject
518 6.4 0  -1
NaN
NaN
NaN
NaN
NaN
NaN
NaN
NaN
NaN
NaN
NaN
NaN
NaN
NaN
NaN
NaN
NaN
NaN
NaN
NaN
NaN
NaN
NaN
NaN
NaN
NaN
NaN
NaN
NaN
NaN
NaN
NaN
NaN
NaN
NaN
NaN
NaN
NaN
NaN
NaN
NaN
NaN
NaN
NaN
NaN
NaN
0
0
0.140087
0
0
0
0.140269
0
0
0
0.139771
0
0
0
0.13996
0
0
0
0.13997
0
0
0
0.140011
0
0
0
0.140122
0
0
0
0.139988
0
0
0
0.139987
0
0
0
0.139962
0
0
0
0.140076
0
0
0.0154665
0.124583
0
0
0.0729115
0.0671311
0
0
0.108711
0.0322475
0
0
0.120292
0.0196927
0
0
0.139913
0
0
0
0.140273
0
0
0
0.139911
0
0
0
0.139866
0
0
0
0.140115
0
0
0
0.139829
0
0
0
0.139827
0
0
0
0.139897
0
0
0.00076673
0.139402
0
0
0.0188619
0.120804
0
0
0.0164086
0.123337
0
0
0.0764491
0.0636164
0
0
0.139935
0
0
0
0.140352
0
0
0
0.140088
0
0
0
0.139798
0
0
0
0.13981
0
0
0
0.139677
0
0
0
0.139689
0
0
0.0146829
0.125165
0
0
0.0325354
0.107593
0
0
0
0
0.140067
0
0
0
0.140409
0
0
0
0.140098
0
0
0.0572006
0.0822844
0
0
0.0975324
0.0420122
0
0
0.108489
0.031451
0
0
0.13916
0.000760735
0
0
0.139912
0
0
0
0.140168
0
0
0
0.139687
0
0
0
0.139918
0
0
0
0.140025
0
0
0.0258671
0.113901
0
0
0.063863
0.0759898
0
0
0.0845121
0.0555904
0
0
0.093947
0.0462366
0
0
0.125342
0.0144139
0
0
0.139681
0
0
0
0.139685
0
0
0.00505432
0.134959
0
0
0.0472088
0.0926165
0
0
0.0452666
0.0946958
0
0
0.0469995
0.0925266
0
0
0.0749419
0.0645336
0
0
0.139719
0
0
0
0.139742
0
0
0
0.14015
0
0
0.0214623
0.118933
0
0
0.0441653
0.0954657
0
0
0.0392067
0.100543
0
0
0.0477805
0.0917152
0
0
0.0702913
0.0696974
0
0
0.139778
0
0
0
0.139656
0
0
0
0.139919
0
0
0.0157538
0.124309
0
0
0.0467078
0.0930281
0
0
0.0361837
0.103433
0
0
0.0467083
0.0929132
0
0
0.112934
0.0276841
0
0
0.139294
0
0
0
0.139707
0
0
0
0.139785
0
0
0.035487
0.104485
0
0
0.0469968
0.0926187
0
0
0.0466949
0.0929791
0
0
0.044696
0.0949815
0
0
0.127238
0.0128934
0
0
0.139916
0
0
0
0.139403
0
0
0
0.140339
0
0
0.0212406
0.118595
0
0
0.0478897
0.0919416
0
0
0.0479408
0.0918071
0
0
0.0426228
0.0972693
0
0
0.0808857
0.0591793
0
0
0.139749
0
0
0
0.14006
0
0
0
0.139717
0
0
0
0.139986
0
0
0.0389721
0.101118
0
0
0.0458988
0.0940684
0
0
0.0473527
0.0922962
0
0
0.0475174
0.0923378
0
0
0.0632413
0.0770192
0
0
0.129796
0.0102202
0
0
0.14004
0
0
0
0.139968
0
0
0
0.139492
0
0
0.0321689
0.107783
0
0
0.0389113
0.101117
0
0
0.0471012
0.0926204
0
0
0.0452017
0.0944651
0
0
0.0812301
0.0586632
0
0
0.139649
0
0
0
0.139687
0
0
0
0.139356
0
0
0
0.139962
0
0
0.0416006
0.09809
0
0
0.0470456
0.0927512
0
0
0.023557
0.116175
0
0.0022755
0.0326926
0.105032
0
0.0201657
0.112983
0.00670435
0
0.0236672
0.116251
0
0
0.0220877
0.117806
