histogram procedure_calls
/Code/DEFAULT_MODULE/gzcen2d_,/Machine,/Process,/SyncObject
518 6.4 0  -1
NaN
NaN
NaN
NaN
NaN
NaN
NaN
NaN
NaN
NaN
NaN
NaN
NaN
NaN
NaN
NaN
NaN
NaN
NaN
NaN
NaN
NaN
NaN
NaN
NaN
NaN
NaN
NaN
NaN
NaN
NaN
NaN
NaN
NaN
NaN
NaN
NaN
NaN
NaN
NaN
NaN
NaN
NaN
NaN
NaN
NaN
0
0.15625
0
0
0
0.15625
0
0
0
0.15625
0
0
0
0.15625
0
0
0
0.15625
0
0
0
0.15625
0
0
0
0.15625
0
0
0
0.15625
0
0
0
0.15625
0
0
0
0.15625
0
0
0
0.15625
0
0
0
0.15625
0
0
0
0.15625
0
0
0
0.15625
0
0
0
0.15625
0
0
0
0.15625
0
0
0
0.15625
0
0
0
0.15625
0
0
0
0.15625
0
0
0
0.15625
0
0
0.0437614
0.112489
0
0
0.15625
0
0
0
0.15625
0
0
0
0.15625
0
0
0
0.15625
0
0
0
0.15625
0
0
0
0.15625
0
0
0
0.15625
0
0
0.0458145
0.110436
0
0
0.0399616
0.116288
0
0
0.0433591
0.112891
0
0
0.15625
0
0
0
0.15625
0
0
0
0.15625
0
0
0
0.15625
0
0
0
0.15625
0
0
0
0.15625
0
0
0
0
0.15625
0
0
0
0.15625
0
0
0
0.15625
0
0
0
0.15625
0
0
0
0.15625
0
0
0
0.15625
0
0
0.107787
0.0484627
0
0
0.105545
0.0507048
0
0
0.106226
0.0500241
0
0
0.15625
0
0
0
0.15625
0
0
0
0.15625
0
0
0
0.15625
0
0
0
0.15625
0
0
0
0.15625
0
0
0.0503178
0.105932
0
0
0.0506318
0.105618
0
0
0.0432655
0.112985
0
0
0.15625
0
0
0
0.15625
0
0
0
0.15625
0
0
0
0.15625
0
0
0.0516574
0.104593
0
0
0.0538688
0.102381
0
0
0.0443326
0.111917
0
0
0.0497886
0.106461
0
0
0.15625
0
0
0
0.15625
0
0
0
0.15625
0
0
0
0.15625
0
0
0.0523802
0.10387
0
0
0.0526491
0.103601
0
0
0.0537189
0.102531
0
0
0.0533562
0.102894
0
0
0.15625
0
0
0
0.15625
0
0
0
0.15625
0
0
0
0.15625
0
0
0.0440101
0.11224
0
0
0.05239
0.10386
0
0
0.0515157
0.104734
0
0
0.15625
0
0
0
0.15625
0
0
0
0.15625
0
0
0
0.15625
0
0
0.0465119
0.109738
0
0
0.0428589
0.113391
0
0
0.0467435
0.109506
0
0
0.0512412
0.105009
0
0
0.15625
0
0
0
0.15625
0
0
0
0.15625
0
0
0
0.15625
0
0
0
0.15625
0
0
0.0538468
0.102403
0
0
0.052707
0.103543
0
0
0.0534464
0.102804
0
0
0.0414906
0.114759
0
0
0.15625
0
0
0
0.15625
0
0
0
0.15625
0
0
0
0.15625
0
0
0.0534586
0.102791
0
0
0.0529316
0.103318
0
0
0.0532006
0.103049
0
0
0.0506661
0.105584
0
0
0.0538933
0.102357
0
0
0.15625
0
0
0
0.15625
0
0
0
0.15625
0
0
0
0.15625
0
0
0
0.15625
0
0
0.0467711
0.109479
0
0
0.052566
0.103684
0
0
0.0441123
0.112138
0
0
0.0391036
0.117146
0
0
0.15625
0
0
0
0.15625
0
0
0
0.15625
0
0
0.0267724
0.129478
0
0
0.0265874
0.129663
0
0
0.024264
0.131986
0
0
0.0264488
0.129801
0
0
0.024688
0.131562
