histogram cpu
/Code/DEFAULT_MODULE/rnmas2d_,/Machine,/Process,/SyncObject
518 6.4 0  -1
NaN
NaN
NaN
NaN
NaN
NaN
NaN
NaN
NaN
NaN
NaN
NaN
NaN
NaN
NaN
NaN
NaN
NaN
NaN
NaN
NaN
NaN
NaN
NaN
NaN
NaN
NaN
NaN
NaN
NaN
NaN
NaN
NaN
NaN
NaN
NaN
NaN
NaN
NaN
NaN
NaN
NaN
NaN
NaN
NaN
NaN
0
0
0
0.00384938
0
0
0
0.00385141
0
0
0
0.00385719
0
0
0
0.00384297
0
0
0
0.00387437
0
0
0
0.00385922
0
0
0
0.00383734
0
0
0
0.00392344
0
0
0
0.00382531
0
0
0
0.00390687
0
0
0.00224558
0.00158661
0
0
0.0020425
0.00180844
0
0
0.00384531
0
0
0
0.00391078
0
0
0
0.00385672
0
0
0
0.00384734
0
0
0
0.00385625
0
0
0
0.00392625
0
0
0
0.00391016
0
0
0
0.00383531
0
0
0
0.0038536
0
0
0
0.00384812
0
0
0
0.00384937
0
0
0.000975378
0.00286259
0
0
0.00107846
0.00276685
0
0
0.00385516
0
0
0
0.00383734
0
0
0
0.00385079
0
0
0
0.00383874
0
0
0
0.00384048
0
0
0
0.00392796
0
0
0
0.00385656
0
0
0
0.00386016
0
0
0.000868156
0.00296513
0
0
0.000915693
0.00292915
0
0
0.00382703
0
0
0
0
0
0.00385485
0
0
0
0.00384937
0
0
0.00263073
0.00123818
0
0
0.00263532
0.00119921
0
0
0.00274504
0.0011659
0
0
0.00385655
0
0
0
0.00385126
0
0
0
0.00385484
0
0
0
0.00385422
0
0
0
0.00383547
0
0
0
0.00383999
0
0
0
0.00384877
0
0
0.0026539
0.00119876
0
0
0.00267286
0.00116542
0
0
0.00261496
0.00123535
0
0
0.00384781
0
0
0
0.00385156
0
0
0
0.00391047
0
0
0
0.00383811
0
0
0.00131714
0.00253349
0
0
0.001111
0.0027579
0
0
0.00128287
0.00255761
0
0
0.00128481
0.00256315
0
0
0.00383517
0
0
0
0.00384202
0
0
0
0.00384999
0
0
0
0.00387454
0
0
0.0013002
0.00255292
0
0
0.00123926
0.00259557
0
0
0.00102329
0.002845
0
0
0.00129261
0.00258739
0
0
0.00384906
0
0
0
0.00386359
0
0
0
0.00383141
0
0
0
0.00392532
0
0
0.00127927
0.00257885
0
0
0.00131611
0.00253749
0
0
0.00131181
0.00254459
0
0
0.00384765
0
0
0
0.00383923
0
0
0
0.00384593
0
0
0
0.00383828
0
0
0.00126265
0.00257281
0
0
0.00131308
0.00258208
0
0
0.00128272
0.00255994
0
0
0.00128643
0.00255999
0
0
0.00384122
0
0
0
0.00385314
0
0
0
0.00383858
0
0
0
0.00383269
0
0
0.00107527
0.00276737
0
0
0.0013121
0.0025254
0
0
0.00129823
0.00257365
0
0
0.0012924
0.00254323
0
0
0.00130336
0.00264396
0
0
0.00385344
0
0
0
0.00382002
0
0
0
0.00385858
0
0
0
0.00388578
0
0
0.00133563
0.0025203
0
0
0.00129345
0.00254624
0
0
0.00128678
0.00256386
0
0
0.00120985
0.00263577
0
0
0.00385076
0
0
0
0.0038575
0
0
0
0.00384953
0
0
0
0.00383344
0
0
0
0.00385907
0
0
0.00131186
0.00254393
0
0
0.0013215
0.00252974
0
0
0.00131114
0.00253731
0
0
0.00121477
0.00261959
0
0
0.00132073
0.0025418
0
0
0.00384934
0
0
0
0.00384737
0
0
0
0.00384919
0
0
0
0.00384219
0
0
0.00116734
0.00267034
0
0
0.00127749
0.00257342
0
0
0.00132665
0.00250913
0
0
0.000647108
0.00319087
0
0.000653789
0.00319153
0
0
0.000635115
0.00320175
0
0
0.000641435
0.00319044
0
0
0.000496494
