histogram procedure_calls
/Code/DEFAULT_MODULE/lartv2d_,/Machine,/Process,/SyncObject
518 6.4 0  -1
NaN
NaN
NaN
NaN
NaN
NaN
NaN
NaN
NaN
NaN
NaN
NaN
NaN
NaN
NaN
NaN
NaN
NaN
NaN
NaN
NaN
NaN
NaN
NaN
NaN
NaN
NaN
NaN
NaN
NaN
NaN
NaN
NaN
NaN
NaN
NaN
NaN
NaN
NaN
NaN
NaN
NaN
NaN
NaN
NaN
NaN
0
0.15625
0
0
0
0.15625
0
0
0
0.15625
0
0
0
0.15625
0
0
0
0.15625
0
0
0
0.15625
0
0
0
0.15625
0
0
0
0.15625
0
0
0
0.15625
0
0
0
0.15625
0
0
0
0.15625
0
0
0
0.15625
0
0
0
0.15625
0
0
0
0.15625
0
0
0
0.15625
0
0
0
0.15625
0
0
0
0.15625
0
0
0
0.15625
0
0
0
0.15625
0
0
0
0.15625
0
0
0.0437877
0.112462
0
0
0.15625
0
0
0
0.15625
0
0
0
0.15625
0
0
0
0.15625
0
0
0
0.15625
0
0
0
0.15625
0
0
0
0.15625
0
0
0.045845
0.110405
0
0
0.0399876
0.116262
0
0
0.0433895
0.11286
0
0
0.15625
0
0
0
0.15625
0
0
0
0.15625
0
0
0
0.15625
0
0
0
0.15625
0
0
0
0.15625
0
0
0
0
0.15625
0
0
0
0.15625
0
0
0
0.15625
0
0
0
0.15625
0
0
0
0.15625
0
0
0
0.15625
0
0
0.107818
0.0484321
0
0
0.105576
0.0506742
0
0
0.106256
0.0499938
0
0
0.15625
0
0
0
0.15625
0
0
0
0.15625
0
0
0
0.15625
0
0
0
0.15625
0
0
0
0.15625
0
0
0.050331
0.105919
0
0
0.0506472
0.105603
0
0
0.043283
0.112967
0
0
0.15625
0
0
0
0.15625
0
0
0
0.15625
0
0
0
0.15625
0
0
0.0516707
0.104579
0
0
0.0538839
0.102366
0
0
0.0443501
0.1119
0
0
0.049804
0.106446
0
0
0.15625
0
0
0
0.15625
0
0
0
0.15625
0
0
0
0.15625
0
0
0.0523937
0.103856
0
0
0.0526643
0.103586
0
0
0.053732
0.102518
0
0
0.0533692
0.102881
0
0
0.15625
0
0
0
0.15625
0
0
0
0.15625
0
0
0
0.15625
0
0
0.0440275
0.112223
0
0
0.0524035
0.103847
0
0
0.0515309
0.104719
0
0
0.15625
0
0
0
0.15625
0
0
0
0.15625
0
0
0
0.15625
0
0
0.046528
0.109722
0
0
0.0428764
0.113374
0
0
0.0467586
0.109491
0
0
0.0512546
0.104995
0
0
0.15625
0
0
0
0.15625
0
0
0
0.15625
0
0
0
0.15625
0
0
0
0.15625
0
0
0.0538616
0.102388
0
0
0.0527205
0.103529
0
0
0.0534594
0.102791
0
0
0.0415082
0.114742
0
0
0.15625
0
0
0
0.15625
0
0
0
0.15625
0
0
0
0.15625
0
0
0.053473
0.102777
0
0
0.0529453
0.103305
0
0
0.0532136
0.103036
0
0
0.0506813
0.105569
0
0
0.0539085
0.102341
0
0
0.15625
0
0
0
0.15625
0
0
0
0.15625
0
0
0
0.15625
0
0
0
0.15625
0
0
0.046788
0.109462
0
0
0.0525792
0.103671
0
0
0.0441271
0.112123
0
0
0.0391218
0.117128
0
0
0.15625
0
0
0
0.15625
0
0
0
0.15625
0
0
0.0267799
0.12947
0
0
0.0265949
0.129655
0
0
0.0242707
0.131979
0
0
0.0264564
0.129794
0
0
0.0246955
0.131554
