histogram cpu_inclusive
/Code/DEFAULT_MODULE/rezone_control_,/Machine,/Process,/SyncObject
518 6.4 0  -1
NaN
NaN
NaN
NaN
NaN
NaN
NaN
NaN
NaN
NaN
NaN
NaN
NaN
NaN
NaN
NaN
NaN
NaN
NaN
NaN
NaN
NaN
NaN
NaN
NaN
NaN
NaN
NaN
NaN
NaN
NaN
NaN
NaN
NaN
NaN
NaN
NaN
NaN
NaN
NaN
NaN
NaN
NaN
NaN
NaN
NaN
0
0
0.845244
0.609965
0
0
0.76416
0.692104
0
0
0.673435
0.779406
0
0
0.600513
0.854296
0
0
0.589506
0.86178
0
0
0.638097
0.812752
0
0
0.668998
0.784043
0
0
0.736216
0.715815
0
0
0.801941
0.648022
0
0
0.869787
0.581883
0
0
0.923631
0.52667
0
0.015424
0.939063
0.49685
0
0.0728417
0.964565
0.413699
0
0.131711
0.952854
0.369734
0
0.162469
0.967569
0.320172
0
0.214584
0.950207
0.287458
0
0.24714
0.978225
0.225417
0
0.327867
0.944593
0.179989
0
0.36328
0.95528
0.13247
0
0.394136
0.973136
0.0846139
0
0.480001
0.922882
0.0471782
0
0.584978
0.864106
0
0
0.676309
0.77515
0
0.000766013
0.805369
0.643562
0
0.018832
0.886403
0.545082
0
0.023175
0.977226
0.449387
0
0.124173
0.981632
0.34378
0
0.223543
0.961224
0.266964
0
0.333569
0.974072
0.141849
0
0.423127
0.960573
0.0677206
0
0.501723
0.932194
0.0164268
0
0.59677
0.852986
0
0
0.697297
0.753709
0
0
0.799159
0.649853
0
0.0146527
0.89158
0.544434
0
0.0324962
0.969436
0.448296
0
0
0
0.703193
0.746821
0
0
0.789388
0.661656
0
0
0.898183
0.55268
0
0.0571789
0.93542
0.456977
0
0.12948
0.960922
0.359026
0
0.205066
0.96675
0.279561
0
0.298656
0.985217
0.165951
0
0.423597
0.955261
0.0704686
0
0.54303
0.886907
0.0211552
0
0.621022
0.828525
0
0
0.716965
0.731991
0
0
0.822632
0.627168
0
0.0258583
0.897569
0.527607
0
0.0638074
0.970788
0.41529
0
0.0844781
0.939812
0.424999
0
0.155572
0.970484
0.323581
0
0.282637
0.938229
0.228375
0
0.419005
0.886013
0.14563
0
0.551432
0.842343
0.0538742
0.00505344
0.67443
0.771356
0
0.0471933
0.749099
0.653798
0
0.0857966
0.842362
0.520244
0
0.137459
0.929251
0.383161
0
0.212075
0.959265
0.277444
0
0.331262
0.92344
0.194205
0
0.444448
0.882817
0.122196
0
0.578855
0.836169
0.0343225
0.0214569
0.691915
0.737481
0
0.0565817
0.782168
0.610082
0
0.0843015
0.857809
0.508362
0
0.140244
0.931112
0.377838
0
0.201674
0.961722
0.286304
0
0.330289
0.916585
0.203684
0
0.449304
0.883758
0.116179
0
0.579542
0.845935
0.0238606
0.0157466
0.690336
0.744066
0
0.0552101
0.776277
0.617211
0
0.0801395
0.88572
0.483076
0
0.149791
0.955505
0.344289
0
0.235386
0.957889
0.256091
0
0.377665
0.921588
0.149664
0
0.494437
0.876371
0.0766892
0
0.625086
0.824423
0
0.0354722
0.728789
0.685362
0
0.0766038
0.816748
0.555346
0
0.115814
0.892845
0.441565
0
0.148788
0.976547
0.323249
0
0.254882
0.942653
0.251754
0
0.379057
0.909183
0.160544
0
0.50224
0.868985
0.076891
0
0.607789
0.825378
0.0173337
0.0212347
0.704659
0.722356
0
0.0663651
0.773557
0.61115
0
0.100154
0.85389
0.495904
0
0.128008
0.947013
0.375423
0
0.198519
0.964995
0.286348
0
0.307428
0.932528
0.208351
0
0.446233
0.880155
0.124503
0
0.551574
0.843857
0.0534002
0
0.658576
0.789912
0
0.0389578
0.73899
0.6726
0
0.0763454
0.816101
0.558206
0
0.117697
0.889202
0.442534
0
0.160753
0.969679
0.319134
0
0.169923
0.978288
0.300707
0
0.291047
0.940022
0.217276
0
0.402194
0.905204
0.14255
0
0.524253
0.851325
0.0744073
0
0.638853
0.812067
0
0.0321569
0.726063
0.690612
0
0.0557609
0.803172
0.590271
0
0.106574
0.871643
0.471491
0
0.136429
0.949993
0.362543
0
0.2222
0.953125
0.275261
0
0.332723
0.923691
0.193247
0
0.441733
0.884363
0.122535
0
0.540374
0.857865
0.0510789
0
0.652608
0.797511
0
0.0415871
0.731308
0.676499
0
0.0813223
0.823433
0.544753
0
0.146327
0.820068
0.482541
0.0022759
0.180633
0.93236
0.335155
0.0201577
0.275187
0.882559
0.271605
0.0452353
0.388023
0.848127
0.168257
0.0625984
0.489382
