histogram procedure_calls
/Code/DEFAULT_MODULE/ezaz2ig_,/Machine,/Process,/SyncObject
518 6.4 0  -1
NaN
NaN
NaN
NaN
NaN
NaN
NaN
NaN
NaN
NaN
NaN
NaN
NaN
NaN
NaN
NaN
NaN
NaN
NaN
NaN
NaN
NaN
NaN
NaN
NaN
NaN
NaN
NaN
NaN
NaN
NaN
NaN
NaN
NaN
NaN
NaN
NaN
NaN
NaN
NaN
NaN
NaN
NaN
NaN
NaN
NaN
0
964.66
245.34
1210
0
701.39
508.61
888.008
321.992
168.674
1041.33
609.21
600.79
4.89246
1205.11
258.359
951.641
0
1210
378.733
831.267
80.5178
1129.48
610.443
599.557
152.376
1057.62
699.77
510.23
287.918
922.081
975.806
234.194
536.816
673.184
1136.6
73.3949
813.854
396.146
1210
0
997.958
212.042
1210
0
1162.88
47.1197
1210
0
1210
0
1210
0
1210
0
1210
0
1210
0
1210
0
1210
0
1210
0
1210
0
1210
0
1210
0
1210
0
1210
0
1210
0
1210
0
1210
0
1210
222.485
987.516
92.2562
1117.74
457.897
752.102
233.748
976.252
723.138
486.862
520.026
689.974
1105.09
104.907
821.348
388.652
1210
0
1199.66
10.3374
1210
0
1210
0
1210
0
1210
0
1210
0
1210
36.8032
1173.2
0
1210
0
1210
10.62
1199.38
158.053
1051.95
32.0409
1177.96
490.361
719.639
232.323
977.677
776.706
433.294
479.378
730.622
1084.36
125.641
892.322
317.678
1210
0
1210
0
1210
0
138.283
241.139
830.578
901.918
308.082
599.086
610.914
1008.01
201.993
871.336
338.664
1138.46
71.5416
1021.82
188.183
1210
0
1134.79
75.2139
1210
0
1210
0
1210
0
1210
0
1210
0
1210
83.4116
1126.59
0
1210
321.505
888.495
71.3756
1138.62
562.802
647.198
309.364
900.636
941.512
268.488
624.059
585.941
1084.25
125.747
951.242
258.758
1196.23
13.7696
1152.48
57.5249
1210
0
1054.91
155.095
1210
0
1210
5.11583
1204.88
0
1210
208.013
1001.99
77.6598
1132.34
366.366
843.634
206.431
1003.57
415.586
794.414
379.008
830.992
636.776
573.224
411.079
798.921
853.556
356.444
629.67
580.33
1210
0
983.346
226.654
1210
0
1210
80.2347
1129.77
0
1210
278.1
931.9
98.4038
1111.6
412.794
797.206
296.753
913.247
409.748
800.252
408.308
801.692
633.02
576.98
382.961
827.039
984.392
225.608
774.972
435.028
1210
0
979.64
230.36
1210
0
1210
62.5494
1147.45
0
1210
260.309
949.691
117.135
1092.86
406.931
803.069
303.882
906.118
381.648
828.352
406.309
803.691
648.036
561.964
404.727
805.273
989.344
220.656
814.581
395.419
1210
0
1081.21
128.791
1210
0
1210
121.625
1088.38
18.4391
1191.56
252.579
957.421
185.846
1024.15
369.377
840.623
326.071
883.929
395.079
814.921
404.45
805.55
785.307
424.693
507.73
702.27
1210
0
827.021
382.979
1210
0
1180.68
36.1325
1203.18
0
1210
161.977
1048.02
19.7232
1190.28
306.186
903.814
175.121
1034.88
394.08
815.92
378.601
831.399
398.543
811.457
419.926
790.074
667.555
542.445
414.633
795.367
1118.03
91.967
665.718
544.282
1210
0
1061.85
148.149
1210
0
1210
59.563
1150.44
0
1210
249.961
960.039
118.798
1091.2
406.031
803.969
215.26
994.74
400.635
809.365
393.163
816.837
511.234
698.766
416.322
793.678
807.853
402.147
515.329
694.671
1210
0
837.412
372.588
1210
0
1154.62
64.4054
1200.98
0
1210
49.7326
1160.27
0
1210
179.895
1030.11
58.0056
1151.99
352.589
857.411
246.102
963.897
408.308
801.692
373.451
836.549
425.097
784.903
418.943
791.057
775.229
434.771
475.241
734.759
1081.09
128.914
748.899
461.101
1210
0
1051.84
158.161
1210
0
1210
113.115
1096.89
0
1210
222.389
987.611
87.985
1122.02
417.596
792.404
181.721
1028.28
383.566
826.434
404.484
805.516
475.033
734.967
406.49
803.51
839.544
370.456
525.998
684.002
1140.64
187.839
666.769
629.439
1005.31
205.868
1004.13
97.8556
1112.14
187.877
1022.12
195.625
1014.38
204.795
1005.2
209.921
1000.08
191.16
1018.84
