histogram cpu
/Code/DEFAULT_MODULE/main_interactive_control_,/Machine,/Process,/SyncObject
518 6.4 0  -1
NaN
NaN
NaN
NaN
NaN
NaN
NaN
NaN
NaN
NaN
NaN
NaN
NaN
NaN
NaN
NaN
NaN
NaN
NaN
NaN
NaN
NaN
NaN
NaN
NaN
NaN
NaN
NaN
NaN
NaN
NaN
NaN
NaN
NaN
NaN
NaN
NaN
NaN
NaN
NaN
NaN
NaN
NaN
NaN
NaN
NaN
0
0
0
9.375e-06
0
0
0
0
8.28125e-06
0
0
0
8.125e-06
0
0
0
8.75e-06
0
0
0
8.59375e-06
0
0
0
8.59375e-06
0
0
0
8.59375e-06
0
0
0
8.59375e-06
0
0
4.81612e-06
3.46512e-06
0
0
8.75e-06
0
0
0
8.28125e-06
0
0
0
8.4375e-06
0
0
0
8.75e-06
0
0
0
8.4375e-06
0
0
0
8.90625e-06
0
0
0
8.28125e-06
0
0
0
8.28125e-06
0
0
0
8.28126e-06
0
0
0
8.28124e-06
0
0
0
8.43751e-06
0
0
0
8.59374e-06
0
0
0
8.43751e-06
0
0
2.52117e-06
6.07257e-06
0
0
1.96342e-06
5.69283e-06
0
0
8.59374e-06
0
0
0
9.0625e-06
0
0
0
8.59376e-06
0
0
0
8.43749e-06
0
0
0
8.59376e-06
0
0
0
8.59374e-06
0
0
0
8.59374e-06
0
0
0
8.59376e-06
0
0
2.41041e-06
6.18333e-06
0
0
2.27812e-06
6.00314e-06
0
0
8.74999e-06
0
0
0
8.28126e-06
0
0
0
0
5.39658e-06
2.7284e-06
0
0
5.94502e-06
2.80497e-06
0
0
5.68311e-06
2.75442e-06
0
0
8.74999e-06
0
0
0
8.74999e-06
0
0
0
8.43749e-06
0
0
0
8.59374e-06
0
0
0
8.59378e-06
0
0
0
8.59374e-06
0
0
0
8.43749e-06
0
0
5.66432e-06
2.61692e-06
0
0
5.94961e-06
2.95664e-06
0
0
5.88754e-06
3.0187e-06
0
0
8.75003e-06
0
0
0
8.28124e-06
0
0
0
8.59374e-06
0
0
0
8.43749e-06
0
0
0
8.12503e-06
0
0
2.94009e-06
5.65366e-06
0
0
1.46011e-06
6.66488e-06
0
0
2.741e-06
5.38399e-06
0
0
8.90628e-06
0
0
0
8.59374e-06
0
0
0
8.90625e-06
0
0
0
8.90624e-06
0
0
2.97361e-06
5.77639e-06
0
0
2.9514e-06
5.79859e-06
0
0
2.48271e-06
5.64232e-06
0
0
2.85933e-06
5.57816e-06
0
0
8.74999e-06
0
0
0
8.59374e-06
0
0
0
8.59378e-06
0
0
0
8.74999e-06
0
0
2.87855e-06
5.71519e-06
0
0
2.69965e-06
5.8941e-06
0
0
2.51579e-06
5.76549e-06
0
0
2.81252e-06
6.09369e-06
0
0
8.59378e-06
0
0
0
8.59371e-06
0
0
0
8.59378e-06
0
0
0
8.90628e-06
0
0
2.6592e-06
6.09079e-06
0
0
2.68642e-06
5.90729e-06
0
0
2.83784e-06
5.91216e-06
0
0
2.45734e-06
6.13644e-06
0
0
8.59378e-06
0
0
0
8.43749e-06
0
0
0
8.2812e-06
0
0
0
8.43749e-06
0
0
2.83836e-06
5.91171e-06
0
0
2.97376e-06
6.08874e-06
0
0
2.79961e-06
5.7941e-06
0
0
1.77648e-06
6.66101e-06
0
0
8.43749e-06
0
0
0
8.59378e-06
0
0
0
8.90628e-06
0
0
0
8.59371e-06
0
0
2.45522e-06
6.76356e-06
0
0
3.04036e-06
6.17835e-06
0
0
2.64077e-06
6.10922e-06
0
0
2.93638e-06
5.6574e-06
0
0
8.90628e-06
0
0
0
8.12499e-06
0
0
0
1.24999e-05
0
0
0
8.90628e-06
0
0
0
8.59378e-06
0
0
0
8.74999e-06
0
0
2.88697e-06
5.70674e-06
0
0
2.61181e-06
5.66947e-06
0
0
2.82227e-06
5.92772e-06
0
0
2.55166e-06
5.88583e-06
0
0
8.43749e-06
0
0
0
8.43749e-06
0
0
0
8.59378e-06
0
0
0
8.74999e-06
0
0
2.79322e-06
5.33177e-06
0
0
2.71255e-06
5.88123e-06
0
0
3.01913e-06
5.88707e-06
0
0
2.65948e-06
6.09052e-06
0
0
2.8196e-06
5.61789e-06
0
1.39531e-06
6.88596e-06
0
0
6.88482e-07
7.9053e-06
0
0
1.3842e-06
7.2095e-06
0
0
1.4312e-06
6.85008e-06
0
0
