histogram cpu
/Code/DEFAULT_MODULE/echanen_,/Machine,/Process,/SyncObject
518 6.4 0  -1
NaN
NaN
NaN
NaN
NaN
NaN
NaN
NaN
NaN
NaN
NaN
NaN
NaN
NaN
NaN
NaN
NaN
NaN
NaN
NaN
NaN
NaN
NaN
NaN
NaN
NaN
NaN
NaN
NaN
NaN
NaN
NaN
NaN
NaN
NaN
NaN
NaN
NaN
NaN
NaN
NaN
NaN
NaN
NaN
NaN
NaN
0
0
1.25e-06
1.25e-06
0
0
1.25e-06
0
1.25e-06
0
1.25e-06
0
1.40625e-06
0
1.25e-06
0
1.25e-06
0
1.25e-06
0
1.25e-06
0
1.25e-06
0
1.25e-06
0
1.25e-06
0
1.25e-06
0
1.25e-06
0
1.25e-06
0
1.25e-06
7.25251e-07
5.24749e-07
0
1.25e-06
1.25e-06
0
0
1.25e-06
1.25e-06
0
3.59041e-07
8.9096e-07
1.25e-06
0
1.25e-06
0
1.25e-06
0
1.25e-06
0
1.25e-06
0
1.25e-06
0
1.25e-06
0
1.25e-06
0
1.25e-06
0
1.25e-06
0
1.25e-06
0
1.25e-06
0
1.25e-06
0
1.25e-06
0
1.25e-06
0
1.09375e-06
0
1.25e-06
0
1.25e-06
0
1.40625e-06
0
1.40625e-06
0
1.25e-06
0
1.25e-06
3.65873e-07
8.84127e-07
4.06253e-07
9.99999e-07
3.19735e-07
9.30265e-07
2.41071e-07
1.00893e-06
1.25e-06
0
1.42349e-07
1.10765e-06
1.40625e-06
0
1.25e-06
0
1.25e-06
0
1.09375e-06
0
1.25e-06
0
1.40625e-06
0
1.25e-06
0
1.25e-06
0
1.25e-06
0
1.25e-06
0
1.25e-06
0
1.25e-06
0
1.24999e-06
0
1.25e-06
3.49781e-07
9.00219e-07
0
1.09375e-06
3.43041e-07
9.06959e-07
1.62214e-07
1.08779e-06
1.40625e-06
0
1.25e-06
0
1.25e-06
0
0
0
1.25e-06
8.29386e-07
4.20614e-07
0
1.25e-06
9.5452e-07
4.51732e-07
0
1.25e-06
8.41041e-07
4.0896e-07
8.24727e-07
4.25274e-07
1.25e-06
0
8.70063e-07
3.79937e-07
1.25e-06
0
1.24999e-06
0
1.25e-06
0
1.25e-06
0
1.25e-06
0
1.25e-06
0
1.09375e-06
0
1.40625e-06
0
1.25e-06
0
1.25e-06
0
1.25e-06
0
1.25e-06
8.54148e-07
3.95853e-07
0
1.25e-06
8.34155e-07
4.15845e-07
8.52871e-07
3.9713e-07
7.22295e-07
3.71454e-07
7.09841e-07
5.40159e-07
1.25e-06
0
8.60603e-07
3.89398e-07
1.25e-06
0
1.25e-06
0
1.40625e-06
0
1.40624e-06
0
1.25e-06
0
1.25e-06
0
1.09375e-06
0
1.25e-06
4.27221e-07
8.2278e-07
3.89363e-07
8.60637e-07
3.05783e-07
9.44217e-07
4.22615e-07
8.27386e-07
4.21281e-07
8.2872e-07
4.0253e-07
8.4747e-07
1.25e-06
0
4.19377e-07
8.30624e-07
1.25e-06
0
1.25e-06
0
1.25e-06
0
1.25e-06
0
1.40625e-06
0
1.24999e-06
4.24375e-07
8.25634e-07
0
1.24999e-06
4.7386e-07
9.32401e-07
4.72222e-07
9.34021e-07
3.81505e-07
8.68486e-07
3.93578e-07
8.56432e-07
4.23196e-07
8.26795e-07
3.48717e-07
9.01292e-07
1.24999e-06
0
4.26464e-07
8.23546e-07
1.40624e-06
0
1.25001e-06
0
1.24999e-06
0
1.25001e-06
0
1.24999e-06
0
1.25001e-06
4.70555e-07
9.35687e-07
0
1.25001e-06
3.92262e-07
8.5773e-07
4.69816e-07
9.36427e-07
4.26705e-07
9.79555e-07
4.68108e-07
9.38134e-07
3.94309e-07
8.557e-07
3.45707e-07
9.04285e-07
1.25001e-06
0
4.16335e-07
8.33656e-07
1.25001e-06
0
1.24999e-06
0
1.40626e-06
0
1.24999e-06
0
1.25001e-06
0
1.24999e-06
3.79445e-07
8.70546e-07
0
1.09376e-06
3.90324e-07
8.59668e-07
4.15854e-07
8.34156e-07
4.04986e-07
8.45006e-07
4.19035e-07
8.30974e-07
1.09374e-06
0
4.16184e-07
8.33825e-07
1.40624e-06
0
3.98122e-07
8.51888e-07
1.24999e-06
0
1.25001e-06
0
1.40624e-06
0
1.25001e-06
0
1.24999e-06
0
1.40626e-06
4.05048e-07
8.44943e-07
0
1.24999e-06
4.09767e-07
8.40242e-07
4.31719e-07
8.18272e-07
4.06796e-07
8.43214e-07
4.2634e-07
8.23652e-07
2.79461e-07
8.14297e-07
4.26997e-07
8.22994e-07
1.25001e-06
0
3.79057e-07
8.70934e-07
1.25001e-06
0
1.24999e-06
0
1.25001e-06
0
1.24999e-06
0
1.25001e-06
0
1.40624e-06
4.17503e-07
8.32506e-07
0
1.40624e-06
4.11788e-07
8.38221e-07
0
1.24999e-06
4.23856e-07
9.82386e-07
4.27988e-07
8.22022e-07
4.80036e-07
9.26206e-07
4.08045e-07
8.41964e-07
1.24999e-06
0
4.22115e-07
8.27895e-07
1.24999e-06
0
4.75833e-07
9.30427e-07
1.24999e-06
0
1.25001e-06
0
1.24999e-06
0
1.25001e-06
0
1.24999e-06
0
1.24999e-06
0
1.25001e-06
0
1.24999e-06
4.19506e-07
8.30503e-07
0
1.24999e-06
4.43049e-07
9.63212e-07
4.30687e-07
8.19305e-07
4.0276e-07
8.47249e-07
3.8855e-07
1.01769e-06
3.77589e-07
8.72421e-07
4.19603e-07
8.30388e-07
1.25001e-06
0
4.02784e-07
8.47208e-07
1.25001e-06
0
1.24999e-06
0
1.25001e-06
0
1.40624e-06
0
1.24999e-06
0
1.40626e-06
4.29297e-07
8.20694e-07
0
1.40626e-06
3.94106e-07
8.55885e-07
0
1.25001e-06
4.76218e-07
9.30025e-07
4.17999e-07
8.3201e-07
4.26912e-07
9.7933e-07
4.18902e-07
8.31089e-07
4.17295e-07
8.32714e-07
2.09867e-07
1.25052e-06
1.03961e-06
2.11617e-07
1.03837e-06
1.51946e-07
1.09806e-06
2.17252e-07
1.18899e-06
2.01139e-07
1.04887e-06
2.10507e-07
1.03948e-06
2.1582e-07
1.03419e-06
1.9644e-07
1.05355e-06
