histogram cpu_inclusive
/Code/DEFAULT_MODULE/ldtx32d_,/Machine,/Process,/SyncObject
518 6.4 0  -1
NaN
NaN
NaN
NaN
NaN
NaN
NaN
NaN
NaN
NaN
NaN
NaN
NaN
NaN
NaN
NaN
NaN
NaN
NaN
NaN
NaN
NaN
NaN
NaN
NaN
NaN
NaN
NaN
NaN
NaN
NaN
NaN
NaN
NaN
NaN
NaN
NaN
NaN
NaN
NaN
NaN
NaN
NaN
NaN
NaN
NaN
0
0
0
0
0
0.0661761
0
0
0
0.0664434
0
0
0
0.066277
0
0
0
0.0664469
0
0
0
0.066411
0
0
0
0.066654
0
0
0
0.0668314
0
0
0
0.0663644
0
0
0
0.0664483
0
0
0
0.0661426
0
0
0.0253448
0.0411853
0
0
0.0314089
0.034835
0
0
0.0667289
0
0
0
0.0662519
0
0
0
0.0663824
0
0
0
0.0662519
0
0
0
0.0661749
0
0
0
0.0661715
0
0
0
0.0663055
0
0
0
0.0663573
0
0
0
0.0662401
0
0
0
0.0662687
0
0
0
0.0661923
0
0
0
0.066258
0
0
0.0180796
0.0479507
0
0
0.0391785
0.0271029
0
0
0.0660974
0
0
0
0.0661324
0
0
0
0.0662376
0
0
0
0.0661007
0
0
0
0.0665623
0
0
0
0.0664912
0
0
0
0.0659905
0
0
0.0169601
0.0491042
0
0
0.0183616
0.0480411
0
0
0.0402392
0.0261714
0
0
0
0
0.0662363
0
0
0
0.0662546
0
0
0.0385182
0.0278027
0
0
0.0412038
0.02507
0
0
0.057277
0.00891366
0
0
0.0658548
0
0
0
0.0662729
0
0
0
0.0662115
0
0
0
0.0661772
0
0
0
0.0665769
0
0
0
0.0662652
0
0
0.00898026
0.0573386
0
0
0.0445743
0.0214569
0
0
0.0452307
0.0210338
0
0
0.0444899
0.021764
0
0
0.0662625
0
0
0
0.0663012
0
0
0
0.0660303
0
0
0
0.0666985
0
0
0.0221852
0.0441998
0
0
0.0221118
0.0439352
0
0
0.0219835
0.0441624
0
0
0.0327587
0.0335148
0
0
0.0663871
0
0
0
0.0664666
0
0
0
0.0662875
0
0
0.0122998
0.0541251
0
0
0.0227542
0.0436155
0
0
0.0196171
0.0465369
0
0
0.0217304
0.0446543
0
0
0.0329421
0.0334211
0
0
0.0661162
0
0
0
0.0661397
0
0
0
0.0661814
0
0
0.00797306
0.0582972
0
0
0.0206316
0.0454542
0
0
0.0224087
0.0437381
0
0
0.0208535
0.0453401
0
0
0.0664154
0
0
0
0.0661039
0
0
0
0.0665492
0
0
0
0.0662714
0
0
0.0227677
0.0432134
0
0
0.0216853
0.0444257
0
0
0.021822
0.0443224
0
0
0.020527
0.0458165
0
0
0.0661719
0
0
0
0.066365
0
0
0
0.0662065
0
0
0
0.0662953
0
0
0.016266
0.0502075
0
0
0.0223307
0.0439347
0
0
0.0230675
0.0432075
0
0
0.0209997
0.0452872
0
0
0.026725
0.0395309
0
0
0.0662839
0
0
0
0.0661033
0
0
0
0.0662243
0
0
0
0.0664186
0
0
0.0223824
0.0437209
0
0
0.020372
0.0458267
0
0
0.0220299
0.0440037
0
0
0.0225539
0.0434773
0
0
0.0223434
0.0437295
0
0
0.0663924
0
0
0
0.0662738
0
0
0
0.0660872
0
0
0
0.066492
0
0
0.0228268
0.043388
0
0
0.0208714
0.0451306
0
0
0.0213269
0.0449648
0
0
0.0182728
0.0479497
0
0
0.0663459
0
0
0
0.0662971
0
0
0
0.0663668
0
0
0
0.0662166
0
0
0
0.066554
0
0
0.0196757
0.0466196
0
0
0.0226334
0.0436589
0
0
0.0113033
0.0547911
0
0
0.0112742
0.0551027
0
0.00993265
0.0563727
0
0
0.0111524
0.0550499
0
0
0.0109341
0.0551436
0
