histogram procedure_calls
/Code/DEFAULT_MODULE/ldttemp_,/Machine,/Process,/SyncObject
518 6.4 0  -1
NaN
NaN
NaN
NaN
NaN
NaN
NaN
NaN
NaN
NaN
NaN
NaN
NaN
NaN
NaN
NaN
NaN
NaN
NaN
NaN
NaN
NaN
NaN
NaN
NaN
NaN
NaN
NaN
NaN
NaN
NaN
NaN
NaN
NaN
NaN
NaN
NaN
NaN
NaN
NaN
NaN
NaN
NaN
NaN
NaN
NaN
0
0
0
0
0
0.15625
0
0
0
0.15625
0
0
0
0.15625
0
0
0
0.15625
0
0
0
0.15625
0
0
0
0.15625
0
0
0
0.15625
0
0
0
0.15625
0
0
0
0.15625
0
0
0
0.15625
0
0
0
0.15625
0
0
0
0.15625
0
0
0
0.15625
0
0
0.0884541
0.0677959
0
0
0.0104037
0.145846
0
0
0.15625
0
0
0
0.15625
0
0
0
0.15625
0
0
0
0.15625
0
0
0
0.15625
0
0
0
0.15625
0
0
0
0.15625
0
0
0
0.15625
0
0
0
0.15625
0
0
0
0.15625
0
0
0.0463215
0.109928
0
0
0.0451131
0.111137
0
0
0.15625
0
0
0
0.15625
0
0
0
0.15625
0
0
0
0.15625
0
0
0
0.15625
0
0
0
0.15625
0
0
0
0.15625
0
0
0
0.15625
0
0
0.0415025
0.114748
0
0
0
0
0.15625
0
0
0
0.15625
0
0
0
0.15625
0
0
0
0.15625
0
0
0.108385
0.0478649
0
0
0.0978761
0.0583739
0
0
0.15625
0
0
0
0.15625
0
0
0
0.15625
0
0
0
0.15625
0
0
0
0.15625
0
0
0
0.15625
0
0
0
0.15625
0
0
0
0.15625
0
0
0.105154
0.0510961
0
0
0.0503343
0.105916
0
0
0.15625
0
0
0
0.15625
0
0
0
0.15625
0
0
0
0.15625
0
0
0.0524208
0.103829
0
0
0.0520369
0.104213
0
0
0.051674
0.104576
0
0
0.0538873
0.102363
0
0
0.15625
0
0
0
0.15625
0
0
0
0.15625
0
0
0
0.15625
0
0
0.0464542
0.109796
0
0
0.051275
0.104975
0
0
0.052397
0.103853
0
0
0.0526676
0.103582
0
0
0.15625
0
0
0
0.15625
0
0
0
0.15625
0
0
0
0.15625
0
0
0.0530498
0.1032
0
0
0.0493378
0.106912
0
0
0.044031
0.112219
0
0
0.0524067
0.103843
0
0
0.15625
0
0
0
0.15625
0
0
0
0.15625
0
0
0.0513651
0.104885
0
0
0.0516589
0.104591
0
0
0.0465314
0.109719
0
0
0.04288
0.11337
0
0
0.15625
0
0
0
0.15625
0
0
0
0.15625
0
0
0
0.15625
0
0
0
0.15625
0
0
0.054496
0.101754
0
0
0.0496149
0.106635
0
0
0.0538648
0.102385
0
0
0.0527238
0.103526
0
0
0.15625
0
0
0
0.15625
0
0
0
0.15625
0
0
0
0.15625
0
0
0.0481984
0.108052
0
0
0.0522379
0.104012
0
0
0.0534762
0.102774
0
0
0.0529485
0.103301
0
0
0.0532169
0.103033
0
0
0.15625
0
0
0
0.15625
0
0
0
0.15625
0
0
0
0.15625
0
0
0.0495191
0.106731
0
0
0.0503829
0.105867
0
0
0.0432351
0.113015
0
0
0.0467914
0.109459
0
0
0.0525825
0.103668
0
0
0.15625
0
0
0
0.15625
0
0
0
0.15625
0
0
0
0.15625
0
0
0.053452
0.102798
0
0
0.0267816
0.129468
0
0
0.0265966
0.129653
0
0
0.0242723
0.131978
0
0.0263785
0.129872
0
0
0.0259094
0.130341
0
