histogram cpu
/Code/DEFAULT_MODULE/lartv2d_,/Machine,/Process,/SyncObject
518 6.4 0  -1
NaN
NaN
NaN
NaN
NaN
NaN
NaN
NaN
NaN
NaN
NaN
NaN
NaN
NaN
NaN
NaN
NaN
NaN
NaN
NaN
NaN
NaN
NaN
NaN
NaN
NaN
NaN
NaN
NaN
NaN
NaN
NaN
NaN
NaN
NaN
NaN
NaN
NaN
NaN
NaN
NaN
NaN
NaN
NaN
NaN
NaN
0
0.090187
0
0
0
0.0917616
0
0
0
0.0913534
0
0
0
0.0910455
0
0
0
0.0748888
0.0164414
0
0
0.0914931
0
0
0
0.0925409
0
0
0
0.0923032
0
0
0
0.0928106
0
0
0
0.0925042
0
0
0
0.0926576
0
0
0
0.0934892
0
0
0
0.0934283
0
0
0
0.0933867
0
0
0
0.0933726
0
0
0
0.0942396
0
0
0
0.0941335
0
0
0
0.0949143
0
0
0
0.0950064
0
0
0
0.0955215
0
0
0.0266176
0.0694053
0
0
0.0753607
0.0210255
0
0
0.0961922
0
0
0
0.0965163
0
0
0
0.0971718
0
0
0
0.0975209
0
0
0
0.0974445
0
0
0
0.0973442
0
0
0.0114659
0.0864359
0
0
0.0249555
0.0737337
0
0
0.0271006
0.0716488
0
0
0.0988849
2.39187e-05
0
0
0.0987568
0
0
0
0.0990495
0
0
0
0.0990376
0
0
0
0.0991386
0
0
0
0.0752431
0.0229167
0.00173455
0
0
0.0999337
0
0
0
0.100152
0
0
0
0.0997439
0
0
0
0.0998873
0
0
0
0.100593
0
0
0
0.0999388
0
0
0.0192009
0.0812565
0
0
0.0677654
0.0330141
0
0
0.0686176
0.0327616
0
0
0.0936709
0.00737178
0
0
0.101203
0
0
0
0.101815
0
0
0
0.101273
0
0
0
0.101148
0
0
0
0.10186
0
0
0.0327655
0.0694475
0
0
0.0328868
0.0690872
0
0
0.028261
0.0744235
0
0
0.0718886
0.0310415
0
0
0.102657
0
0
0
0.102661
0
0
0
0.102945
0
0
0.0212715
0.0817647
0
0
0.0352146
0.0673876
0
0
0.0291802
0.074269
0
0
0.032904
0.0708677
0
0
0.0910588
0.0127219
0
0
0.103967
0
0
0
0.103931
0
0
0
0.104309
0
0
0.0211007
0.0836628
0
0
0.0350433
0.0694234
0
0
0.0359505
0.0690675
0
0
0.0358695
0.0696123
0
0
0.0841714
0.021668
0
0
0.106097
0
0
0
0.105818
0
0
0
0.105278
0
0
0.0271565
0.0784206
0
0
0.0352546
0.0703428
0
0
0.0350276
0.0717136
0
0
0.0497551
0.0574796
0
0
0.10749
0
0
0
0.107555
0
0
0
0.107179
0
0
0.00764444
0.10061
0
0
0.0283993
0.0795245
0
0
0.0320838
0.0757112
0
0
0.0351268
0.0724781
0
0
0.0383681
0.069334
0
0
0.098222
0.0101714
0
0
0.108387
0
0
0
0.108801
0
0
0
0.108688
0
0
0.0239903
0.0852984
0
0
0.0368212
0.0728173
0
0
0.0373792
0.0723642
0
0
0.028993
0.0808828
0
0
0.057076
0.053099
0
0
0.109258
0
0
0
0.10935
0
0
0
0.109758
0
0
0.00611475
0.104112
0
0
0.0125677
0.0980097
0
0
0.0374469
0.0730494
0
0
0.0360771
0.0757245
0
0
0.0382745
0.0731922
0
0
0.0536337
0.0578008
0
0
0.108676
0.00311601
0
0
0.11187
0
0
0
0.111655
0
0
0
0.111479
0
0
0.0264131
0.0857521
0
0
0.0374606
0.0744042
0
0
0.031772
0.0814399
0
0
0.0279059
0.0843821
0
0
0.0666889
0.0459007
0
0
0.113077
0
0
0
0.113145
0
0
0.019278
0.0937479
0
0
0.01916
0.0939589
0
0
0.0174762
0.0955855
0
0
0.019097
0.09424
0
0
0.0178157
0.0954867
