histogram cpu_inclusive
/Code/DEFAULT_MODULE/lbcsu2d_,/Machine,/Process,/SyncObject
518 6.4 0  -1
NaN
NaN
NaN
NaN
NaN
NaN
NaN
NaN
NaN
NaN
NaN
NaN
NaN
NaN
NaN
NaN
NaN
NaN
NaN
NaN
NaN
NaN
NaN
NaN
NaN
NaN
NaN
NaN
NaN
NaN
NaN
NaN
NaN
NaN
NaN
NaN
NaN
NaN
NaN
NaN
NaN
NaN
NaN
NaN
NaN
NaN
0.000279063
0
0
0.000268125
0
0
0
0
0.0002675
0
0
0
0.000268437
0
0
0
0.000272656
0
0
0
0.000277656
0
0
0
0.000272656
0
0
0
0.000267344
0
0
0
0.000266875
0
0
0.000155143
0.000110482
0
0
0.000268281
0
0
0
0.000315312
0
0
0
0.000267813
0
0
0
0.000267344
0
0
0
0.000267187
0
0
0
0.000267188
0
0
0
0.0002725
0
0
0
0.000267031
0
0
0
0.000269063
0
0
0
0.0002675
0
0
0
0.000266094
0
0
0
0.000277031
0
0
0
0.000267969
0
0
7.90417e-05
0.000189239
0
0
6.94037e-05
0.000199971
0
0
0.000268907
0
0
0
0.000266406
0
0
0
0.000267188
0
0
0
0.000266406
0
0
0
0.000267656
0
0
0
0.000268281
0
0
0
0.000267187
0
0
0
0.000268438
0
0
7.64435e-05
0.000194963
0
0
7.43825e-05
0.000194836
0
0
0.000266719
0
0
0
0.000272812
0
0
0
0
0.000184033
9.25288e-05
0
0
0.000182281
8.55312e-05
0
0
0.000181362
8.73888e-05
0
0
0.000268125
0
0
0
0.000271718
0
0
0
0.000266875
0
0
0
0.000267187
0
0
0
0.0002675
0
0
0
0.000277031
0
0
0
0.000269219
0
0
0.00018631
8.55655e-05
0
0
0.000179264
8.85483e-05
0
0
0.000177367
9.0446e-05
0
0
0.000183383
8.88044e-05
0
0
0.000267031
0
0
0
0.000267187
0
0
0
0.000268595
0
0
0
0.000267031
0
0
9.50553e-05
0.000182288
0
0
4.8057e-05
0.000218193
0
0
9.01882e-05
0.000176687
0
0
0.000266406
0
0
0
0.00026625
0
0
0
0.000275625
0
0
0
0.000268751
0
0
9.03802e-05
0.000175089
0
0
9.01369e-05
0.000176581
0
0
8.16758e-05
0.000185043
0
0
9.03845e-05
0.000175865
0
0
0.000266562
0
0
0
0.000267032
0
0
0
0.000267031
0
0
0
0.000267656
0
0
9.18729e-05
0.000181877
0
0
8.96994e-05
0.0001953
0
0
8.11551e-05
0.000185407
0
0
8.44549e-05
0.00018242
0
0
0.000267657
0
0
0
0.000268281
0
0
0
0.000267811
0
0
0
0.000267813
0
0
8.13279e-05
0.000185703
0
0
8.32441e-05
0.000182537
0
0
8.84396e-05
0.000183749
0
0
7.82854e-05
0.000194839
0
0
0.000266251
0
0
0
0.000265625
0
0
0
0.000266405
0
0
0
0.000268125
0
0
8.63343e-05
0.000179291
0
0
8.80379e-05
0.000179776
0
0
8.69092e-05
0.00017934
0
0
5.64573e-05
0.00021073
0
0
0.000268281
0
0
0
0.000276095
0
0
0
0.000265937
0
0
0
0.000267343
0
0
0
0.000268125
0
0
8.87978e-05
0.000179952
0
0
8.11358e-05
0.000187146
0
0
9.43938e-05
0.000181387
0
0
0.000266407
0
0
0
0.000267655
0
0
0
0.000262656
0
0
0
0.000267501
0
0
0
0.000266719
0
0
0
0.000266717
0
0
9.02384e-05
0.000177887
0
0
8.4726e-05
0.000183399
0
0
8.66973e-05
0.000181584
0
0
8.0978e-05
0.000186209
0
0
0.000268281
0
0
0
0.000266719
0
0
0
0.000277343
0
0
0
0.000267969
0
0
9.11566e-05
0.00017353
0
0
8.45585e-05
0.000182787
0
0
9.02614e-05
0.000175519
0
0
8.13906e-05
0.000185797
0
0
9.01404e-05
0.000179077
0
4.46804e-05
0.000220009
0
0
2.13166e-05
0.000243526
0
0
4.29873e-05
0.00022342
0
0
4.59873e-05
0.000219638
0
0
