histogram cpu_inclusive
/Code/DEFAULT_MODULE/main_drive_routine_,/Machine,/Process,/SyncObject
518 6.4 0  -1
NaN
NaN
NaN
NaN
NaN
NaN
NaN
NaN
NaN
NaN
NaN
NaN
NaN
NaN
NaN
NaN
NaN
NaN
NaN
NaN
NaN
NaN
NaN
NaN
NaN
NaN
NaN
NaN
NaN
NaN
NaN
NaN
NaN
NaN
NaN
NaN
NaN
NaN
NaN
NaN
NaN
NaN
NaN
NaN
NaN
NaN
0.852769
0.9254
0.906315
0.948505
0.937988
0.937558
0.890314
0.911111
0.932857
0.928945
0.930687
0.929793
0.928133
0.926639
0.934606
0.917718
0.942502
0.957732
0.963063
0.955137
0.970608
0.961112
0.950591
0.962957
0.961537
0.953073
0.942896
0.956302
0.982299
0.95597
0.964894
0.955923
0.975313
0.955825
0.968453
0.970358
0.957233
0.961157
0.9678
0.954579
0.963852
0.949885
0.9764
0.9449
0.973568
0.952689
0.950961
0.959398
0.973201
0.975918
0.964577
0.963895
0.955914
0.965802
0.952857
0.945424
0.967266
0.959874
0.967568
0.975191
0.939116
0.962699
0.950198
0.956806
0.961278
0.958336
0.978231
0.962838
0.967267
0.967393
0.944598
0.953462
0.973416
0.959813
0.955292
0.95743
0.962896
0.952128
0.97314
0.973288
0.95225
0.984464
0.977458
0.98079
0.97789
0.962433
0.97721
0.981894
0.969081
0.956881
0.975942
0.984219
0.988067
0.975856
0.968717
0.975454
0.968668
0.982502
0.973732
0.973553
0.965204
0.980144
0.975041
0.973749
0.971612
0.981634
0.978168
0.979268
0.95507
0.961227
0.983834
0.987841
0.975057
0.983084
0.972463
0.968377
0.966154
0.960577
0.968737
0.979321
0.970339
0.971047
0.980402
0.966708
0.975523
0.974245
0.982717
0.972847
0.970371
0.972339
0.976572
0.973713
0.979843
0.971609
0.988268
0.975791
0.970083
0.979121
0.974569
0.973952
0.969396
0.974205
0.968369
0.496246
0.149667
0.915221
0.975847
0.976673
0.984008
0.95089
0.971533
0.978514
0.977701
0.98216
0.958937
0.976692
0.9794
0.981947
0.98843
0.971879
0.960136
0.97959
0.97807
0.981945
0.956134
0.966763
0.982
0.976938
0.969862
0.985208
0.980619
0.978545
0.983256
0.975591
0.984455
0.985953
0.974758
0.965858
0.96333
0.981179
0.973502
0.96695
0.975868
0.975522
0.980765
0.988205
0.977777
0.97183
0.971894
0.986564
0.975786
0.98134
0.961395
0.973946
0.985362
0.972461
0.985286
0.93751
0.981327
0.982558
0.97822
0.979167
0.979313
0.976499
0.971648
0.991179
0.987073
0.981793
0.989277
0.98473
0.976914
0.989182
0.97593
0.990585
0.979617
0.991918
0.981607
0.981025
0.980593
0.988751
0.970005
0.987348
0.980289
0.985608
0.986389
0.983726
0.982227
0.985756
0.982969
0.990656
0.982873
0.985381
0.971285
0.989045
0.990809
0.978907
0.971297
0.99282
0.981913
0.991713
0.984668
0.966375
0.978267
0.988981
0.985848
0.99061
0.976184
0.986711
0.990393
0.986172
0.978369
0.975563
0.990201
0.983054
0.986647
0.987941
0.980494
0.977484
0.965405
0.989534
0.977373
0.984753
0.988287
0.975194
0.982557
0.982863
0.976978
0.9872
0.991051
0.981461
0.980435
0.96994
0.98891
0.990079
0.988852
0.975406
0.990726
0.986263
0.986043
0.986646
0.978183
0.987864
0.986897
0.988679
0.97763
0.985937
0.986963
0.992392
0.982062
0.983652
0.990019
0.982427
0.990531
0.987662
0.982709
0.982947
0.976321
0.987687
0.989976
0.982153
0.991974
0.983519
0.988034
0.986008
0.972307
0.98707
0.989192
0.983096
0.983522
0.980344
0.991974
0.991399
0.989155
0.982895
0.981869
0.988984
0.990122
0.984947
0.973833
0.984698
0.987583
0.992073
0.986666
0.968448
0.985846
0.977604
0.981725
0.983842
0.982148
0.981776
0.987493
0.987743
0.984397
0.980301
0.983773
0.990791
0.991177
0.980789
0.986757
0.960736
0.977481
0.987157
0.989011
0.982671
0.981013
0.991232
0.984258
0.972417
0.968464
0.984269
0.992508
0.988523
0.97893
0.989998
0.98532
0.984071
0.976003
0.978425
0.987892
0.979487
0.988043
0.984969
0.976477
0.993725
0.989854
0.986311
0.986661
0.979831
0.9876
0.982267
0.976018
0.978793
0.973248
0.98088
0.993822
0.984088
0.974735
0.991117
0.988242
0.989787
0.977342
0.980682
0.987967
0.981147
0.983027
0.988717
0.981544
0.979998
0.993864
0.985506
0.986136
0.964623
0.992865
0.986457
0.990349
0.978242
0.98148
0.991717
0.98404
0.987998
0.975402
0.987541
0.991662
0.98622
0.993521
0.973306
0.98064
0.991571
0.978492
0.985664
0.978834
0.981286
0.993738
0.990107
0.982104
0.977397
0.980915
0.984729
0.985877
0.985113
0.984847
0.985962
0.978953
0.985051
0.977873
0.989633
0.987516
0.984538
0.987661
0.98064
0.986699
0.991656
0.976514
0.978241
0.983827
0.98588
0.986796
0.99105
0.977955
0.969104
0.986154
0.984021
0.990844
0.981915
0.979659
0.989166
0.985887
0.992352
0.979216
0.985141
0.987686
0.992573
0.992544
0.982415
0.98933
0.988633
0.994793
0.990584
0.98698
0.994953
0.974981
0.988668
0.989242
0.985728
0.989224
0.992172
0.991106
0.991513
0.986433
0.993326
0.990873
0.973907
