histogram cpu_inclusive
/Code/DEFAULT_MODULE/lartv2d_,/Machine,/Process,/SyncObject
518 6.4 0  -1
NaN
NaN
NaN
NaN
NaN
NaN
NaN
NaN
NaN
NaN
NaN
NaN
NaN
NaN
NaN
NaN
NaN
NaN
NaN
NaN
NaN
NaN
NaN
NaN
NaN
NaN
NaN
NaN
NaN
NaN
NaN
NaN
NaN
NaN
NaN
NaN
NaN
NaN
NaN
NaN
NaN
NaN
NaN
NaN
NaN
NaN
0
0.0968509
0
0
0
0.0993759
0
0
0
0.0989866
0
0
0
0.0987472
0
0
0
0.0792743
0.0196602
0
0
0.0996469
0
0
0
0.101183
0
0
0
0.101219
0
0
0
0.101574
0
0
0
0.101265
0
0
0
0.101299
0
0
0
0.10324
0
0
0
0.103157
0
0
0
0.103229
0
0
0
0.103375
0
0
0
0.104477
0
0
0
0.104976
0
0
0
0.106265
0
0
0
0.106432
0
0
0
0.10735
0
0
0.0302159
0.0781935
0
0
0.0786148
0.030201
0
0
0.108703
0
0
0
0.109435
0
0
0
0.110658
0
0
0
0.11124
0
0
0
0.111274
0
0
0
0.111294
0
0
0.0115289
0.100462
0
0
0.0288703
0.0846188
0
0
0.0313959
0.0823492
0
0
0.113969
0.000248534
0
0
0.113948
0
0
0
0.114295
0
0
0
0.114329
0
0
0
0.114635
0
0
0
0.0808227
0.0326364
0.00245761
0
0
0.116338
0
0
0
0.116367
0
0
0
0.115957
0
0
0
0.116195
0
0
0
0.117383
0
0
0
0.116399
0
0
0.0192442
0.0976405
0
0
0.0794502
0.0384281
0
0
0.0806508
0.0382238
0
0
0.105796
0.012621
0
0
0.118666
0
0
0
0.119566
0
0
0
0.119009
0
0
0
0.118678
0
0
0
0.119712
0
0
0.0387777
0.081905
0
0
0.0389288
0.081478
0
0
0.0334804
0.0877757
0
0
0.0778375
0.0440093
0
0
0.121503
0
0
0
0.121707
0
0
0
0.122198
0
0
0.0213205
0.100694
0
0
0.0418134
0.0797413
0
0
0.0348179
0.0882364
0
0
0.039402
0.0845506
0
0
0.0983641
0.0255719
0
0
0.124123
0
0
0
0.124308
0
0
0
0.124797
0
0
0.0211487
0.104292
0
0
0.0420993
0.0831116
0
0
0.0432581
0.0828331
0
0
0.0433012
0.0837568
0
0
0.0914845
0.0360963
0
0
0.128056
0
0
0
0.128103
0
0
0
0.127033
0
0
0.0306379
0.0969459
0
0
0.0426706
0.0848559
0
0
0.0426404
0.0869883
0
0
0.0567265
0.0733863
0
0
0.130765
0
0
0
0.131218
0
0
0
0.130736
0
0
0.0076663
0.12446
0
0
0.0337021
0.0982691
0
0
0.0393649
0.0925307
0
0
0.0430271
0.0884697
0
0
0.0466425
0.0850909
0
0
0.112323
0.0204502
0
0
0.132724
0
0
0
0.133474
0
0
0
0.1337
0
0
0.0240438
0.110816
0
0
0.0455307
0.0897313
0
0
0.0462919
0.0893194
0
0
0.0359547
0.0998461
0
0
0.0658915
0.0703683
0
0
0.134695
0
0
0
0.135071
0
0
0
0.13579
0
0
0.00612915
0.130407
0
0
0.0125969
0.124452
0
0
0.0466092
0.0906186
0
0
0.0452014
0.0945096
0
0
0.0478742
0.0912323
0
0
0.0627079
0.0761673
0
0
0.132805
0.00661241
0
0
0.139834
0
0
0
0.139408
0
0
0
0.139325
0
0
0.0274574
0.112745
0
0
0.0470315
0.093062
0
0
0.0400479
0.102207
0
0
0.0350807
0.105549
0
0
0.0763669
0.0647161
0
0
0.141993
0
0
0
0.142303
0
0
0.0242439
0.117572
0
0
0.0241263
0.11797
0
0
0.0219989
0.119984
0
0
0.0240689
0.118427
0
0
0.0225046
0.12025
