histogram procedure_calls
/Code/DEFAULT_MODULE/rdtvolu_,/Machine,/Process,/SyncObject
518 6.4 0  -1
NaN
NaN
NaN
NaN
NaN
NaN
NaN
NaN
NaN
NaN
NaN
NaN
NaN
NaN
NaN
NaN
NaN
NaN
NaN
NaN
NaN
NaN
NaN
NaN
NaN
NaN
NaN
NaN
NaN
NaN
NaN
NaN
NaN
NaN
NaN
NaN
NaN
NaN
NaN
NaN
NaN
NaN
NaN
NaN
NaN
NaN
0
0
0
0.15625
0
0
0
0.15625
0
0
0
0.15625
0
0
0
0.15625
0
0
0
0.15625
0
0
0
0.15625
0
0
0
0.15625
0
0
0
0.15625
0
0
0
0.15625
0
0
0
0.15625
0
0
0
0.15625
0
0
0
0.15625
0
0
0
0.15625
0
0
0
0.15625
0
0
0
0.15625
0
0
0
0.15625
0
0
0
0.15625
0
0
0
0.15625
0
0
0
0.15625
0
0
0.0898037
0.0664463
0
0
0.0477509
0.108499
0
0
0.15625
0
0
0
0.15625
0
0
0
0.15625
0
0
0
0.15625
0
0
0
0.15625
0
0
0
0.15625
0
0
0
0.15625
0
0
0.0368798
0.11937
0
0
0
0.15625
0
0
0.15625
0
0
0
0.15625
0
0
0
0.15625
0
0
0
0.15625
0
0
0
0.15625
0
0
0
0.15625
0
0
0
0
0.15625
0
0
0
0.15625
0
0
0
0.15625
0
0
0
0.15625
0
0
0
0.15625
0
0
0
0.15625
0
0
0
0.15625
0
0
0.105295
0.0509553
0
0
0.0918481
0.0644019
0
0
0.15625
0
0
0
0.15625
0
0
0
0.15625
0
0
0
0.15625
0
0
0
0.15625
0
0
0
0.15625
0
0
0.0522566
0.103993
0
0
0.0539721
0.102278
0
0
0.0519769
0.104273
0
0
0.0537211
0.102529
0
0
0.15625
0
0
0
0.15625
0
0
0
0.15625
0
0
0
0.15625
0
0
0.0449339
0.111316
0
0
0.053248
0.103002
0
0
0.0533605
0.102889
0
0
0.0529666
0.103283
0
0
0.15625
0
0
0
0.15625
0
0
0
0.15625
0
0
0
0.15625
0
0
0.0427286
0.113521
0
0
0.0534684
0.102782
0
0
0.0526035
0.103646
0
0
0.15625
0
0
0
0.15625
0
0
0
0.15625
0
0
0
0.15625
0
0
0.0525212
0.103729
0
0
0.0477933
0.108457
0
0
0.0408337
0.115416
0
0
0.047754
0.108496
0
0
0.15625
0
0
0
0.15625
0
0
0
0.15625
0
0
0
0.15625
0
0
0.0537212
0.102529
0
0
0.0523734
0.103877
0
0
0.0496053
0.106645
0
0
0.0509457
0.105304
0
0
0.15625
0
0
0
0.15625
0
0
0
0.15625
0
0
0
0.15625
0
0
0
0.15625
0
0
0.040417
0.115833
0
0
0.0532043
0.103046
0
0
0.0524844
0.103766
0
0
0.0517892
0.104461
0
0
0.15625
0
0
0
0.15625
0
0
0
0.15625
0
0
0
0.15625
0
0
0.0528285
0.103421
0
0
0.0524575
0.103793
0
0
0.0458943
0.110356
0
0
0.0498275
0.106422
0
0
0.0527808
0.103469
0
0
0.15625
0
0
0
0.15625
0
0
0
0.15625
0
0
0
0.15625
0
0
0.0536495
0.102601
0
0
0.0527894
0.103461
0
0
0.0465433
0.109707
0
0
0.0539802
0.10227
0
0
0.0495899
0.10666
0
0
0.15625
0
0
0
0.15625
0
0
0
0.15625
0
0
0.0264596
0.12979
0
0
0.0126656
0.143584
0
0
0.0252866
0.130963
0
0
0.0271351
0.129115
0
0
