histogram procedure_calls
/Code/DEFAULT_MODULE/eeos1t_,/Machine,/Process,/SyncObject
518 6.4 0  -1
NaN
NaN
NaN
NaN
NaN
NaN
NaN
NaN
NaN
NaN
NaN
NaN
NaN
NaN
NaN
NaN
NaN
NaN
NaN
NaN
NaN
NaN
NaN
NaN
NaN
NaN
NaN
NaN
NaN
NaN
NaN
NaN
NaN
NaN
NaN
NaN
NaN
NaN
NaN
NaN
NaN
NaN
NaN
NaN
NaN
NaN
0
0.15625
0
0.15625
0
0.15625
0
0.15625
0
0.15625
0
0.15625
0
0.0139956
0.142254
0.15625
0
0
0.15625
0.15625
0
0.0867538
0.0694962
0.15625
0
0.0780889
0.0781611
0.15625
0
0.0908728
0.0653772
0.15625
0
0.15625
0
0.15625
0
0.15625
0
0.15625
0
0.15625
0
0.15625
0
0.15625
0
0.15625
0
0.15625
0
0.15625
0
0.15625
0
0.15625
0
0.15625
0
0.15625
0
0.15625
0
0.15625
0
0.15625
0
0.15625
0
0.15625
0
0.15625
0
0.15625
0
0.15625
0
0.15625
0
0.15625
0
0.15625
0.0476357
0.108614
0.0405467
0.115703
0.15625
0
0.0468474
0.109403
0.15625
0
0.15625
0
0.15625
0
0.15625
0
0.15625
0
0.15625
0
0.15625
0
0.15625
0
0.15625
0
0.15625
0
0.15625
0
0.15625
0.0367609
0.119489
0
0.15625
0
0.15625
0.0433415
0.112908
0.0309851
0.125265
0.0126831
0.143567
0.15625
0
0.0438292
0.112421
0.15625
0
0.15625
0
0.15625
0
0.15625
0
0.15625
0
0.15625
0
0.15625
0
0.0543557
0.0947873
0.00710702
0.15625
0
0.107185
0.0490651
0.15625
0
0.15625
0
0.15625
0
0.15625
0
0.15625
0
0.15625
0
0.15625
0
0.15625
0
0.15625
0
0.15625
0
0.15625
0
0.15625
0.105179
0.0510708
0
0.15625
0.0916944
0.0645555
0.106208
0.0500416
0.15625
0
0.108887
0.0473629
0.15625
0
0.106037
0.0502131
0.15625
0
0.15625
0
0.15625
0
0.15625
0
0.15625
0
0.15625
0
0.15625
0
0.15625
0.0521997
0.10405
0
0.15625
0.0539145
0.102335
0.0506231
0.105627
0.0519199
0.10433
0.043256
0.112994
0.0536627
0.102587
0.0489394
0.107311
0.15625
0
0.0530809
0.103169
0.15625
0
0.15625
0
0.15625
0
0.15625
0
0.15625
0
0.15625
0.0448713
0.111379
0
0.15625
0.0531918
0.103058
0.0443232
0.111927
0.0533022
0.102948
0.0497797
0.10647
0.0529089
0.103341
0.052723
0.103527
0.15625
0
0.0494499
0.1068
0.15625
0
0.15625
0
0.15625
0
0.15625
0
0.15625
0
0.15625
0.0426638
0.113586
0
0.15625
0.0534161
0.102834
0.0537044
0.102546
0.0525451
0.103705
0.0533475
0.102902
0.0492804
0.10697
0.0524648
0.103785
0.15625
0
0.0522607
0.103989
0.15625
0
0.15625
0
0.15625
0
0.15625
0
0.15625
0
0.15625
0.0477306
0.108519
0.0523813
0.103869
0.0407686
0.115481
0.0515067
0.104743
0.0476957
0.108554
0.0472402
0.10901
0.15625
0
0.052225
0.104025
0.15625
0
0.15625
0
0.15625
0
0.15625
0
0.15625
0
0.15625
0.0536636
0.102586
0
0.15625
0.0523155
0.103935
0.0467349
0.109515
0.04955
0.1067
0.0512322
0.105018
0.0508858
0.105364
0.0533213
0.102929
0.0514621
0.104788
0.0542232
0.102027
0.15625
0
0.0535398
0.10271
0.15625
0
0.15625
0
0.15625
0
0.15625
0
0.15625
0
0.15625
0.0403515
0.115899
0
0.15625
0.0531466
0.103103
0.0534379
0.102812
0.052429
0.103821
0.0414809
0.114769
0.0517323
0.104518
0.0525312
0.103719
0.15625
0
0.0537578
0.102492
0.15625
0
0.15625
0
0.15625
0
0.15625
0
0.15625
0
0.15625
0.0527709
0.103479
0
0.15625
0.0524026
0.103847
0
0.15625
0.0458302
0.11042
0.0506573
0.105593
0.0497699
0.10648
0.0538845
0.102366
0.0527229
0.103527
0.0513945
0.104855
0.15625
0
0.0540963
0.102154
0.15625
0
0.15625
0
0.15625
0
0.15625
0
0.15625
0
0.15625
0
0.15625
0
0.15625
0.0527314
0.103519
0
0.15625
0.0464833
0.109767
0.0440999
0.11215
0.0539223
0.102328
0.0390938
0.117156
0.0495281
0.106722
0.0528778
0.103372
0.15625
0
0.0524883
0.103762
0.15625
0
0.15625
0
0.15625
0.0267679
0.129482
0.0264306
0.129819
0.0265828
0.129667
0.0126349
0.143615
0.0242596
0.13199
0.0252602
0.13099
0.0264443
0.129806
0.0271061
0.129144
0.0246836
0.131566
