histogram cpu_inclusive
/Code/DEFAULT_MODULE/lnmas2d_,/Machine,/Process,/SyncObject
518 6.4 0  -1
NaN
NaN
NaN
NaN
NaN
NaN
NaN
NaN
NaN
NaN
NaN
NaN
NaN
NaN
NaN
NaN
NaN
NaN
NaN
NaN
NaN
NaN
NaN
NaN
NaN
NaN
NaN
NaN
NaN
NaN
NaN
NaN
NaN
NaN
NaN
NaN
NaN
NaN
NaN
NaN
NaN
NaN
NaN
NaN
NaN
NaN
0.118772
0
0
0.0391108
0.0799181
0
0
0
0.119076
0
0
0
0.118936
0
0
0
0.118988
0
0
0
0.118773
0
0
0
0.118845
0
0
0
0.118851
0
0
0
0.118847
0
0
0.0414806
0.0774542
0
0
0.0726749
0.0463717
0
0
0.0892022
0.0301346
0
0
0.118747
0
0
0
0.11864
0
0
0
0.119082
0
0
0
0.118994
0
0
0
0.118789
0
0
0
0.119017
0
0
0
0.119034
0
0
0
0.119146
0
0
0
0.11874
0
0
0
0.118557
0
0
0
0.118761
0
0
0.0227821
0.0959337
0
0
0.0306057
0.0880698
0
0
0.0879632
0.0311298
0
0
0.118579
0
0
0
0.118917
0
0
0
0.119109
0
0
0
0.118616
0
0
0
0.119166
0
0
0
0.118729
0
0
0
0.11895
0
0
0.027548
0.0914628
0
0
0.0327986
0.085809
0
0
0.0796623
0.0393023
0
0
0.118745
0
0
0
0
0.00696076
0.112107
0
0
0.0616424
0.0572805
0
0
0.0802382
0.0386162
0
0
0.101205
0.0175376
0
0
0.118431
0
0
0
0.118599
0
0
0
0.119033
0
0
0
0.118487
0
0
0
0.119271
0
0
0
0.118653
0
0
0.0242612
0.0951168
0
0
0.0796145
0.0392801
0
0
0.078814
0.0401449
0
0
0.0802023
0.038793
0
0
0.116944
0.00215992
0
0
0.118449
0
0
0
0.11893
0
0
0
0.118624
0
0
0.0367732
0.0821774
0
0
0.0214552
0.097316
0
0
0.0401264
0.0785691
0
0
0.0610441
0.0579023
0
0
0.11878
0
0
0
0.118598
0
0
0
0.118624
0
0
0.00448349
0.114592
0
0
0.0401157
0.0785452
0
0
0.0363652
0.0823351
0
0
0.0403426
0.0784554
0
0
0.0570046
0.0619782
0
0
0.118781
0
0
0
0.118604
0
0
0
0.118554
0
0
0.00502342
0.114271
0
0
0.037358
0.081291
0
0
0.0361175
0.0824612
0
0
0.0376131
0.0811932
0
0
0.0712962
0.0478433
0
0
0.11893
0
0
0
0.118771
0
0
0
0.118729
0
0
0.0196011
0.099455
0
0
0.0371844
0.081492
0
0
0.0385817
0.0801168
0
0
0.0340516
0.0846946
0
0
0.0936285
0.0251576
0
0
0.118665
0
0
0
0.118594
0
0
0
0.118998
0
0
0.0250392
0.0937898
0
0
0.039061
0.0797204
0
0
0.0386921
0.0797947
0
0
0.0250884
0.0935654
0
0
0.0522288
0.0666562
0
0
0.118426
0
0
0
0.11862
0
0
0
0.118667
0
0
0
0.118821
0
0
0.0361755
0.0827059
0
0
0.0359701
0.0829185
0
0
0.0406451
0.0780611
0
0
0.0470244
0.0720668
0
0
0.119073
0
0
0
0.103601
0.0154585
0
0
0.118514
0
0
0
0.118802
0
0
0
0.118577
0
0
0.028828
0.0899379
0
0
0.0374754
0.0810734
0
0
0.0385233
0.0806395
0
0
0.0359942
0.0827156
0
0
0.0691862
0.0495618
0
0
0.118855
0
0
0
0.11901
0
0
0
0.118692
0
0
0.00387829
0.115277
0
0
0.031736
0.0870275
0
0
0.0403529
0.0784261
0
0
0.036221
0.0826307
0
0
0.0397294
0.078885
0
0.0189227
0.0943203
0.00581846
0
0.00955832
0.109074
0
0
0.0191287
0.099376
0
0
0.0205483
0.098096
0
0
