histogram cpu
/Code/DEFAULT_MODULE/rezone_control_,/Machine,/Process,/SyncObject
518 6.4 0  -1
NaN
NaN
NaN
NaN
NaN
NaN
NaN
NaN
NaN
NaN
NaN
NaN
NaN
NaN
NaN
NaN
NaN
NaN
NaN
NaN
NaN
NaN
NaN
NaN
NaN
NaN
NaN
NaN
NaN
NaN
NaN
NaN
NaN
NaN
NaN
NaN
NaN
NaN
NaN
NaN
NaN
NaN
NaN
NaN
NaN
NaN
0
0
0.140092
2.49594e-06
0
0
0.140274
2.51457e-06
0
0
0.139775
2.49594e-06
0
0
0.139965
2.64496e-06
0
0
0.139975
2.68221e-06
0
0
0.140016
2.6077e-06
0
0
0.140126
2.68221e-06
0
0
0.139992
2.5332e-06
0
0
0.139991
2.5332e-06
0
0
0.139966
2.68221e-06
0
0
0.140082
1.77312e-06
0
0.0151376
0.124916
2.12913e-06
0
0.0724822
0.0675658
1.3411e-06
0
0.108437
0.0325274
1.49012e-06
0
0.120121
0.0198689
1.49012e-06
0
0.139916
2.5332e-06
1.49012e-06
0
0.140276
3.41038e-06
9.10962e-07
0
0.139914
2.85891e-06
1.25155e-06
0
0.139868
3.23999e-06
5.96046e-07
0
0.140118
3.24153e-06
5.96046e-07
0
0.139832
2.9106e-06
4.15603e-07
0
0.139832
2.38419e-06
0
0
0.139901
2.68221e-06
0
0.000762266
0.139411
2.15704e-06
0
0.0186581
0.121012
2.43152e-06
0
0.0160941
0.123657
1.49012e-06
0
0.0762847
0.0637864
1.01915e-06
0
0.139938
2.87104e-06
1.22103e-06
0
0.140356
2.53828e-06
9.14428e-07
0
0.140093
2.43616e-06
5.96046e-07
0
0.139801
2.77658e-06
4.79336e-07
0
0.139814
2.38419e-06
0
0
0.139682
2.68221e-06
0
0
0.139693
2.41232e-06
0
0.0144387
0.125414
2.17132e-06
0
0.0322487
0.107885
1.78814e-06
0
0
0
0.140072
2.98023e-06
0
0
0.140414
2.38419e-06
0
0
0.140103
1.57373e-06
0
0.0570307
0.0824592
2.16105e-06
0
0.0972807
0.0422692
1.78814e-06
0
0.108308
0.0316369
1.78814e-06
0
0.139158
0.0007686
7.87467e-07
0
0.139917
2.39946e-06
5.88431e-07
0
0.140172
2.51779e-06
2.48002e-07
0
0.139691
2.76792e-06
0
0
0.139923
2.98023e-06
0
0
0.140029
2.38419e-06
0
0.0257986
0.113975
2.15915e-06
0
0.0634943
0.0763634
2.15019e-06
0
0.0842889
0.0558192
1.57466e-06
0
0.093684
0.0465059
7.95138e-07
0
0.125326
0.0144364
1.17315e-06
0
0.139684
2.35601e-06
1.19594e-06
0
0.139689
2.98498e-06
7.84033e-07
0.00503906
0.134979
1.9765e-06
0
0.047082
0.0927478
2.04192e-06
0
0.0451436
0.094824
1.98603e-06
0
0.0468826
0.0926483
2.38325e-06
0
0.0748556
0.0646256
8.51144e-07
0
0.139722
2.39013e-06
7.87555e-07
0
0.139745
3.14437e-06
1.18012e-06
0
0.140153
2.38093e-06
3.94868e-07
0.021405
0.118995
2.18308e-06
0
0.0440383
0.0955979
1.99899e-06
0
0.0390722
0.100683
2.06889e-06
0
0.0476636
0.0918375
1.78854e-06
0
0.0701945
0.0698
1.3021e-06
0
0.139781
2.19581e-06
7.85764e-07
0
0.13966
3.80106e-06
3.96264e-07
0
0.139923
2.77325e-06
4.08696e-07
0.015712
0.124356
1.98897e-06
0
0.0465873
0.0931527
1.9771e-06
0
0.0360433
0.103579
1.57326e-06
0
0.0465798
0.0930468
1.98524e-06
0
0.112898
0.0277255
8.29329e-07
0
0.139297
3.08945e-06
8.82503e-07
0
0.139711
2.46306e-06
8.29548e-07
0
0.139789
2.79148e-06
0
0.0353953
0.104582
1.98237e-06
0
0.0468766
0.0927437
2.38419e-06
0
0.0465756
0.0931027
1.58689e-06
0
0.0445652
0.0951186
7.83975e-07
0
0.127223
0.0129151
1.58854e-06
0
0.139919
3.13581e-06
8.15313e-07
0
0.139406
3.1632e-06
0
0
0.140343
2.10852e-06
8.007e-07
0.0211844
0.118657
1.97663e-06
0
0.0477645
0.0920715
2.38419e-06
0
0.0478132
0.0919398
1.98256e-06
0
0.0424959
0.0974014
1.99061e-06
0
0.0808038
0.0592662
8.85678e-07
0
0.139752
3.17482e-06
7.87898e-07
0
0.140064
2.37919e-06
7.93332e-07
0
0.139721
3.19353e-06
0
0
0.139991
1.97132e-06
0
0.0388661
0.101229
1.98266e-06
0
0.0457682
0.0942029
3.17797e-06
0
0.0472292
0.092424
1.6342e-06
0
0.0473941
0.0924666
1.58154e-06
0
0.0631362
0.0771378
7.9367e-07
0
0.129784
0.0102374
8.43847e-07
0
0.140044
3.55565e-06
8.13694e-07
0
0.139972
2.41749e-06
7.91401e-07
0
0.139494
3.17074e-06
0
0.0320815
0.107875
1.97519e-06
0
0.0387721
0.101261
1.97809e-06
0
0.0469761
0.0927499
2.82103e-06
0
0.0450771
0.0945948
1.97661e-06
0
0.0811502
0.0587495
7.91139e-07
0
0.139652
2.53068e-06
1.67769e-06
0
0.139689
3.21559e-06
7.82052e-07
0
0.139358
3.21271e-06
0
0
0.139969
2.02162e-06
0
0.0414933
0.0982025
1.98878e-06
0
0.0469216
0.0928792
1.97193e-06
0
0.0234968
0.116241
1.98224e-06
0.00226956
0.0326399
0.105097
1.09644e-06
0.0201087
0.113038
0.00671106
9.99976e-07
0.0236042
0.116318
2.3974e-06
1.97191e-06
0.0220223
0.117875
