histogram cpu_inclusive
/Code/DEFAULT_MODULE/lcfls2d_,/Machine,/Process,/SyncObject
518 6.4 0  -1
NaN
NaN
NaN
NaN
NaN
NaN
NaN
NaN
NaN
NaN
NaN
NaN
NaN
NaN
NaN
NaN
NaN
NaN
NaN
NaN
NaN
NaN
NaN
NaN
NaN
NaN
NaN
NaN
NaN
NaN
NaN
NaN
NaN
NaN
NaN
NaN
NaN
NaN
NaN
NaN
NaN
NaN
NaN
NaN
NaN
NaN
0
0
0
0
0.182354
0
0
0
0.0667809
0.115637
0
0
0.0014438
0.180812
0
0
0
0.182115
0
0
0.0191137
0.162825
0
0
0.045934
0.13574
0
0
0.0714531
0.110536
0
0
0.130997
0.0513333
0
0
0.159494
0.0227221
0
0
0.182382
0
0
0
0.18203
0
0
0
0.182271
0
0
0
0.181726
0
0
0
0.18212
0
0
0
0.182328
0
0
0
0.181651
0
0
0
0.182258
0
0
0
0.181957
0
0
0
0.18231
0
0
0
0.181922
0
0
0.0237854
0.157921
0
0
0.052359
0.129431
0
0
0.074314
0.107529
0
0
0.181931
0
0
0
0.182185
0
0
0
0.182205
0
0
0
0.181921
0
0
0
0.181856
0
0
0
0.182301
0
0
0
0.18164
0
0
0.0256144
0.155884
0
0
0.054532
0.127143
0
0
0.0810667
0.100509
0
0
0.170683
0.0110532
0
0
0.181519
0
0
0
0.181905
0
0
0
0
0.119038
0.0629934
0
0
0.137334
0.0446567
0
0
0.174176
0.00763509
0
0
0.182336
0
0
0
0.181974
0
0
0
0.181303
0
0
0
0.182285
0
0
0
0.181957
0
0
0.0100612
0.172181
0
0
0.0705258
0.110855
0
0
0.121992
0.0598351
0
0
0.155391
0.0268207
0
0
0.181414
0.00031444
0
0
0.176041
0.00548961
0
0
0.182186
0
0
0
0.181569
0
0
0.0161556
0.165868
0
0
0.0612019
0.120667
0
0
0.0608558
0.121099
0
0
0.06083
0.121212
0
0
0.107601
0.0746061
0
0
0.181485
0
0
0
0.181847
0
0
0
0.181769
0
0
0.0329105
0.149465
0
0
0.0619934
0.119568
0
0
0.0591608
0.122614
0
0
0.0622787
0.119396
0
0
0.150567
0.0314181
0
0
0.182343
0
0
0
0.181862
0
0
0
0.181347
0
0
0.0233496
0.158678
0
0
0.0593365
0.122561
0
0
0.0619823
0.120056
0
0
0.0573253
0.124419
0
0
0.135138
0.0465093
0
0
0.182065
0
0
0
0.181757
0
0
0.00202206
0.180205
0
0
0.0489397
0.133154
0
0
0.0585829
0.122612
0
0
0.0628946
0.119394
0
0
0.0856279
0.0961103
0
0
0.166685
0.0158748
0
0
0.18157
0
0
0
0.181625
0
0
0.00486226
0.176961
0
0
0.0454513
0.13656
0
0
0.0603997
0.121927
0
0
0.0573889
0.124282
0
0
0.0639068
0.117875
0
0
0.119227
0.0627663
0
0
0.181541
0
0
0
0.18229
0
0
0
0.181649
0
0
0.0303082
0.151741
0
0
0.0595425
0.122215
0
0
0.0483661
0.132892
0
0
0.0615867
0.120321
0
0
0.101592
0.080396
0
0
0.167205
0.0143547
0
0
0.182121
0
0
0
0.182177
0
0
0
0.181602
0
0
0.0202008
0.162233
0
0
0.0577665
0.123869
0
0
0.0617764
0.119423
0
0
0.0627469
0.119286
0
0
0.0818376
0.100413
0
0
0.157938
0.0238983
0
0
0.181551
0
0
0
0.181744
0
0
0
0.181938
0
0
0.0304175
0.15173
0
0
0.0567982
0.125618
0
0
0.0611661
0.120428
0
0
0.0539576
0.12787
0
0
0.0911522
0.0908709
0
0
0.176975
0.00482661
0
0.0307634
0.150921
0
0
0.0272446
0.154647
0
0
0.0307272
0.151692
0
0
0.030013
0.151381
0
