histogram procedure_calls
/Code/DEFAULT_MODULE/lcfls2d_,/Machine,/Process,/SyncObject
518 6.4 0  -1
NaN
NaN
NaN
NaN
NaN
NaN
NaN
NaN
NaN
NaN
NaN
NaN
NaN
NaN
NaN
NaN
NaN
NaN
NaN
NaN
NaN
NaN
NaN
NaN
NaN
NaN
NaN
NaN
NaN
NaN
NaN
NaN
NaN
NaN
NaN
NaN
NaN
NaN
NaN
NaN
NaN
NaN
NaN
NaN
NaN
NaN
0
0
0
0
0.15625
0
0
0
0.15625
0
0
0
0.00611817
0.150132
0
0
0
0.15625
0
0
0.0872943
0.0689557
0
0
0.0874672
0.0687828
0
0
0.0914478
0.0648022
0
0
0.15625
0
0
0
0.15625
0
0
0
0.15625
0
0
0
0.15625
0
0
0
0.15625
0
0
0
0.15625
0
0
0
0.15625
0
0
0
0.15625
0
0
0
0.15625
0
0
0
0.15625
0
0
0
0.15625
0
0
0
0.15625
0
0
0
0.15625
0
0
0.0464245
0.109825
0
0
0.0452408
0.111009
0
0
0.15625
0
0
0
0.15625
0
0
0
0.15625
0
0
0
0.15625
0
0
0
0.15625
0
0
0
0.15625
0
0
0
0.15625
0
0
0
0.15625
0
0
0.0418487
0.114401
0
0
0.0471344
0.109116
0
0
0.15625
0
0
0
0.15625
0
0
0
0.15625
0
0
0
0.15625
0
0
0
0
0.102438
0.0538118
0
0
0.15625
0
0
0
0.15625
0
0
0
0.15625
0
0
0
0.15625
0
0
0
0.15625
0
0
0
0.15625
0
0
0
0.15625
0
0
0.105884
0.0503664
0
0
0.103303
0.052947
0
0
0.105069
0.0511814
0
0
0.15625
0
0
0
0.15625
0
0
0
0.15625
0
0
0
0.15625
0
0
0
0.15625
0
0
0.0529545
0.103296
0
0
0.0532479
0.103002
0
0
0.0523694
0.103881
0
0
0.0523272
0.103923
0
0
0.15625
0
0
0
0.15625
0
0
0
0.15625
0
0
0
0.15625
0
0
0.0505123
0.105738
0
0
0.0534684
0.102782
0
0
0.0509711
0.105279
0
0
0.0536834
0.102567
0
0
0.15625
0
0
0
0.15625
0
0
0
0.15625
0
0
0
0.15625
0
0
0.0497825
0.106467
0
0
0.0510808
0.105169
0
0
0.0533239
0.102926
0
0
0.15625
0
0
0
0.15625
0
0
0
0.15625
0
0
0
0.15625
0
0
0.0525938
0.103656
0
0
0.0528448
0.103405
0
0
0.0506429
0.105607
0
0
0.0540325
0.102218
0
0
0.15625
0
0
0
0.15625
0
0
0
0.15625
0
0
0
0.15625
0
0
0.05346
0.10279
0
0
0.0514579
0.104792
0
0
0.0518761
0.104374
0
0
0.0494787
0.106771
0
0
0.15625
0
0
0
0.15625
0
0
0
0.15625
0
0
0
0.15625
0
0
0
0.15625
0
0
0.0528264
0.103424
0
0
0.0513084
0.104942
0
0
0.0418213
0.114429
0
0
0.0530122
0.103238
0
0
0.15625
0
0
0
0.15625
0
0
0
0.15625
0
0
0
0.15625
0
0
0
0.15625
0
0
0.052679
0.103571
0
0
0.0521206
0.104129
0
0
0.0533828
0.102867
0
0
0.0539766
0.102273
0
0
0.15625
0
0
0
0.15625
0
0
0
0.15625
0
0
0
0.15625
0
0
0
0.15625
0
0
0.0539946
0.102255
0
0
0.0487728
0.107477
0
0
0.0527391
0.103511
0
0
0.0464888
0.109761
0
0
0.15625
0
0
0
0.15625
0
0
0.0265156
0.129734
0
0
0.0234631
0.132787
0
0
0.0263776
0.129872
0
0
0.0259085
0.130341
0
