histogram cpu
/Code/DEFAULT_MODULE/rbcve2d_,/Machine,/Process,/SyncObject
518 6.4 0  -1
NaN
NaN
NaN
NaN
NaN
NaN
NaN
NaN
NaN
NaN
NaN
NaN
NaN
NaN
NaN
NaN
NaN
NaN
NaN
NaN
NaN
NaN
NaN
NaN
NaN
NaN
NaN
NaN
NaN
NaN
NaN
NaN
NaN
NaN
NaN
NaN
NaN
NaN
NaN
NaN
NaN
NaN
NaN
NaN
NaN
NaN
0
0
0
2.57812e-05
0
0
0
2.92188e-05
0
0
0
2.48437e-05
0
0
0
2.42188e-05
0
0
0
2.42188e-05
0
0
0
2.42187e-05
0
0
0
2.51563e-05
0
0
0
2.51562e-05
0
0
0
2.5e-05
0
0
0
2.48437e-05
0
0
0
2.48438e-05
0
0
0
2.42188e-05
0
0
0
2.45313e-05
0
0
0
2.51562e-05
0
0
0
2.46875e-05
0
0
0
2.48438e-05
0
0
1.39804e-05
1.02384e-05
0
0
9.94128e-06
1.49025e-05
0
0
2.54687e-05
0
0
0
2.40625e-05
0
0
0
2.46875e-05
0
0
0
2.45313e-05
0
0
0
2.4375e-05
0
0
0
2.51563e-05
0
0
0
2.42188e-05
0
0
0
2.51563e-05
0
0
7.20744e-06
1.76363e-05
0
0
7.42923e-06
1.72582e-05
0
0
5.71291e-06
1.88183e-05
0
0
2.51563e-05
0
0
0
2.4375e-05
0
0
0
2.46875e-05
0
0
0
2.48438e-05
0
0
0
2.45313e-05
0
0
0
2.48437e-05
0
0
0
2.46875e-05
0
0
0
0
2.53125e-05
0
0
0
2.42188e-05
0
0
0
2.5e-05
0
0
0
2.46875e-05
0
0
0
2.4375e-05
0
0
0
2.46875e-05
0
0
1.62278e-05
7.67842e-06
0
0
1.66674e-05
8.1764e-06
0
0
2.4375e-05
0
0
0
2.5625e-05
0
0
0
2.45313e-05
0
0
0
2.42188e-05
0
0
0
2.53125e-05
0
0
0
2.48438e-05
0
0
0
2.48438e-05
0
0
8.16818e-06
1.6363e-05
0
0
8.38271e-06
1.59923e-05
0
0
8.17554e-06
1.65119e-05
0
0
2.42188e-05
0
0
0
2.46875e-05
0
0
0
2.5e-05
0
0
0
2.4375e-05
0
0
8.24164e-06
1.64458e-05
0
0
6.97101e-06
1.7404e-05
0
0
8.48328e-06
1.65166e-05
0
0
8.39396e-06
1.62937e-05
0
0
2.59375e-05
0
0
0
2.53125e-05
0
0
0
2.45312e-05
0
0
0
2.42188e-05
0
0
8.01509e-06
1.60475e-05
0
0
6.62486e-06
1.775e-05
0
0
8.41442e-06
1.62732e-05
0
0
2.45312e-05
0
0
0
2.46875e-05
0
0
0
2.53125e-05
0
0
0
2.40626e-05
0
0
8.23695e-06
1.59818e-05
0
0
8.15691e-06
1.6218e-05
0
0
7.51216e-06
1.71755e-05
0
0
6.4515e-06
1.83923e-05
0
0
2.56249e-05
0
0
0
2.40625e-05
0
0
0
2.40626e-05
0
0
0
2.45312e-05
0
0
8.25533e-06
1.64321e-05
0
0
8.50488e-06
1.63389e-05
0
0
8.23815e-06
1.64493e-05
0
0
7.80246e-06
1.68852e-05
0
0
2.46875e-05
0
0
0
2.48438e-05
0
0
0
2.48438e-05
0
0
0
2.53125e-05
0
0
8.26429e-06
1.62669e-05
0
0
8.56291e-06
1.73747e-05
0
0
6.30497e-06
1.82262e-05
0
0
8.2642e-06
1.61108e-05
0
0
8.20534e-06
1.63258e-05
0
0
2.42188e-05
0
0
0
2.45313e-05
0
0
0
2.42188e-05
0
0
0
2.40625e-05
0
0
1.05178e-05
2.29198e-05
0
0
8.36322e-06
1.64804e-05
0
0
8.1462e-06
1.62288e-05
0
0
7.16586e-06
1.73655e-05
0
0
7.68715e-06
1.65316e-05
0
0
2.46873e-05
0
0
0
2.46876e-05
0
0
0
2.51562e-05
0
0
0
2.51565e-05
0
0
7.81987e-06
1.68675e-05
0
0
8.44006e-06
1.62476e-05
0
0
8.30297e-06
1.63844e-05
0
0
7.36141e-06
1.74825e-05
0
0
8.27623e-06
1.57862e-05
0
0
2.46876e-05
0
0
0
2.40625e-05
0
0
0
2.46873e-05
0
0
0
2.46876e-05
0
0
4.18809e-06
2.06555e-05
0
0
2.01823e-06
2.31382e-05
0
0
3.97837e-06
2.0709e-05
0
0
4.26874e-06
2.04189e-05
0
3.23712e-06
