histogram procedure_calls
/Code/DEFAULT_MODULE/lcros2d_,/Machine,/Process,/SyncObject
518 6.4 0  -1
NaN
NaN
NaN
NaN
NaN
NaN
NaN
NaN
NaN
NaN
NaN
NaN
NaN
NaN
NaN
NaN
NaN
NaN
NaN
NaN
NaN
NaN
NaN
NaN
NaN
NaN
NaN
NaN
NaN
NaN
NaN
NaN
NaN
NaN
NaN
NaN
NaN
NaN
NaN
NaN
NaN
NaN
NaN
NaN
NaN
NaN
0
0
0
0
0.15625
0
0
0
0
0.15625
0
0
0
0.15625
0
0
0
0.15625
0
0
0
0.15625
0
0
0
0.15625
0
0
0
0.15625
0
0
0.0892283
0.0670217
0
0
0.0912986
0.0649514
0
0
0.15625
0
0
0
0.15625
0
0
0
0.15625
0
0
0
0.15625
0
0
0
0.15625
0
0
0
0.15625
0
0
0
0.15625
0
0
0
0.15625
0
0
0
0.15625
0
0
0
0.15625
0
0
0
0.15625
0
0
0
0.15625
0
0
0.0452418
0.111008
0
0
0.0479746
0.108275
0
0
0.15625
0
0
0
0.15625
0
0
0
0.15625
0
0
0
0.15625
0
0
0
0.15625
0
0
0
0.15625
0
0
0
0.15625
0
0
0
0.15625
0
0
0.0471354
0.109115
0
0
0.0449178
0.111332
0
0
0.0403476
0.115902
0
0
0.15625
0
0
0
0.15625
0
0
0
0
0.102439
0.0538107
0
0
0.106702
0.0495478
0
0
0.0999523
0.0562977
0
0
0.15625
0
0
0
0.15625
0
0
0
0.15625
0
0
0
0.15625
0
0
0
0.15625
0
0
0
0.15625
0
0
0
0.15625
0
0
0.10507
0.0511804
0
0
0.10124
0.0550101
0
0
0.105708
0.0505423
0
0
0.106876
0.0493741
0
0
0.15625
0
0
0
0.15625
0
0
0
0.15625
0
0
0
0.15625
0
0
0.0523699
0.10388
0
0
0.0523277
0.103922
0
0
0.0524197
0.10383
0
0
0.15625
0
0
0
0.15625
0
0
0
0.15625
0
0
0
0.15625
0
0
0.0534689
0.102781
0
0
0.0509716
0.105278
0
0
0.0536839
0.102566
0
0
0.046453
0.109797
0
0
0.15625
0
0
0
0.15625
0
0
0
0.15625
0
0
0
0.15625
0
0
0.0510813
0.105169
0
0
0.0533244
0.102926
0
0
0.0488978
0.107352
0
0
0.0530486
0.103201
0
0
0.15625
0
0
0
0.15625
0
0
0
0.15625
0
0
0
0.15625
0
0
0.0506434
0.105607
0
0
0.054033
0.102217
0
0
0.051364
0.104886
0
0
0.0516577
0.104592
0
0
0.15625
0
0
0
0.15625
0
0
0
0.15625
0
0
0
0.15625
0
0
0.0518766
0.104373
0
0
0.0494792
0.106771
0
0
0.0527608
0.103489
0
0
0.0544949
0.101755
0
0
0.15625
0
0
0
0.15625
0
0
0
0.15625
0
0
0
0.15625
0
0
0.0513089
0.104941
0
0
0.0418219
0.114428
0
0
0.0530127
0.103237
0
0
0.0481972
0.108053
0
0
0.0522367
0.104013
0
0
0.15625
0
0
0
0.15625
0
0
0
0.15625
0
0
0
0.15625
0
0
0
0.15625
0
0
0.0533833
0.102867
0
0
0.053977
0.102273
0
0
0.0495178
0.106732
0
0
0.0503817
0.105868
0
0
0.15625
0
0
0
0.15625
0
0
0
0.15625
0
0
0
0.15625
0
0
0.0487733
0.107477
0
0
0.0527395
0.10351
0
0
0.0464893
0.109761
0
0
0.0534508
0.102799
0
0
0.0267811
0.129469
0
0.0265159
0.129734
0
0
0.0234633
0.132787
0
0
0.0263779
0.129872
0
0
0.0259088
0.130341
0
