histogram cpu_inclusive
/Code/DEFAULT_MODULE/lengsum_,/Machine,/Process,/SyncObject
518 6.4 0  -1
NaN
NaN
NaN
NaN
NaN
NaN
NaN
NaN
NaN
NaN
NaN
NaN
NaN
NaN
NaN
NaN
NaN
NaN
NaN
NaN
NaN
NaN
NaN
NaN
NaN
NaN
NaN
NaN
NaN
NaN
NaN
NaN
NaN
NaN
NaN
NaN
NaN
NaN
NaN
NaN
NaN
NaN
NaN
NaN
NaN
NaN
0.0742045
0.0917536
0
0
0
0.0919114
0
0
0
0.0916397
0
0
0
0.0589355
0.0328443
0
0
0.039723
0.0519717
0
0
0.0604564
0.0313636
0
0
0.0810933
0.0105705
0
0
0.0915541
0
0
0
0.0917341
0
0
0
0.0912361
0
0
0
0.0917909
0
0
0
0.0915971
0
0
0
0.0915841
0
0
0
0.0914542
0
0
0
0.0917049
0
0
0
0.0918648
0
0
0
0.0916196
0
0
0
0.0917955
0
0
0
0.0917946
0
0
0
0.0919151
0
0
0.0173086
0.0741943
0
0
0.0237132
0.0680346
0
0
0.0546733
0.036761
0
0
0.0911832
0
0
0
0.0920591
0
0
0
0.0913404
0
0
0
0.0917788
0
0
0
0.0913161
0
0
0
0.0915387
0
0
0.00729122
0.0847711
0
0
0.0252683
0.0661959
0
0
0.00730738
0.0842114
0
0
0.0624569
0.0291131
0
0
0.0916988
0
0
0
0.0914428
0
0
0
0.0915241
0
0
0
0.0318065
0.0554914
0.00417547
0
0
0.0822913
0.0092283
0
0
0.0913918
0
0
0
0.0912845
0
0
0
0.0913256
0
0
0
0.0918341
0
0
0
0.0917032
0
0
0
0.0915453
0
0
0.0285112
0.0631789
0
0
0.061961
0.0293351
0
0
0.0637001
0.0278473
0
0
0.0887425
0.0027962
0
0
0.0913596
0
0
0
0.0914669
0
0
0
0.091719
0
0
0
0.0916088
0
0
0.00670738
0.0850125
0
0
0.0294555
0.0616106
0
0
0.0253048
0.0662992
0
0
0.0285877
0.0628512
0
0
0.0545115
0.0371342
0
0
0.0913316
0
0
0
0.0914067
0
0
0
0.0915587
0
0
0.0235835
0.0681403
0
0
0.0259889
0.0658201
0
0
0.0290454
0.0622885
0
0
0.0308275
0.0606835
0
0
0.0917274
0
0
0
0.0914139
0
0
0
0.0915259
0
0
0
0.0914645
0
0
0.0242729
0.0674348
0
0
0.0314609
0.0602122
0
0
0.0311786
0.0602775
0
0
0.030668
0.060815
0
0
0.0832631
0.0084804
0
0
0.0912684
0
0
0
0.0916564
0
0
0
0.0916785
0
0
0.0305371
0.0606932
0
0
0.0300146
0.0611948
0
0
0.0276285
0.0639207
0
0
0.0324966
0.059235
0
0
0.0915486
0
0
0
0.0915265
0
0
0
0.0914574
0
0
0
0.0913864
0
0
0.0272341
0.0639754
0
0
0.0301635
0.0619876
0
0
0.03113
0.0602332
0
0
0.0317494
0.0598904
0
0
0.0914556
0
0
0
0.0915009
0
0
0
0.0913936
0
0
0
0.0915194
0
0
0.0142907
0.0776936
0
0
0.0311967
0.0601635
0
0
0.0242152
0.0672016
0
0
0.0306785
0.0607121
0
0
0.0405133
0.0510013
0
0
0.091424
0
0
0
0.091455
0
0
0
0.091424
0
0
0
0.0915664
0
0
0.00665451
0.0848076
0
0
0.0296496
0.0619574
0
0
0.0315058
0.0600058
0
0
0.0299636
0.0612857
0
0
0.0316504
0.059922
0
0
0.091567
0
0
0
0.0914258
0
0
0
0.0914115
0
0
0
0.0913465
0
0
0.0265545
0.0648933
0
0
0.0257196
0.0655983
0
0
0.0228029
0.0685591
0
0
0.0310497
0.0608511
0
0
0.0444406
0.0471431
0
0
0.0914347
0
0
0.0156421
0.07582
0
0
0.0155634
0.0760633
0
0
0.0141543
0.07716
0
0
0.0154502
0.0759881
0
0
0.0143912
0.07686
