histogram cpu_inclusive
/Code/DEFAULT_MODULE/main_output_control_,/Machine,/Process,/SyncObject
518 6.4 0  -1
NaN
NaN
NaN
NaN
NaN
NaN
NaN
NaN
NaN
NaN
NaN
NaN
NaN
NaN
NaN
NaN
NaN
NaN
NaN
NaN
NaN
NaN
NaN
NaN
NaN
NaN
NaN
NaN
NaN
NaN
NaN
NaN
NaN
NaN
NaN
NaN
NaN
NaN
NaN
NaN
NaN
NaN
NaN
NaN
NaN
NaN
0.27132
0
0
2.98023e-06
0
0
0
0
3.11062e-06
0
0
0
2.98023e-06
0
0
0
3.12924e-06
0
0
0
2.96161e-06
0
0
0
2.96161e-06
0
0
0
2.98023e-06
0
0
0
2.96161e-06
0
0
1.73199e-06
1.22961e-06
0
0
2.98023e-06
0
0
0
2.96161e-06
0
0
0
2.98023e-06
0
0
0
2.96161e-06
0
0
0
2.96161e-06
0
0
0
2.98023e-06
0
0
0
2.96161e-06
0
0
0
2.96161e-06
0
0
0
2.98023e-06
0
0
0
2.96161e-06
0
0
0
2.98023e-06
0
0
0
2.96161e-06
0
0
0
2.96161e-06
0
0
9.23063e-07
2.20618e-06
0
0
7.68885e-07
2.21135e-06
0
0
2.81259e-06
0
0
0
2.96161e-06
0
0
0
2.96161e-06
0
0
0
2.98023e-06
0
0
0
2.96161e-06
0
0
0
2.96161e-06
0
0
0
2.98023e-06
0
0
0
2.96161e-06
0
0
8.40384e-07
2.13985e-06
0
0
8.19272e-07
2.14233e-06
0
0
2.96161e-06
0
0
0
2.98023e-06
0
0
0
0
1.97269e-06
9.88917e-07
0
0
2.02949e-06
9.50738e-07
0
0
2.1003e-06
1.01032e-06
0
0
2.98023e-06
0
0
0
3.11062e-06
0
0
0
2.98023e-06
0
0
0
2.96161e-06
0
0
0
2.98023e-06
0
0
0
2.96161e-06
0
0
0
2.96161e-06
0
0
2.04333e-06
9.36897e-07
0
0
1.98346e-06
9.78143e-07
0
0
1.9748e-06
1.00543e-06
0
0
3.11062e-06
0
0
0
2.98023e-06
0
0
0
3.11062e-06
0
0
0
2.98023e-06
0
0
0
2.96161e-06
0
0
1.02198e-06
1.95826e-06
0
0
5.35175e-07
2.42643e-06
0
0
1.05803e-06
2.07122e-06
0
0
2.96161e-06
0
0
0
2.98023e-06
0
0
0
2.96161e-06
0
0
0
2.96161e-06
0
0
9.58057e-07
1.85454e-06
0
0
1.00768e-06
1.97256e-06
0
0
9.07473e-07
2.05413e-06
0
0
1.00588e-06
1.95573e-06
0
0
2.98023e-06
0
0
0
2.96161e-06
0
0
0
2.98023e-06
0
0
0
2.96161e-06
0
0
9.9446e-07
1.96715e-06
0
0
9.85432e-07
2.14381e-06
0
0
9.07891e-07
2.07234e-06
0
0
9.37772e-07
2.02383e-06
0
0
3.12924e-06
0
0
0
2.96161e-06
0
0
0
2.96161e-06
0
0
0
2.98023e-06
0
0
9.02539e-07
2.05907e-06
0
0
9.33931e-07
2.0463e-06
0
0
9.62783e-07
1.99882e-06
0
0
8.49428e-07
2.11218e-06
0
0
2.98023e-06
0
0
0
2.96161e-06
0
0
0
2.98023e-06
0
0
0
3.11062e-06
0
0
9.69175e-07
2.01106e-06
0
0
9.7406e-07
1.98755e-06
0
0
9.67268e-07
1.99434e-06
0
0
6.30313e-07
2.34992e-06
0
0
2.81259e-06
0
0
0
2.96161e-06
0
0
0
3.12924e-06
0
0
0
3.12924e-06
0
0
9.9238e-07
1.96923e-06
0
0
9.85239e-07
1.99499e-06
0
0
9.41289e-07
2.16933e-06
0
0
1.02058e-06
1.95965e-06
0
0
2.96161e-06
0
0
0
2.96161e-06
0
0
0
2.98023e-06
0
0
0
2.96161e-06
0
0
0
2.98023e-06
0
0
0
2.96161e-06
0
0
9.97765e-07
1.96384e-06
0
0
9.42256e-07
2.03798e-06
0
0
9.57588e-07
2.00402e-06
0
0
9.03799e-07
2.07643e-06
0
0
2.96161e-06
0
0
0
2.81259e-06
0
0
0
2.96161e-06
0
0
0
2.98023e-06
0
0
1.0205e-06
1.94111e-06
0
0
9.3728e-07
2.02433e-06
0
0
1.01262e-06
1.96761e-06
0
0
9.02726e-07
2.05888e-06
0
0
9.98365e-07
1.98187e-06
0
5.00194e-07
2.46141e-06
0
0
2.38697e-07
2.72291e-06
0
0
4.81131e-07
2.4991e-06
0
0
5.13002e-07
2.4486e-06
0
0
