histogram cpu_inclusive
/Code/DEFAULT_MODULE/lnacc2d_,/Machine,/Process,/SyncObject
518 6.4 0  -1
NaN
NaN
NaN
NaN
NaN
NaN
NaN
NaN
NaN
NaN
NaN
NaN
NaN
NaN
NaN
NaN
NaN
NaN
NaN
NaN
NaN
NaN
NaN
NaN
NaN
NaN
NaN
NaN
NaN
NaN
NaN
NaN
NaN
NaN
NaN
NaN
NaN
NaN
NaN
NaN
NaN
NaN
NaN
NaN
NaN
NaN
0.387671
0.282295
0
0
0.666872
0
0
0
0.666535
0
0
0
0.658374
0.00898952
0
0
0.587774
0.0787118
0
0
0.626986
0.0394758
0
0
0.648231
0.0181397
0
0
0.665039
0
0
0
0.665174
0
0
0
0.666165
0
0
0.00115027
0.665269
0
0
0.0295527
0.635698
0
0
0.0447729
0.620581
0
0
0.133308
0.533209
0
0
0.157791
0.508361
0
0
0.237309
0.428864
0
0
0.251234
0.414989
0
0
0.319284
0.347148
0
0
0.354696
0.31122
0
0
0.406256
0.259381
0
0
0.471381
0.194491
0
0
0.547071
0.117956
0
0
0.622759
0.043129
0
0
0.665188
0
0
0.0217595
0.643854
0
0
0.0417082
0.623427
0
0
0.108232
0.55755
0
0
0.216933
0.447903
0
0
0.298864
0.366061
0
0
0.421221
0.244727
0
0
0.483176
0.182867
0
0
0.560235
0.105418
0
0
0.627378
0.0382151
0
0
0.665596
0
0
0.0214936
0.644247
0
0
0.0561044
0.609889
0
0
0.108094
0.558413
0
0
0
0
0.657269
0.00806918
0
0
0.665433
0
0
0.0440845
0.621261
0
0
0.131701
0.533849
0
0
0.201802
0.463304
0
0
0.285043
0.380185
0
0
0.397046
0.268295
0
0
0.517173
0.148711
0
0
0.592738
0.0727237
0
0
0.625335
0.0399557
0
0
0.660202
0.00511423
0
0.0121794
0.653595
0
0
0.0726849
0.593235
0
0
0.0634898
0.601774
0
0
0.139002
0.525938
0
0
0.2517
0.413526
0
0
0.373239
0.29155
0
0
0.456452
0.20856
0
0
0.543783
0.121605
0
0.0201012
0.607135
0.0376396
0
0.0824832
0.582767
0
0
0.103476
0.561152
0
0
0.170903
0.495093
0
0
0.296061
0.370281
0
0
0.408273
0.256948
0
0
0.479074
0.186052
0
0.00945769
0.564793
0.0910468
0
0.0455482
0.604462
0.0153447
0
0.0953194
0.570283
0
0
0.125401
0.539444
0
0
0.179759
0.486253
0
0
0.298633
0.366536
0
0
0.388948
0.276293
0
0
0.478213
0.187132
0
0.00852315
0.56085
0.0960679
0
0.0469996
0.617916
0
0
0.0885757
0.57635
0
0
0.136742
0.528704
0
0
0.221034
0.444445
0
0
0.344405
0.320587
0
0
0.43386
0.230966
0
0
0.519709
0.145679
0
0.0215364
0.574152
0.0689937
0
0.0654994
0.599779
0
0
0.0968517
0.568522
0
0
0.158598
0.50545
0
0
0.237812
0.427328
0
0
0.347581
0.317693
0
0
0.431191
0.234211
0
0
0.520895
0.144451
0
0.0148713
0.573608
0.0771284
0
0.0556738
0.609605
0
0
0.0570269
0.608595
0
0
0.132356
0.531993
0
0
0.183948
0.481951
0
0
0.298786
0.366431
0
0
0.395086
0.26983
0
0
0.477088
0.188238
0
0
0.556695
0.109108
0
0.0322795
0.580763
0.0530707
0
0.077514
0.587588
0
0
0.0773315
0.588333
0
0
0.120296
0.545211
0
0
0.160072
0.505001
0
0
0.272311
0.393582
0
0
0.376954
0.288224
0
0
0.455007
0.210047
0
0
0.529647
0.134825
0
0.0245138
0.571059
0.069706
0
0.0620563
0.603413
0
0
0.0934448
0.571323
0
0
0.139251
0.525074
0
0
0.207279
0.458543
0
0
0.321297
0.344139
0
0
0.396837
0.267406
0
0
0.483502
0.182583
0
0
0.543278
0.121404
0
0.034801
0.600407
0.0302849
0
0.0658503
0.598932
0
0
0.117461
0.547354
0
0
0.112758
0.553069
0
0.00888532
0.204234
0.452112
0
0.0392401
0.274953
0.350899
0
0.0659576
0.36354
0.235709
0
