histogram cpu
/Code/DEFAULT_MODULE/rflux2d_,/Machine,/Process,/SyncObject
518 6.4 0  -1
NaN
NaN
NaN
NaN
NaN
NaN
NaN
NaN
NaN
NaN
NaN
NaN
NaN
NaN
NaN
NaN
NaN
NaN
NaN
NaN
NaN
NaN
NaN
NaN
NaN
NaN
NaN
NaN
NaN
NaN
NaN
NaN
NaN
NaN
NaN
NaN
NaN
NaN
NaN
NaN
NaN
NaN
NaN
NaN
NaN
NaN
0
0
0.130967
0.00108704
0
0
0.130978
0.00112811
0
0
0.0929524
0.0388581
0
0
0.0565462
0.0754416
0
0
0.0513865
0.0801261
0
0
0.0746703
0.056612
0
0
0.0903929
0.0419835
0
0
0.112359
0.0187596
0
0
0.13009
0.00108495
0
0
0.130192
0.000903929
0
0
0.13073
0.000449254
0
0
0.13058
0.000509491
0
0
0.131253
0
0
0
0.131572
0
0
0
0.131134
0
0
0
0.131696
0
0
0
0.13138
0
0
0
0.131572
0
0
0
0.131398
0
0
0
0.131389
0
0
0.0239733
0.107474
0
0
0.0479024
0.0831312
0
0
0.0941931
0.0379224
0
0
0.130609
0.000819201
0
0
0.130518
0.000792844
0
0
0.131135
0
0
0
0.131285
0
0
0
0.131977
0
0
0.00519895
0.125952
0
0
0.0168139
0.114485
0
0
0.0255761
0.105531
0
0
0.0515571
0.0796294
0
0
0.0871672
0.0444225
0
0
0.130235
0.000839919
0
0
0.130563
0.000843083
0
0
0.13122
0
0
0
0
0.0964132
0.0346005
0
0
0.116265
0.014856
0
0
0.128175
0.00300456
0
0
0.13094
0.000344171
0
0
0.131117
0
0
0
0.131503
0
0
0
0.131116
0
0
0.0117813
0.119251
0
0
0.045755
0.0856619
0
0
0.0710675
0.0603828
0
0
0.100082
0.0311963
0
0
0.116073
0.0150165
0
0
0.130739
0.000343349
0
0
0.130863
0.000333605
0
0
0.130626
0.000352321
0
0
0.130864
0
0
0.0219826
0.109189
0
0
0.0442205
0.0869824
0
0
0.0439025
0.0869762
0
0
0.0532674
0.0779552
0
0
0.101567
0.0296294
0
0
0.130286
0.000732789
0
0
0.130107
0.000730168
0
0.0118325
0.119634
0
0
0.028496
0.10245
0
0
0.0322704
0.0988122
0
0
0.0445334
0.0863989
0
0
0.0648878
0.0661482
0
0
0.109481
0.0217888
0
0
0.130535
0.000810586
0
0
0.130333
0.000732974
0
0.0109643
0.120207
0
0
0.0286409
0.102657
0
0
0.0414455
0.0894219
0
0
0.0430165
0.0881137
0
0
0.06297
0.0682711
0
0
0.103203
0.0278445
0
0
0.130631
0.00072841
0
0
0.13129
0
0
0.0107946
0.120304
0
0
0.0365668
0.0944364
0
0
0.0309063
0.100055
0
0
0.043174
0.0879837
0
0
0.0817351
0.0494011
0
0
0.125125
0.00580957
0
0
0.13038
0.000733924
0
0
0.130939
0
0
0.0140704
0.117422
0
0
0.0378574
0.09333
0
0
0.0450771
0.0860996
0
0
0.036663
0.0943718
0
0
0.0682774
0.0629231
0
0
0.107602
0.0243721
0
0
0.130691
0.000724848
0
0
0.130213
0.000751397
0
0.00712916
0.123907
0
0
0.025501
0.105515
0
0
0.0440626
0.0871224
0
0
0.0417766
0.0894442
0
0
0.0453426
0.0855396
0
0
0.0870769
0.0444789
0
0
0.125017
0.00644733
0
0
0.13019
0.00075744
0
0
0.130849
0
0
0.00168508
0.129488
0
0
0.0243512
0.106582
0
0
0.0412296
0.0898672
0
0
0.0400028
0.0909009
0
0
0.0446405
0.0865767
0
0
0.0788128
0.0523294
0
0
0.112012
0.0187175
0
0
0.130341
0.000750114
0
0
0.130368
0.000753129
0
0.0109548
0.120649
0
0
0.0218323
0.109461
0
0
0.0419458
0.0889066
0
0
0.0396218
0.091394
0
0
0.0489611
0.0824087
0
0
0.0859121
0.045627
0
0
0.126064
0.00488484
0
0.021819
0.108122
0.000911826
0
0.0222869
0.108806
0
0
0.0216921
0.109365
0
0
0.0219747
0.109311
0
0
0.0168622
