histogram cpu
/Code/DEFAULT_MODULE/rwrapup_,/Machine,/Process,/SyncObject
518 6.4 0  -1
NaN
NaN
NaN
NaN
NaN
NaN
NaN
NaN
NaN
NaN
NaN
NaN
NaN
NaN
NaN
NaN
NaN
NaN
NaN
NaN
NaN
NaN
NaN
NaN
NaN
NaN
NaN
NaN
NaN
NaN
NaN
NaN
NaN
NaN
NaN
NaN
NaN
NaN
NaN
NaN
NaN
NaN
NaN
NaN
NaN
NaN
0
0
0
0.0694677
0
0
0
0.0696084
0
0
0
0.0695081
0
0
0
0.0697684
0
0
0
0.069455
0
0
0
0.0693257
0
0
0
0.0694478
0
0
0
0.069555
0
0
0
0.0693316
0
0
0
0.0697452
0
0
0
0.0697222
0
0
0
0.0694712
0
0
0
0.069355
0
0
0
0.0694183
0
0
0
0.0693697
0
0
0
0.0693996
0
0
0.0023323
0.0671237
0
0
0.0109909
0.0584563
0
0
0.02335
0.0464399
0
0
0.0454817
0.023986
0
0
0.0593279
0.0100066
0
0
0.0692092
0
0
0
0.0694813
0
0
0
0.0692035
0
0
0
0.0691825
0
0
0
0.0693734
0
0
0.00298549
0.0662919
0
0
0.0128597
0.0565868
0
0
0.0161531
0.0530993
0
0
0.0575735
0.0122223
0
0
0.0688235
0.000531375
0
0
0.0692406
0
0
0
0.0695798
0
0
0
0.0693502
0
0
0
0.0693898
0
0
0
0.0692725
0
0
0
0
0.0693503
0
0
0
0.069488
0
0
0
0.0693747
0
0
0
0.069367
0
0
0
0.0690609
0
0
0
0.0693533
0
0
0.0311407
0.0384373
0
0
0.0466368
0.0228468
0
0
0.0670348
0.00255124
0
0
0.0692314
0
0
0
0.0693613
0
0
0
0.0693944
0
0
0
0.0694516
0
0
0
0.0692526
0
0
0
0.0693357
0
0
0.0230804
0.0462046
0
0
0.0238896
0.0455456
0
0
0.0229796
0.0463707
0
0
0.0552676
0.0139734
0
0
0.0694543
0
0
0
0.0695118
0
0
0
0.0695199
0
0
0.0215074
0.0479904
0
0
0.0198339
0.0494779
0
0
0.023493
0.0457092
0
0
0.0236017
0.0457816
0
0
0.0651361
0.00428958
0
0
0.0691786
0
0
0
0.0692424
0
0
0
0.0693038
0
0
0.0223465
0.0469984
0
0
0.018866
0.0504983
0
0
0.0236371
0.0456849
0
0
0.0252973
0.0442167
0
0
0.0688998
0.000452024
0
0
0.0695094
0
0
0
0.069302
0
0
0.00414441
0.0653284
0
0
0.0229017
0.0461783
0
0
0.0211105
0.0482287
0
0
0.018038
0.0513805
0
0
0.0449857
0.0243577
0
0
0.0693232
0
0
0
0.0692534
0
0
0
0.069322
0
0
0.0103633
0.0592925
0
0
0.0236983
0.0454967
0
0
0.0231092
0.0461103
0
0
0.0219289
0.0474223
0
0
0.04441
0.0248571
0
0
0.0690022
0.000452711
0
0
0.0689912
0
0
0
0.0695407
0
0
0.00327692
0.066333
0
0
0.022219
0.0471596
0
0
0.0178206
0.0514715
0
0
0.0234953
0.0457725
0
0
0.0232728
0.0462739
0
0
0.0561829
0.0133167
0
0
0.0692827
0
0
0
0.0694174
0
0
0
0.0696057
0
0
0.0105974
0.0586674
0
0
0.0233241
0.0459299
0
0
0.0231387
0.0460617
0
0
0.0202389
0.0489997
0
0
0.0219694
0.0472119
0
0
0.0453929
0.0237211
0
0
0.0694144
0
0
0
0.0693005
0
0
0
0.0694376
0
0
0.00989383
0.0596934
0
0
0.0234641
0.0458168
0
0
0.023297
0.0459415
0
0
0.0205738
0.0488191
0
0
0.0238517
0.0454638
0
0
0.0573036
0.0119206
0
0
0.0693834
0
0
0
0.0693166
0
0
0
0.0693542
0
0
0.0116861
0.0576043
0
0
0.00557307
0.063802
0
0
0.0111821
0.0581756
0
0
0.011969
0.0572219
0
0.00624465
