histogram cpu
/Code/DEFAULT_MODULE/lengsum_,/Machine,/Process,/SyncObject
518 6.4 0  -1
NaN
NaN
NaN
NaN
NaN
NaN
NaN
NaN
NaN
NaN
NaN
NaN
NaN
NaN
NaN
NaN
NaN
NaN
NaN
NaN
NaN
NaN
NaN
NaN
NaN
NaN
NaN
NaN
NaN
NaN
NaN
NaN
NaN
NaN
NaN
NaN
NaN
NaN
NaN
NaN
NaN
NaN
NaN
NaN
NaN
NaN
0.0325013
0.0451808
0
0
0
0.0453133
0
0
0
0.0451648
0
0
0
0.0289292
0.0163294
0
0
0.0203335
0.0248004
0
0
0.0297579
0.0155859
0
0
0.0399222
0.00524261
0
0
0.0450702
0
0
0
0.0451628
0
0
0
0.044997
0
0
0
0.0452533
0
0
0
0.0451063
0
0
0
0.0451244
0
0
0
0.0450388
0
0
0
0.0450778
0
0
0
0.0452709
0
0
0
0.0451513
0
0
0
0.0452258
0
0
0
0.0451977
0
0
0
0.0453122
0
0
0.00884953
0.0362975
0
0
0.0116187
0.0336113
0
0
0.0269331
0.0180963
0
0
0.0449351
0
0
0
0.0453095
0
0
0
0.0449452
0
0
0
0.0451928
0
0
0
0.0449845
0
0
0
0.0451033
0
0
0.00865248
0.0366864
0
0
0.0123855
0.0327012
0
0
0.00350858
0.0415963
0
0
0.0308024
0.0142871
0
0
0.045099
0
0
0
0.0450237
0
0
0
0.0450446
0
0
0
0.0156629
0.0273451
0.00206812
0
0
0.0405285
0.00452458
0
0
0.0450189
0
0
0
0.044975
0
0
0
0.0450692
0
0
0
0.0451975
0
0
0
0.0452046
0
0
0
0.0451253
0
0
0.0170825
0.0280301
0
0
0.0304667
0.014526
0
0
0.0313267
0.0138022
0
0
0.0437749
0.00134017
0
0
0.0450154
0
0
0
0.0450887
0
0
0
0.0451399
0
0
0
0.0451829
0
0
0.00364197
0.041543
0
0
0.0144928
0.0304279
0
0
0.012424
0.0326971
0
0
0.0140428
0.0309939
0
0
0.0269336
0.0181624
0
0
0.045062
0
0
0
0.0450394
0
0
0
0.045034
0
0
0.0144587
0.0307526
0
0
0.012783
0.032515
0
0
0.0142907
0.0307603
0
0
0.0151525
0.0299315
0
0
0.0451556
0
0
0
0.0450164
0
0
0
0.045079
0
0
0
0.0451148
0
0
0.0138201
0.0313686
0
0
0.0154626
0.0296915
0
0
0.0153276
0.0297314
0
0
0.0150732
0.0300025
0
0
0.0411776
0.00400389
0
0
0.0450143
0
0
0
0.045124
0
0
0
0.0451708
0
0
0.0149949
0.0299035
0
0
0.0147532
0.0301875
0
0
0.0135661
0.0315135
0
0
0.0161738
0.0290521
0
0
0.0451529
0
0
0
0.0451049
0
0
0
0.0450665
0
0
0
0.0450453
0
0
0.0133924
0.0315808
0
0
0.0148066
0.0305344
0
0
0.0153052
0.0297255
0
0
0.0155864
0.0295034
0
0
0.0450298
0
0
0
0.0450614
0
0
0
0.0449422
0
0
0
0.0450575
0
0
0.00935379
0.0358599
0
0
0.0153476
0.0296971
0
0
0.0119084
0.0331992
0
0
0.0150965
0.0299813
0
0
0.0201417
0.024945
0
0
0.0450456
0
0
0
0.0450382
0
0
0
0.0449783
0
0
0
0.0451297
0
0
0.00370043
0.0413598
0
0
0.0145668
0.0305569
0
0
0.0154737
0.0295746
0
0
0.0147199
0.0302149
0
0
0.01556
0.0295613
0
0
0.0450629
0
0
0
0.0449556
0
0
0
0.0450543
0
0
0
0.0450048
0
0
0.0146031
0.0304431
0
0
0.0126362
0.0323695
0
0
0.0111914
0.0338167
0
0
0.0152593
0.030011
0
0
0.0221431
0.0229973
0
0
0.0450689
0
0
0.00767885
0.037325
0
0
0.00765214
0.0375091
0
0
0.00694994
0.0379961
0
0
0.00759787
0.0374781
0
0
0.00707414
0.037897
