histogram procedure_calls
/Code/DEFAULT_MODULE/rnmas2d_,/Machine,/Process,/SyncObject
518 6.4 0  -1
NaN
NaN
NaN
NaN
NaN
NaN
NaN
NaN
NaN
NaN
NaN
NaN
NaN
NaN
NaN
NaN
NaN
NaN
NaN
NaN
NaN
NaN
NaN
NaN
NaN
NaN
NaN
NaN
NaN
NaN
NaN
NaN
NaN
NaN
NaN
NaN
NaN
NaN
NaN
NaN
NaN
NaN
NaN
NaN
NaN
NaN
0
0
0
0.15625
0
0
0
0.15625
0
0
0
0.15625
0
0
0
0.15625
0
0
0
0.15625
0
0
0
0.15625
0
0
0
0.15625
0
0
0
0.15625
0
0
0
0.15625
0
0
0
0.15625
0
0
0.0925088
0.0637412
0
0
0.0839931
0.0722569
0
0
0.15625
0
0
0
0.15625
0
0
0
0.15625
0
0
0
0.15625
0
0
0
0.15625
0
0
0
0.15625
0
0
0
0.15625
0
0
0
0.15625
0
0
0
0.15625
0
0
0
0.15625
0
0
0
0.15625
0
0
0.0401862
0.116064
0
0
0.044319
0.111931
0
0
0.15625
0
0
0
0.15625
0
0
0
0.15625
0
0
0
0.15625
0
0
0
0.15625
0
0
0
0.15625
0
0
0
0.15625
0
0
0
0.15625
0
0
0.0359071
0.120343
0
0
0.0377347
0.118515
0
0
0.15625
0
0
0
0
0
0.15625
0
0
0
0.15625
0
0
0.106751
0.0494992
0
0
0.107867
0.0483826
0
0
0.15625
0
0
0
0.15625
0
0
0
0.15625
0
0
0
0.15625
0
0
0
0.15625
0
0
0
0.15625
0
0
0
0.15625
0
0
0
0.15625
0
0
0.108133
0.0481168
0
0
0.109312
0.0469377
0
0
0.106599
0.0496506
0
0
0.15625
0
0
0
0.15625
0
0
0
0.15625
0
0
0
0.15625
0
0
0.0536974
0.102553
0
0
0.0451322
0.111118
0
0
0.0524444
0.103806
0
0
0.0524064
0.103844
0
0
0.15625
0
0
0
0.15625
0
0
0
0.15625
0
0
0
0.15625
0
0
0.0529534
0.103297
0
0
0.0507416
0.105508
0
0
0.0416124
0.114638
0
0
0.0522889
0.103961
0
0
0.15625
0
0
0
0.15625
0
0
0
0.15625
0
0
0
0.15625
0
0
0.0520521
0.104198
0
0
0.0536142
0.102636
0
0
0.0534034
0.102847
0
0
0.15625
0
0
0
0.15625
0
0
0
0.15625
0
0
0
0.15625
0
0
0.0516881
0.104562
0
0
0.0529259
0.103324
0
0
0.052398
0.103852
0
0
0.0524879
0.103762
0
0
0.15625
0
0
0
0.15625
0
0
0
0.15625
0
0
0
0.15625
0
0
0.0439927
0.112257
0
0
0.0536438
0.102606
0
0
0.0526209
0.103629
0
0
0.0528957
0.103354
0
0
0.051817
0.104433
0
0
0.15625
0
0
0
0.15625
0
0
0
0.15625
0
0
0
0.15625
0
0
0.0543693
0.101881
0
0
0.0528741
0.103376
0
0
0.0524432
0.103807
0
0
0.0494097
0.10684
0
0
0.15625
0
0
0
0.15625
0
0
0
0.15625
0
0
0
0.15625
0
0
0
0.15625
0
0
0.0534259
0.102824
0
0
0.0538393
0.102411
0
0
0.0534599
0.10279
0
0
0.0497357
0.106514
0
0
0.0536724
0.102578
0
0
0.15625
0
0
0
0.15625
0
0
0
0.15625
0
0
0
0.15625
0
0
0.0477849
0.108465
0
0
0.0520782
0.104172
0
0
0.0542887
0.101961
0
0
0.0264712
0.129779
0
0.0266932
0.129557
0
0
0.0259789
0.130271
0
0
0.0262729
0.129977
0
0
0.0202373
