histogram cpu
/Code/DEFAULT_MODULE/ldtx12d_,/Machine,/Process,/SyncObject
518 6.4 0  -1
NaN
NaN
NaN
NaN
NaN
NaN
NaN
NaN
NaN
NaN
NaN
NaN
NaN
NaN
NaN
NaN
NaN
NaN
NaN
NaN
NaN
NaN
NaN
NaN
NaN
NaN
NaN
NaN
NaN
NaN
NaN
NaN
NaN
NaN
NaN
NaN
NaN
NaN
NaN
NaN
NaN
NaN
NaN
NaN
NaN
NaN
0
0
0
0
0.00628423
0.0280778
0
0
0
0.0341675
0
0
0
0.0341636
0
0
0
0.0343545
0
0
0
0.03408
0
0
0
0.0342987
0
0
0
0.0342758
0
0
0.00082277
0.0335079
0
0
0.0179068
0.0162398
0
0
0.0189531
0.0152517
0
0
0.0314452
0.00274337
0
0
0.03414
0
0
0
0.0342428
0
0
0
0.0340698
0
0
0
0.034208
0
0
0
0.0342159
0
0
0
0.0342188
0
0
0
0.0341181
0
0
0
0.0341628
0
0
0
0.0344276
0
0
0
0.0341072
0
0
0.00747935
0.0268286
0
0
0.0103513
0.0237019
0
0
0.0170965
0.017211
0
0
0.0340994
0
0
0
0.0341091
0
0
0
0.0342653
0
0
0
0.0340319
0
0
0
0.0342984
0
0
0
0.0341709
0
0
0
0.0340975
0
0
0.00504076
0.0291342
0
0
0.00965987
0.0242731
0
0
0.00870728
0.0254327
0
0
0.0341791
0
0
0
0.0340987
0
0
0
0
0.0054148
0.028748
0
0
0.0232195
0.0109359
0
0
0.0217615
0.0124447
0
0
0.0341032
0
0
0
0.0340094
0
0
0
0.034138
0
0
0
0.0342658
0
0
0
0.0339326
0
0
0
0.0340733
0
0
0
0.0341003
0
0
0.016639
0.017443
0
0
0.0220212
0.0121349
0
0
0.023118
0.0112098
0
0
0.0233098
0.0109186
0
0
0.0342715
0
0
0
0.0342256
0
0
0
0.0341107
0
0
0
0.0341
0
0
0.0114198
0.0227992
0
0
0.0113735
0.0227401
0
0
0.0113476
0.0226271
0
0
0.0201926
0.0139849
0
0
0.0341365
0
0
0
0.0341469
0
0
0
0.034084
0
0
0.00570712
0.0283882
0
0
0.0110319
0.0229485
0
0
0.0117333
0.0225699
0
0
0.0100761
0.0240021
0
0
0.0231904
0.0111151
0
0
0.0340846
0
0
0
0.0341223
0
0
0
0.0342262
0
0
0.00484697
0.0293712
0
0
0.0115983
0.022541
0
0
0.0106574
0.0235737
0
0
0.0115096
0.022544
0
0
0.0342232
0
0
0
0.034104
0
0
0
0.0341201
0
0
0
0.0340331
0
0
0.0109838
0.0230698
0
0
0.0117167
0.0223151
0
0
0.011125
0.0228783
0
0
0.0112913
0.0230139
0
0
0.0341478
0
0
0
0.0341442
0
0
0
0.034228
0
0
0
0.0340819
0
0
0.011291
0.0228681
0
0
0.0107842
0.0234414
0
0
0.0114949
0.0226937
0
0
0.0118099
0.0221975
0
0
0.0312585
0.0029069
0
0
0.0340411
0
0
0
0.034034
0
0
0
0.03416
0
0
0.00431695
0.0297921
0
0
0.00907045
0.0250306
0
0
0.0115232
0.0225861
0
0
0.0104568
0.0236159
0
0
0.0113588
0.0227669
0
0
0.0340486
0
0
0
0.0342041
0
0
0
0.0342149
0
0
0
0.0341418
0
0
0
0.0340971
0
0
0.0115796
0.0224588
0
0
0.0117279
0.0223696
0
0
0.0108046
0.0234487
0
0
0.0109731
0.0232206
0
0
0.0342435
0
0
0
0.0340918
0
0
0
0.0340465
0
0
0
0.0340244
0
0
0.00255915
0.0317564
0
0
0.0114518
0.0226194
0
0
0.0100861
0.0239973
0
0
0.0116776
0.0226019
0
0
0.00584277
0.0284022
0
0.00575778
0.028328
0
0
0.00509096
0.0289841
0
0
0.00572225
0.028326
0
0
0.00563611
0.0285028
0
