histogram cpu
/Code/DEFAULT_MODULE/lcfls2d_,/Machine,/Process,/SyncObject
518 6.4 0  -1
NaN
NaN
NaN
NaN
NaN
NaN
NaN
NaN
NaN
NaN
NaN
NaN
NaN
NaN
NaN
NaN
NaN
NaN
NaN
NaN
NaN
NaN
NaN
NaN
NaN
NaN
NaN
NaN
NaN
NaN
NaN
NaN
NaN
NaN
NaN
NaN
NaN
NaN
NaN
NaN
NaN
NaN
NaN
NaN
NaN
NaN
0
0
0
0
0.0919794
0
0
0
0.032842
0.0591926
0
0
0.000575328
0.0914851
0
0
0
0.0920011
0
0
0.0103027
0.0814659
0
0
0.0230646
0.0685879
0
0
0.0358718
0.0560599
0
0
0.0659805
0.0260664
0
0
0.0803534
0.0115291
0
0
0.092008
0
0
0
0.091862
0
0
0
0.0918933
0
0
0
0.0917837
0
0
0
0.0919243
0
0
0
0.0919877
0
0
0
0.0916296
0
0
0
0.0918144
0
0
0
0.0917074
0
0
0
0.0920683
0
0
0
0.091695
0
0
0.0121289
0.0794845
0
0
0.0262629
0.0654583
0
0
0.0375623
0.0542463
0
0
0.0917324
0
0
0
0.0919253
0
0
0
0.0919016
0
0
0
0.0917537
0
0
0
0.0917248
0
0
0
0.0919306
0
0
0
0.0916114
0
0
0.0128828
0.0787331
0
0
0.0273595
0.064314
0
0
0.0409324
0.0506039
0
0
0.086187
0.00540002
0
0
0.0914675
0
0
0
0.0918278
0
0
0
0
0.0598904
0.0319538
0
0
0.0692504
0.0225726
0
0
0.0879956
0.00375797
0
0
0.0920835
0
0
0
0.0917584
0
0
0
0.0913981
0
0
0
0.0919843
0
0
0
0.0917491
0
0
0.00817711
0.0837681
0
0
0.0355772
0.0559207
0
0
0.061414
0.03035
0
0
0.0785016
0.0135777
0
0
0.0916039
0.000102046
0
0
0.088928
0.00268253
0
0
0.091899
0
0
0
0.0915819
0
0
0.0165356
0.0753095
0
0
0.0309563
0.0607564
0
0
0.0306312
0.0611766
0
0
0.0305968
0.0611986
0
0
0.054402
0.0375364
0
0
0.0915593
0
0
0
0.0916696
0
0
0
0.0917095
0
0
0.0222589
0.0698732
0
0
0.0312133
0.0604324
0
0
0.0297497
0.0619127
0
0
0.0313633
0.0603534
0
0
0.0760746
0.0156576
0
0
0.0919712
0
0
0
0.0917929
0
0
0
0.0914538
0
0
0.0120882
0.0796934
0
0
0.0298456
0.0618746
0
0
0.031234
0.0607253
0
0
0.029203
0.0625298
0
0
0.0683366
0.0233652
0
0
0.0919211
0
0
0
0.0917566
0
0
0.00118964
0.0908489
0
0
0.0251674
0.0668061
0
0
0.0294943
0.0619834
0
0
0.0316532
0.0603078
0
0
0.04342
0.0482954
0
0
0.0845532
0.0077464
0
0
0.0915349
0
0
0
0.0914508
0
0
0.00262622
0.0891107
0
0
0.0235374
0.0682776
0
0
0.0304011
0.0615957
0
0
0.0288636
0.0627684
0
0
0.032555
0.0592052
0
0
0.0603121
0.0314797
0
0
0.0915033
0
0
0
0.0920337
0
0
0
0.0915456
0
0
0.0156251
0.0761774
0
0
0.0299679
0.0617524
0
0
0.0243252
0.0671589
0
0
0.0310303
0.0608437
0
0
0.0515629
0.040379
0
0
0.0845481
0.00690806
0
0
0.0918156
0
0
0
0.0918597
0
0
0
0.0915962
0
0
0.0109072
0.0811337
0
0
0.029203
0.062364
0
0
0.0311182
0.0603773
0
0
0.0315678
0.0602347
0
0
0.041518
0.050387
0
0
0.0799781
0.011735
0
0
0.0915426
0
0
0
0.0916797
0
0
0
0.0917494
0
0
0.0157061
0.0762114
0
0
0.028584
0.0634825
0
0
0.0307787
0.0608158
0
0
0.0271212
0.0645591
0
0
0.0462686
0.045618
0
0
0.0897244
0.00205365
0
0.0154768
0.0761689
0
0
0.0137189
0.0781354
0
0
0.0154756
0.0766302
0
0
0.0150981
0.0763771
0
