histogram cpu_inclusive
/Code/DEFAULT_MODULE/gxare2d_,/Machine,/Process,/SyncObject
518 6.4 0  -1
NaN
NaN
NaN
NaN
NaN
NaN
NaN
NaN
NaN
NaN
NaN
NaN
NaN
NaN
NaN
NaN
NaN
NaN
NaN
NaN
NaN
NaN
NaN
NaN
NaN
NaN
NaN
NaN
NaN
NaN
NaN
NaN
NaN
NaN
NaN
NaN
NaN
NaN
NaN
NaN
NaN
NaN
NaN
NaN
NaN
NaN
0
0.0832251
0
0
0
0.0837812
0
0
0
0.0834003
0
0
0
0.083007
0
0
0
0.0705422
0.0128456
0
0
0.0830447
0
0
0
0.0835403
0
0
0
0.0830512
0
0
0
0.0836602
0
0
0
0.0833778
0
0
0
0.0836151
0
0
0
0.0833303
0
0
0
0.0833473
0
0
0
0.0832502
0
0
0
0.0829745
0
0
0
0.0836115
0
0
0
0.0828005
0
0
0
0.0831774
0
0
0
0.0832073
0
0
0
0.083257
0
0
0.0231975
0.0600556
0
0
0.0720976
0.0114869
0
0
0.0832225
0
0
0
0.0830747
0
0
0
0.0832154
0
0
0
0.083255
0
0
0
0.083065
0
0
0
0.0829059
0
0
0.0115252
0.0718214
0
0
0.0212102
0.0621943
0
0
0.0229963
0.0603411
0
0
0.0832218
0
0
0
0.0830823
0
0
0
0.0833151
0
0
0
0.0832349
0
0
0
0.0831512
0
0
0
0.0695004
0.0128834
0.000970357
0
0
0.0830722
0
0
0
0.0834107
0
0
0
0.0830638
0
0
0
0.0831363
0
0
0
0.0834671
0
0
0
0.0830638
0
0
0.0192411
0.0642507
0
0
0.0560257
0.0271085
0
0
0.0565117
0.0267918
0
0
0.0812919
0.00189769
0
0
0.0831762
0
0
0
0.0835928
0
0
0
0.0829363
0
0
0
0.083102
0
0
0
0.0833625
0
0
0.0267188
0.0564452
0
0
0.026815
0.0561332
0
0
0.0230559
0.060458
0
0
0.0658428
0.0176281
0
0
0.0832114
0
0
0
0.0831473
0
0
0
0.0831398
0
0
0.0213172
0.0621591
0
0
0.0285928
0.0545387
0
0
0.0235452
0.0596808
0
0
0.026362
0.056579
0
0
0.0831157
0
0
0
0.0831771
0
0
0
0.082913
0
0
0
0.0831985
0
0
0.0211459
0.0623447
0
0
0.0279652
0.0552185
0
0
0.028592
0.0547585
0
0
0.0283545
0.0548548
0
0
0.0766882
0.00674276
0
0
0.0835508
0
0
0
0.0829244
0
0
0
0.0829011
0
0
0.0233085
0.0596868
0
0
0.0277867
0.0552664
0
0
0.027365
0.0558354
0
0
0.0427198
0.0409705
0
0
0.0835663
0
0
0
0.0832522
0
0
0
0.0829673
0
0
0.00766465
0.0759219
0
0
0.0227399
0.0604193
0
0
0.0247724
0.0582402
0
0
0.0271643
0.0558632
0
0
0.030018
0.0529189
0
0
0.0831705
0
0
0
0.0832778
0
0
0
0.0832266
0
0
0
0.0829864
0
0
0.0240406
0.0590959
0
0
0.0280237
0.0552386
0
0
0.0283478
0.0547053
0
0
0.0220424
0.0612247
0
0
0.0481432
0.0352342
0
0
0.0830585
0
0
0
0.0829327
0
0
0
0.0830024
0
0
0.00612821
0.0772021
0
0
0.0125948
0.0707242
0
0
0.0282268
0.0548889
0
0
0.0269031
0.0562603
0
0
0.0285857
0.0544841
0
0
0.0444618
0.0388339
0
0
0.0833505
0
0
0
0.0831985
0
0
0
0.0831205
0
0
0
0.0829077
0
0
0.0248501
0.0583884
0
0
0.0278149
0.0550475
0
0
0.0234673
0.0599035
0
0
0.0207428
0.0624242
0
0
0.0568094
0.0263731
0
0
0.0833279
0
0
0
0.0831109
0
0
0.0142848
0.0692851
0
0
0.0141439
0.0691691
0
0
0.0128914
0.0703214
0
0
0.0140812
0.0692938
0
0
0.013089
0.0699492
