histogram cpu
/Code/DEFAULT_MODULE/ldttemp_,/Machine,/Process,/SyncObject
518 6.4 0  -1
NaN
NaN
NaN
NaN
NaN
NaN
NaN
NaN
NaN
NaN
NaN
NaN
NaN
NaN
NaN
NaN
NaN
NaN
NaN
NaN
NaN
NaN
NaN
NaN
NaN
NaN
NaN
NaN
NaN
NaN
NaN
NaN
NaN
NaN
NaN
NaN
NaN
NaN
NaN
NaN
NaN
NaN
NaN
NaN
NaN
NaN
0
0
0
0
0
0.0188908
0
0
0
0.0187342
0
0
0
0.0188286
0
0
0
0.0185736
0
0
0
0.0186016
0
0
0
0.0186419
0
0
0
0.0186573
0
0
0
0.0187241
0
0
0
0.0186341
0
0
0
0.0187447
0
0
0
0.0186825
0
0
0
0.0186737
0
0
0
0.0186366
0
0
0.00352006
0.0151276
0
0
0.000971234
0.0177035
0
0
0.0101971
0.00844991
0
0
0.0186011
0
0
0
0.0186297
0
0
0
0.0188362
0
0
0
0.0186286
0
0
0
0.0185973
0
0
0
0.0186023
0
0
0
0.0187106
0
0
0
0.0186048
0
0
0
0.0186449
0
0
0.00546407
0.0131717
0
0
0.00533557
0.0133441
0
0
0.0185767
0
0
0
0.0187339
0
0
0
0.0186841
0
0
0
0.0186098
0
0
0
0.0185769
0
0
0
0.0187121
0
0
0
0.0186537
0
0
0
0.0187352
0
0
0.00488782
0.0137322
0
0
0
0
0.018712
0
0
0
0.0186735
0
0
0
0.0185895
0
0
0
0.0188616
0
0
0.0128464
0.00576048
0
0
0.0115657
0.00700792
0
0
0.0176241
0.00103994
0
0
0.018612
0
0
0
0.0187401
0
0
0
0.018723
0
0
0
0.0187156
0
0
0
0.0186095
0
0
0
0.0186161
0
0
0
0.0186297
0
0
0.0114882
0.00733709
0
0
0.00600353
0.012723
0
0
0.0177589
0.000874537
0
0
0.018563
0
0
0
0.0185724
0
0
0
0.0186594
0
0
0.00624071
0.012448
0
0
0.00616451
0.0124306
0
0
0.00611826
0.0124878
0
0
0.00638793
0.0122225
0
0
0.0186644
0
0
0
0.0186644
0
0
0
0.018765
0
0
0
0.0185867
0
0
0.00551873
0.0131508
0
0
0.0060896
0.0125626
0
0
0.00622503
0.012425
0
0
0.00625351
0.0123867
0
0
0.018687
0
0
0
0.0187528
0
0
0
0.0186574
0
0
0
0.0186142
0
0
0.00629456
0.0123331
0
0
0.0058774
0.0128337
0
0
0.00525186
0.013501
0
0
0.00621479
0.0123987
0
0
0.0186828
0
0
0
0.0185589
0
0
0
0.018611
0
0
0.00222194
0.0165333
0
0
0.00613441
0.0125072
0
0
0.00552995
0.0131466
0
0
0.00506856
0.0135212
0
0
0.0152175
0.00347793
0
0
0.01858
0
0
0
0.0186335
0
0
0
0.0186649
0
0
0
0.0187078
0
0
0.00648354
0.01219
0
0
0.00586409
0.0127013
0
0
0.00641441
0.0122769
0
0
0.00626683
0.0123917
0
0
0.0186065
0
0
0
0.018692
0
0
0
0.0186899
0
0
0
0.018691
0
0
0.00531434
0.0134665
0
0
0.0061952
0.0124211
0
0
0.00635036
0.0122901
0
0
0.00631371
0.0124056
0
0
0.00636419
0.0124134
0
0
0.0188766
0
0
0
0.0185525
0
0
0
0.0185728
0
0
0
0.0186381
0
0
0.000887062
0.0177833
0
0
0.00597294
0.0126438
0
0
0.00513879
0.0135507
0
0
0.00556995
0.0131355
0
0
0.00624442
0.0124011
0
0
0.0186476
0
0
0
0.0186211
0
0
0
0.0187007
0
0
0
0.0187238
0
0
0.00552396
0.0131339
0
0
0.00318618
0.0154921
0
0
0.00317448
0.0155657
0
0
0.00287469
0.0157214
0
0.00312827
0.0154894
0
0
0.00309071
0.0156342
0
