histogram cpu
/Code/DEFAULT_MODULE/find_t_,/Machine,/Process,/SyncObject
518 6.4 0  -1
NaN
NaN
NaN
NaN
NaN
NaN
NaN
NaN
NaN
NaN
NaN
NaN
NaN
NaN
NaN
NaN
NaN
NaN
NaN
NaN
NaN
NaN
NaN
NaN
NaN
NaN
NaN
NaN
NaN
NaN
NaN
NaN
NaN
NaN
NaN
NaN
NaN
NaN
NaN
NaN
NaN
NaN
NaN
NaN
NaN
NaN
0
0
0.0460607
0.0378021
0
0
0.00743672
0.0770738
0
0
0
0.0840231
0
0
0
0.0841781
0
0
0
0.0839176
0
0
0
0.0839106
0
0
0
0.0838917
0
0
0.012195
0.0717926
0
0
0.0261537
0.0577651
0
0
0.0593045
0.0245454
0
0
0.0700385
0.0136838
0
0
0.0777373
0.00610221
0
0
0.0838418
0
0
0
0.0843555
0
0
0
0.083868
0
0
0
0.0840209
0
0
0
0.0838867
0
0
0
0.0838892
0
0
0
0.0840206
0
0
0
0.0838241
0
0
0
0.0838901
0
0
0.00234918
0.081477
0
0
0.00102015
0.0828615
0
0
0.0212109
0.0625472
0
0
0.0544289
0.0293276
0
0
0.0837347
0
0
0
0.0836456
0
0
0
0.0838473
0
0
0
0.0839174
0
0
0
0.0839831
0
0
0
0.0839376
0
0
0.00400083
0.0798176
0
0
0.0187739
0.0651507
0
0
0.0189517
0.0648932
0
0
0.0586567
0.0254318
0
0
0.0836989
0
0
0
0
0.0127813
0.0711689
0
0
0.0336541
0.0500031
0
0
0.0568716
0.0268839
0
0
0.0699998
0.0139048
0
0
0.0837836
0
0
0
0.0840148
0
0
0
0.0836015
0
0
0
0.0837654
0
0
0
0.0838631
0
0
0
0.0836542
0
0
0.0151191
0.068582
0
0
0.0505623
0.0333816
0
0
0.0601666
0.023839
0
0
0.0754509
0.00836248
0
0
0.0737594
0.00976962
0
0
0.0837234
0
0
0
0.0836229
0
0
0
0.0841406
0
0
0.0252523
0.0587708
0
0
0.0286191
0.0551648
0
0
0.0240157
0.059758
0
0
0.0335975
0.0500753
0
0
0.0803076
0.00366582
0
0
0.0837901
0
0
0
0.0836408
0
0
0.00445566
0.0795154
0
0
0.026635
0.0571381
0
0
0.0282584
0.0555928
0
0
0.0270621
0.0567981
0
0
0.050239
0.0337392
0
0
0.0797438
0.00406803
0
0
0.0838161
0
0
0
0.0839293
0
0
0.00492675
0.0789966
0
0
0.0267782
0.0570242
0
0
0.0277306
0.0560229
0
0
0.0286016
0.0552538
0
0
0.0448557
0.0389747
0
0
0.08371
0
0
0
0.0836164
0
0
0
0.0839555
0
0
0.00857874
0.0747855
0
0
0.0275504
0.0562519
0
0
0.0281572
0.0554806
0
0
0.0278979
0.0557882
0
0
0.0600313
0.023712
0
0
0.0838107
0
0
0
0.0837839
0
0
0
0.0836068
0
0
0.0136652
0.0699554
0
0
0.0234317
0.0604494
0
0
0.0286222
0.0551891
0
0
0.0280145
0.055646
0
0
0.0414212
0.0424657
0
0
0.082381
0.00137668
0
0
0.0837106
0
0
0
0.0835854
0
0
0.00411341
0.0798934
0
0
0.0218865
0.0617954
0
0
0.0290446
0.0549246
0
0
0.0281881
0.0555987
0
0
0.0280055
0.0559107
0
0
0.063016
0.0208292
0
0
0.0838679
0
0
0
0.0836557
0
0
0
0.0837862
0
0
0
0.0838387
0
0
0.0200728
0.0640115
0
0
0.0285044
0.0553814
0
0
0.0286934
0.0550344
0
0
0.0285015
0.0552645
0
0
0.0530799
0.0306724
0
0
0.0833926
0.000268478
0
0
0.0837415
0
0
0
0.0842142
0
0
0.00432757
0.0793508
0
0
0.0197975
0.0642397
0
0
0.0254429
0.0583356
0
0
0.0277586
0.0560414
0
0
0.0289182
0.0548061
0
0.0101112
0.0540763
0.0196852
0
0.0142278
0.0695674
0
0
0.0138646
0.0700045
0
0
0.0139857
0.069673
0
0
0.0107606
