histogram cpu_inclusive
/Code/DEFAULT_MODULE/rflux2d_,/Machine,/Process,/SyncObject
518 6.4 0  -1
NaN
NaN
NaN
NaN
NaN
NaN
NaN
NaN
NaN
NaN
NaN
NaN
NaN
NaN
NaN
NaN
NaN
NaN
NaN
NaN
NaN
NaN
NaN
NaN
NaN
NaN
NaN
NaN
NaN
NaN
NaN
NaN
NaN
NaN
NaN
NaN
NaN
NaN
NaN
NaN
NaN
NaN
NaN
NaN
NaN
NaN
0
0
0.356358
0.0783705
0
0
0.275314
0.160368
0
0
0.185919
0.248307
0
0
0.112667
0.322228
0
0
0.10234
0.331604
0
0
0.150316
0.28284
0
0
0.181727
0.253378
0
0
0.248416
0.185009
0
0
0.314502
0.118452
0
0
0.382043
0.0508543
0
0
0.404411
0.0282987
0
0
0.420019
0.0130013
0
0
0.433089
0
0
0
0.4346
0
0
0
0.433057
0
0
0
0.43393
0
0
0
0.433444
0
0
0
0.433969
0
0
0
0.433348
0
0
0
0.433418
0
0
0.0473815
0.386262
0
0
0.0982402
0.334579
0
0
0.189428
0.245175
0
0
0.304233
0.129087
0
0
0.372149
0.0609291
0
0
0.432751
0
0
0
0.432967
0
0
0
0.434295
0
0
0.00680807
0.42618
0
0
0.0319254
0.401435
0
0
0.0514365
0.381646
0
0
0.109948
0.323218
0
0
0.210557
0.223073
0
0
0.298853
0.133895
0
0
0.380537
0.0530603
0
0
0.432919
0
0
0
0
0.215928
0.217099
0
0
0.301258
0.131598
0
0
0.372111
0.0605361
0
0
0.404622
0.0288126
0
0
0.432712
0
0
0
0.433863
0
0
0
0.432446
0
0
0.011697
0.420844
0
0
0.0899027
0.343285
0
0
0.143693
0.289254
0
0
0.230596
0.202384
0
0
0.335591
0.0974773
0
0
0.383847
0.0490306
0
0
0.415354
0.0174829
0
0
0.411921
0.0203912
0
0
0.43184
0
0
0.0405985
0.392246
0
0
0.0884425
0.344945
0
0
0.133614
0.298973
0
0
0.164008
0.268998
0
0
0.251293
0.181523
0
0
0.328699
0.103883
0
0
0.424069
0.0084822
0
0.017683
0.41564
0
0
0.0567032
0.375752
0
0
0.0706652
0.362422
0
0
0.143509
0.289094
0
0
0.18653
0.2462
0
0
0.273189
0.159779
0
0
0.363089
0.0705299
0
0
0.423497
0.00939696
0
0.0147027
0.418382
0
0
0.0562996
0.376995
0
0
0.0927277
0.339952
0
0
0.138833
0.293911
0
0
0.181552
0.251276
0
0
0.263917
0.168799
0
0
0.352261
0.0810929
0
0
0.43288
0
0
0.021147
0.411509
0
0
0.0728996
0.359971
0
0
0.0795232
0.352091
0
0
0.142901
0.290124
0
0
0.220185
0.212614
0
0
0.306604
0.125785
0
0
0.382976
0.049789
0
0
0.432036
0
0
0.0269113
0.406441
0
0
0.0751328
0.357292
0
0
0.118156
0.314545
0
0
0.121377
0.311052
0
0
0.193919
0.238982
0
0
0.271039
0.162754
0
0
0.345166
0.0882122
0
0
0.428575
0.00395468
0
0.012714
0.41982
0
0
0.0505664
0.381431
0
0
0.0952512
0.338256
0
0
0.125984
0.306675
0
0
0.150161
0.282407
0
0
0.230798
0.202962
0
0
0.306332
0.127356
0
0
0.388784
0.0439692
0
0
0.432558
0
0
0.00273137
0.429789
0
0
0.0453631
0.387147
0
0
0.0822724
0.350829
0
0
0.111735
0.321386
0
0
0.147647
0.285402
0
0
0.215068
0.217619
0
0
0.28147
0.150874
0
0
0.368521
0.0642186
0
0
0.430417
0.0018116
0
0.0201622
0.413712
0
0
0.0407567
0.392946
0
0
0.092023
0.340239
0
0
0.117163
0.31591
0
0
0.148629
0.284621
0
0
0.227105
0.206149
0
0
0.310452
0.122177
0
0.0643617
0.326067
0.0419628
0
0.0737927
0.359209
0
0
0.0717786
0.360903
0
0
0.0726003
0.360158
0
0
0.0558842
