histogram procedure_calls
/Code/DEFAULT_MODULE/lbcac2d_,/Machine,/Process,/SyncObject
518 6.4 0  -1
NaN
NaN
NaN
NaN
NaN
NaN
NaN
NaN
NaN
NaN
NaN
NaN
NaN
NaN
NaN
NaN
NaN
NaN
NaN
NaN
NaN
NaN
NaN
NaN
NaN
NaN
NaN
NaN
NaN
NaN
NaN
NaN
NaN
NaN
NaN
NaN
NaN
NaN
NaN
NaN
NaN
NaN
NaN
NaN
NaN
NaN
0
0.15625
0
0
0.15625
0
0
0
0.15625
0
0
0
0.00610837
0.150142
0
0
0
0.15625
0
0
0.08729
0.06896
0
0
0.0874629
0.0687871
0
0
0.15625
0
0
0
0.15625
0
0
0
0.15625
0
0
0
0.15625
0
0
0
0.15625
0
0
0
0.15625
0
0
0
0.15625
0
0
0
0.15625
0
0
0
0.15625
0
0
0
0.15625
0
0
0
0.15625
0
0
0
0.15625
0
0
0
0.15625
0
0
0
0.15625
0
0
0.0464224
0.109828
0
0
0.0452386
0.111011
0
0
0.15625
0
0
0
0.15625
0
0
0
0.15625
0
0
0
0.15625
0
0
0
0.15625
0
0
0
0.15625
0
0
0
0.15625
0
0
0
0.15625
0
0
0.0418465
0.114404
0
0
0.0471323
0.109118
0
0
0.15625
0
0
0
0.15625
0
0
0
0.15625
0
0
0
0.15625
0
0
0
0
0.102436
0.0538142
0
0
0.15625
0
0
0
0.15625
0
0
0
0.15625
0
0
0
0.15625
0
0
0
0.15625
0
0
0
0.15625
0
0
0
0.15625
0
0
0.105881
0.0503685
0
0
0.103301
0.0529492
0
0
0.105066
0.0511835
0
0
0.15625
0
0
0
0.15625
0
0
0
0.15625
0
0
0
0.15625
0
0
0
0.15625
0
0
0.0529534
0.103297
0
0
0.0532468
0.103003
0
0
0.0523684
0.103882
0
0
0.0523261
0.103924
0
0
0.15625
0
0
0
0.15625
0
0
0
0.15625
0
0
0
0.15625
0
0
0.0505112
0.105739
0
0
0.0534673
0.102783
0
0
0.0509701
0.10528
0
0
0.0536823
0.102568
0
0
0.15625
0
0
0
0.15625
0
0
0
0.15625
0
0
0
0.15625
0
0
0.0497814
0.106469
0
0
0.0510797
0.10517
0
0
0.0533227
0.102927
0
0
0.15625
0
0
0
0.15625
0
0
0
0.15625
0
0
0
0.15625
0
0
0.0525928
0.103657
0
0
0.0528436
0.103406
0
0
0.0506418
0.105608
0
0
0.0540314
0.102219
0
0
0.15625
0
0
0
0.15625
0
0
0
0.15625
0
0
0
0.15625
0
0
0.0534589
0.102791
0
0
0.0514568
0.104793
0
0
0.051875
0.104375
0
0
0.0494776
0.106772
0
0
0.15625
0
0
0
0.15625
0
0
0
0.15625
0
0
0
0.15625
0
0
0
0.15625
0
0
0.0528253
0.103425
0
0
0.0513073
0.104943
0
0
0.0418202
0.11443
0
0
0.0530111
0.103239
0
0
0.15625
0
0
0
0.15625
0
0
0
0.15625
0
0
0
0.15625
0
0
0
0.15625
0
0
0.0526779
0.103572
0
0
0.0521195
0.10413
0
0
0.0533818
0.102868
0
0
0.0539754
0.102275
0
0
0.15625
0
0
0
0.15625
0
0
0
0.15625
0
0
0
0.15625
0
0
0
0.15625
0
0
0.0539934
0.102257
0
0
0.0487717
0.107478
0
0
0.052738
0.103512
0
0
0.0464877
0.109762
0
0
0.15625
0
0
0
0.15625
0
0
0.0265151
0.129735
0
0
0.0234625
0.132787
0
0
0.0263771
0.129873
0
0
0.025908
0.130342
0
