histogram procedure_calls
/Code/DEFAULT_MODULE/lagrangian_control_,/Machine,/Process,/SyncObject
518 6.4 0  -1
NaN
NaN
NaN
NaN
NaN
NaN
NaN
NaN
NaN
NaN
NaN
NaN
NaN
NaN
NaN
NaN
NaN
NaN
NaN
NaN
NaN
NaN
NaN
NaN
NaN
NaN
NaN
NaN
NaN
NaN
NaN
NaN
NaN
NaN
NaN
NaN
NaN
NaN
NaN
NaN
NaN
NaN
NaN
NaN
NaN
NaN
0.15625
0
0
0.15625
0
0
0
0
0.15625
0
0
0
0.15625
0
0
0
0.15625
0
0
0
0.15625
0
0
0
0.15625
0
0
0
0.15625
0
0
0
0.15625
0
0
0.0918201
0.0644299
0
0
0.15625
0
0
0
0.15625
0
0
0
0.15625
0
0
0
0.15625
0
0
0
0.15625
0
0
0
0.15625
0
0
0
0.15625
0
0
0
0.15625
0
0
0
0.15625
0
0
0
0.15625
0
0
0
0.15625
0
0
0
0.15625
0
0
0
0.15625
0
0
0.0462907
0.109959
0
0
0.040497
0.115753
0
0
0.15625
0
0
0
0.15625
0
0
0
0.15625
0
0
0
0.15625
0
0
0
0.15625
0
0
0
0.15625
0
0
0
0.15625
0
0
0
0.15625
0
0
0.0442372
0.112013
0
0
0.0434027
0.112847
0
0
0.15625
0
0
0
0.15625
0
0
0
0
0.104285
0.0519651
0
0
0.106599
0.0496515
0
0
0.105697
0.050553
0
0
0.15625
0
0
0
0.15625
0
0
0
0.15625
0
0
0
0.15625
0
0
0
0.15625
0
0
0
0.15625
0
0
0
0.15625
0
0
0.107324
0.0489263
0
0
0.10484
0.0514095
0
0
0.103734
0.0525156
0
0
0.105537
0.0507126
0
0
0.15625
0
0
0
0.15625
0
0
0
0.15625
0
0
0
0.15625
0
0
0.0536865
0.102564
0
0
0.028353
0.127897
0
0
0.0529216
0.103328
0
0
0.15625
0
0
0
0.15625
0
0
0
0.15625
0
0
0
0.15625
0
0
0.0533259
0.102924
0
0
0.0529324
0.103318
0
0
0.0479794
0.108271
0
0
0.0531572
0.103093
0
0
0.15625
0
0
0
0.15625
0
0
0
0.15625
0
0
0
0.15625
0
0
0.052569
0.103681
0
0
0.0493029
0.106947
0
0
0.0477003
0.10855
0
0
0.0495712
0.106679
0
0
0.15625
0
0
0
0.15625
0
0
0
0.15625
0
0
0
0.15625
0
0
0.0477196
0.10853
0
0
0.0490567
0.107193
0
0
0.0508859
0.105364
0
0
0.0449183
0.111332
0
0
0.15625
0
0
0
0.15625
0
0
0
0.15625
0
0
0
0.15625
0
0
0.0509093
0.105341
0
0
0.0514835
0.104766
0
0
0.0511255
0.105125
0
0
0.0331603
0.12309
0
0
0.15625
0
0
0
0.15625
0
0
0
0.15625
0
0
0
0.15625
0
0
0
0.15625
0
0
0.0517557
0.104494
0
0
0.0473782
0.108872
0
0
0.0536019
0.102648
0
0
0.15625
0
0
0
0.15625
0
0
0
0.15625
0
0
0
0.15625
0
0
0
0.15625
0
0
0
0.15625
0
0
0.0527465
0.103503
0
0
0.0494941
0.106756
0
0
0.0506138
0.105636
0
0
0.0474838
0.108766
0
0
0.15625
0
0
0
0.15625
0
0
0
0.15625
0
0
0
0.15625
0
0
0.0539459
0.102304
0
0
0.0495523
0.106698
0
0
0.0531902
0.10306
0
0
0.0477285
0.108521
0
0
0.0524421
0.103808
0
0.0264425
0.129808
0
0
0.0126476
0.143602
0
0
0.0252704
0.13098
0
0
0.027118
0.129132
0
0
