histogram cpu_inclusive
/Code/DEFAULT_MODULE/gzcen2d_,/Machine,/Process,/SyncObject
518 6.4 0  -1
NaN
NaN
NaN
NaN
NaN
NaN
NaN
NaN
NaN
NaN
NaN
NaN
NaN
NaN
NaN
NaN
NaN
NaN
NaN
NaN
NaN
NaN
NaN
NaN
NaN
NaN
NaN
NaN
NaN
NaN
NaN
NaN
NaN
NaN
NaN
NaN
NaN
NaN
NaN
NaN
NaN
NaN
NaN
NaN
NaN
NaN
0
0.00219078
0
0
0
0.00231469
0
0
0
0.00218531
0
0
0
0.00217187
0
0
0
0.00217219
0
0
0
0.00220984
0
0
0
0.00217516
0
0
0
0.00217797
0
0
0
0.00215875
0
0
0
0.00216438
0
0
0
0.00217656
0
0
0
0.00217156
0
0
0
0.00216141
0
0
0
0.00215891
0
0
0
0.00221313
0
0
0
0.00216109
0
0
0
0.00215891
0
0
0
0.00216516
0
0
0
0.00217719
0
0
0
0.00216422
0
0
0.000606493
0.00157007
0
0
0.00216297
0
0
0
0.00220438
0
0
0
0.00216844
0
0
0
0.00216438
0
0
0
0.00217375
0
0
0
0.00218093
0
0
0
0.00215984
0
0
0.000632089
0.00153526
0
0
0.000549994
0.00161266
0
0
0.000597477
0.00156768
0
0
0.00216703
0
0
0
0.00216453
0
0
0
0.00217188
0
0
0
0.00216938
0
0
0
0.00217578
0
0
0
0.00215843
0
0
0
0
0.00218312
0
0
0
0.00217078
0
0
0
0.00216735
0
0
0
0.00216844
0
0
0
0.00215813
0
0
0
0.00215937
0
0
0.00148958
0.000674793
0
0
0.00146053
0.000706659
0
0
0.00148971
0.000706229
0
0
0.00218516
0
0
0
0.00216578
0
0
0
0.00216781
0
0
0
0.00215797
0
0
0
0.00216625
0
0
0
0.00215907
0
0
0.00069608
0.00147048
0
0
0.000698734
0.00146267
0
0
0.000597275
0.00156616
0
0
0.002175
0
0
0
0.00216656
0
0
0
0.00217641
0
0
0
0.00216203
0
0
0.000718663
0.00146227
0
0
0.000746858
0.00142455
0
0
0.000613122
0.00155407
0
0
0.000693498
0.00148838
0
0
0.00215891
0
0
0
0.00216719
0
0
0
0.00216391
0
0
0
0.00216046
0
0
0.000727957
0.00144845
0
0
0.000727695
0.00143684
0
0
0.000742785
0.00142253
0
0
0.000741322
0.00143414
0
0
0.00216564
0
0
0
0.00216406
0
0
0
0.00216702
0
0
0
0.00219204
0
0
0.000609395
0.00156046
0
0
0.000724919
0.0014418
0
0
0.000711827
0.00145238
0
0
0.00216985
0
0
0
0.00215936
0
0
0
0.00216234
0
0
0
0.00216078
0
0
0.00064283
0.0015225
0
0
0.000597797
0.0015883
0
0
0.000651539
0.00153174
0
0
0.000711246
0.00146265
0
0
0.00216501
0
0
0
0.00216594
0
0
0
0.00217343
0
0
0
0.00217641
0
0
0
0.00216689
0
0
0.000743144
0.00141793
0
0
0.000732582
0.00144399
0
0
0.000738165
0.00142448
0
0
0.000575653
0.00159889
0
0
0.00218749
0
0
0
0.00217875
0
0
0
0.00218406
0
0
0
0.00217061
0
0
0.000741398
0.00143017
0
0
0.000733888
0.00143736
0
0
0.000734734
0.00142871
0
0
0.00070316
0.00147043
0
0
0.000743141
0.00141639
0
0
0.00217374
0
0
0
0.00216281
0
0
0
0.00217922
0
0
0
0.00218375
0
0
0
0.00217875
0
0
0.000644623
0.00151459
0
0
0.000724755
0.00143431
0
0
0.000610211
0.00155761
0
0
0.000543142
0.00163451
0
0
0.00216983
0
0
0
0.00218453
0
0
0
0.00217516
0
0
0.000370369
0.00179635
0
0
0.000370366
0.0018112
0
0
0.000339234
0.00185045
0
0
0.000367788
0.00180987
0
0
0.000342177
0.00182861
