histogram cpu
/Code/DEFAULT_MODULE/gzcen2d_,/Machine,/Process,/SyncObject
518 6.4 0  -1
NaN
NaN
NaN
NaN
NaN
NaN
NaN
NaN
NaN
NaN
NaN
NaN
NaN
NaN
NaN
NaN
NaN
NaN
NaN
NaN
NaN
NaN
NaN
NaN
NaN
NaN
NaN
NaN
NaN
NaN
NaN
NaN
NaN
NaN
NaN
NaN
NaN
NaN
NaN
NaN
NaN
NaN
NaN
NaN
NaN
NaN
0
0.00215734
0
0
0
0.00227531
0
0
0
0.00215172
0
0
0
0.00213859
0
0
0
0.00213812
0
0
0
0.00217594
0
0
0
0.0021425
0
0
0
0.00214453
0
0
0
0.00212625
0
0
0
0.00213078
0
0
0
0.00214297
0
0
0
0.00213813
0
0
0
0.00212844
0
0
0
0.00212609
0
0
0
0.00217844
0
0
0
0.00212797
0
0
0
0.00212531
0
0
0
0.00213281
0
0
0
0.0021439
0
0
0
0.00213063
0
0
0.000593739
0.00154861
0
0
0.00213
0
0
0
0.00217015
0
0
0
0.00213531
0
0
0
0.00211844
0
0
0
0.00214031
0
0
0
0.0021475
0
0
0
0.00212593
0
0
0.000619056
0.00151516
0
0
0.000538258
0.00159081
0
0
0.000585247
0.00154772
0
0
0.00213438
0
0
0
0.00213078
0
0
0
0.00213828
0
0
0
0.00213625
0
0
0
0.00214234
0
0
0
0.002125
0
0
0
0
0.00213532
0
0
0
0.00213734
0
0
0
0.00213422
0
0
0
0.00213532
0
0
0
0.00212452
0
0
0
0.00212578
0
0
0.0014635
0.000667756
0
0
0.00143464
0.000699108
0
0
0.00146281
0.000698602
0
0
0.00215156
0
0
0
0.00213265
0
0
0
0.00213454
0
0
0
0.00212484
0
0
0
0.00213265
0
0
0
0.00212626
0
0
0.000683987
0.00144991
0
0
0.000686165
0.00144165
0
0
0.000586031
0.0015435
0
0
0.00214203
0
0
0
0.00213281
0
0
0
0.00214296
0
0
0
0.00212891
0
0
0.000705933
0.00144125
0
0
0.000733564
0.00140394
0
0
0.000602161
0.00153283
0
0
0.000680972
0.00146684
0
0
0.00212578
0
0
0
0.00213391
0
0
0
0.00213093
0
0
0
0.00212688
0
0
0.000715153
0.00142781
0
0
0.000714817
0.00141628
0
0
0.000729794
0.00140224
0
0
0.000728349
0.00141368
0
0
0.00213234
0
0
0
0.00213047
0
0
0
0.00213359
0
0
0
0.00215843
0
0
0.000598499
0.00153902
0
0
0.000712209
0.00142123
0
0
0.000699218
0.00143172
0
0
0.00213733
0
0
0
0.00212641
0
0
0
0.00212952
0
0
0
0.0021272
0
0
0.00063114
0.00150088
0
0
0.000586578
0.0015653
0
0
0.000640237
0.00151102
0
0
0.000698779
0.001442
0
0
0.00213219
0
0
0
0.00213344
0
0
0
0.00213999
0
0
0
0.00214266
0
0
0
0.00213344
0
0
0.000729716
0.00139702
0
0
0.000719535
0.00142312
0
0
0.000725221
0.00140415
0
0
0.000565029
0.00157653
0
0
0.00215312
0
0
0
0.00214655
0
0
0
0.00215095
0
0
0
0.00213671
0
0
0.000725942
0.00140531
0
0
0.000721132
0.0014173
0
0
0.000722005
0.00140862
0
0
0.000691255
0.0014511
0
0
0.000729873
0.00139591
0
0
0.00214092
0
0
0
0.00212984
0
0
0
0.00214547
0
0
0
0.00213781
0
0
0
0.00214547
0
0
0.000632968
0.00149313
0
0
0.000711966
0.00141428
0
0
0.000598976
0.00153556
0
0
0.000533048
0.0016121
0
0
0.0021372
0
0
0
0.00215156
0
0
0
0.00214187
0
0
0.000363829
0.00176946
0
0
0.000363712
0.00178379
0
0
0.000333483
0.00182417
0
0
0.000361368
0.00178347
0
0
0.000336122
0.00180169
