histogram procedure_calls
/Code/DEFAULT_MODULE/rezone_control_,/Machine,/Process,/SyncObject
518 6.4 0  -1
NaN
NaN
NaN
NaN
NaN
NaN
NaN
NaN
NaN
NaN
NaN
NaN
NaN
NaN
NaN
NaN
NaN
NaN
NaN
NaN
NaN
NaN
NaN
NaN
NaN
NaN
NaN
NaN
NaN
NaN
NaN
NaN
NaN
NaN
NaN
NaN
NaN
NaN
NaN
NaN
NaN
NaN
NaN
NaN
NaN
NaN
0
0
0.15625
0
0
0
0.15625
0
0
0
0.15625
0
0
0
0.15625
0
0
0
0.15625
0
0
0
0.15625
0
0
0
0.15625
0
0
0
0.15625
0
0
0
0.15625
0
0
0
0.15625
0
0
0
0.15625
0
0
0.0470718
0.109178
0
0
0.15625
0
0
0
0.15625
0
0
0
0.15625
0
0
0
0.15625
0
0
0
0.15625
0
0
0
0.15625
0
0
0
0.15625
0
0
0
0.15625
0
0
0
0.15625
0
0
0
0.15625
0
0
0
0.15625
0
0
0.0457718
0.110478
0
0
0.0308492
0.125401
0
0
0.0185608
0.137689
0
0
0.15625
0
0
0
0.15625
0
0
0
0.15625
0
0
0
0.15625
0
0
0
0.15625
0
0
0
0.15625
0
0
0
0.15625
0
0
0
0.15625
0
0
0.0210381
0.135212
0
0
0.15625
0
0
0
0
0
0.15625
0
0
0
0.15625
0
0
0
0.15625
0
0
0.10378
0.0524701
0
0
0.109383
0.0468666
0
0
0.15625
0
0
0
0.15625
0
0
0
0.15625
0
0
0
0.15625
0
0
0
0.15625
0
0
0
0.15625
0
0
0
0.15625
0
0
0.107234
0.0490156
0
0
0.0806425
0.0756075
0
0
0.108196
0.0480538
0
0
0.15625
0
0
0
0.15625
0
0
0
0.15625
0
0
0
0.15625
0
0
0.0490025
0.107247
0
0
0.0531405
0.103109
0
0
0.0506164
0.105634
0
0
0.0527133
0.103537
0
0
0.15625
0
0
0
0.15625
0
0
0
0.15625
0
0
0
0.15625
0
0
0.0527827
0.103467
0
0
0.0495161
0.106734
0
0
0.0439332
0.112317
0
0
0.0536066
0.102643
0
0
0.15625
0
0
0
0.15625
0
0
0
0.15625
0
0
0
0.15625
0
0
0.0525248
0.103725
0
0
0.0523168
0.103933
0
0
0.040594
0.115656
0
0
0.0523595
0.10389
0
0
0.15625
0
0
0
0.15625
0
0
0
0.15625
0
0
0
0.15625
0
0
0.0522829
0.103967
0
0
0.0526782
0.103572
0
0
0.052318
0.103932
0
0
0.0500891
0.106161
0
0
0.15625
0
0
0
0.15625
0
0
0
0.15625
0
0
0
0.15625
0
0
0.0542826
0.101967
0
0
0.0535965
0.102653
0
0
0.053688
0.102562
0
0
0.047699
0.108551
0
0
0.15625
0
0
0
0.15625
0
0
0
0.15625
0
0
0
0.15625
0
0
0
0.15625
0
0
0.0538175
0.102433
0
0
0.0513229
0.104927
0
0
0.0530668
0.103183
0
0
0.0531771
0.103073
0
0
0.15625
0
0
0
0.15625
0
0
0
0.15625
0
0
0
0.15625
0
0
0
0.15625
0
0
0.0541559
0.102094
0
0
0.0435164
0.112734
0
0
0.052758
0.103492
0
0
0.0506593
0.105591
0
0
0.15625
0
0
0
0.15625
0
0
0
0.15625
0
0
0
0.15625
0
0
0
0.15625
0
0
0.0525491
0.103701
0
0
0.0526685
0.103581
0
0
0.0263844
0.129866
0
0.0266125
0.129637
0
0
0.0242918
0.131958
0
0
0.0264741
0.129776
0
0
0.0247142
0.131536
