histogram cpu
/Code/DEFAULT_MODULE/thermal_transport_hydro_only_,/Machine,/Process,/SyncObject
518 6.4 0  -1
NaN
NaN
NaN
NaN
NaN
NaN
NaN
NaN
NaN
NaN
NaN
NaN
NaN
NaN
NaN
NaN
NaN
NaN
NaN
NaN
NaN
NaN
NaN
NaN
NaN
NaN
NaN
NaN
NaN
NaN
NaN
NaN
NaN
NaN
NaN
NaN
NaN
NaN
NaN
NaN
NaN
NaN
NaN
NaN
NaN
NaN
0
0.00379766
0
0
0
0.00384687
0
0
0
0.00374563
0
0
0
0.000307858
0.0034648
0
0
0
0.00375672
0
0
0.00211727
0.00172179
0
0
0.00186276
0.00189833
0
0
0.00333106
0.000448312
0
0
0.00376547
0
0
0
0.00375375
0
0
0
0.00377156
0
0
0
0.00375906
0
0
0
0.00375125
0
0
0
0.00378813
0
0
0
0.00376906
0
0
0
0.00375906
0
0
0
0.0038286
0
0
0
0.00377531
0
0
0
0.00383781
0
0
0
0.00376047
0
0
0
0.00376344
0
0
0.000973921
0.00280545
0
0
0.00112283
0.00264561
0
0
0.00374218
0
0
0
0.00376062
0
0
0
0.00375875
0
0
0
0.00379735
0
0
0
0.00383968
0
0
0
0.00376766
0
0
0
0.00385203
0
0
0.00103246
0.00271503
0
0
0.000298306
0.00348248
0
0
0.00105249
0.00272423
0
0
0.00375359
0
0
0
0.0037575
0
0
0
0.00377672
0
0
0
0.00130849
0.00228363
0.000172256
0
0
0.00257654
0.00118955
0
0
0.00376891
0
0
0
0.00378234
0
0
0
0.00384296
0
0
0
0.00378703
0
0
0
0.00376033
0
0
0
0.00377093
0
0
0
0.00378126
0
0
0.00256189
0.00121701
0
0
0.00263083
0.00115417
0
0
0.0025483
0.0012167
0
0
0.00377156
0
0
0
0.00377515
0
0
0
0.00376765
0
0
0
0.00375923
0
0
0
0.00378843
0
0
0.00122749
0.00257204
0
0
0.00104057
0.00273255
0
0
0.00117906
0.00259719
0
0
0.00128398
0.00250587
0
0
0.00377921
0
0
0
0.00375547
0
0
0
0.00374923
0
0
0
0.00381047
0
0
0.0010729
0.00272273
0
0
0.00119912
0.00257618
0
0
0.00126893
0.00250201
0
0
0.00355063
0.000294205
0
0
0.00375938
0
0
0
0.00377126
0
0
0
0.00376469
0
0
0
0.00378907
0
0
0.00129593
0.00248422
0
0
0.00128479
0.00248787
0
0
0.00126091
0.00250456
0
0
0.00126994
0.0025374
0
0
0.00377283
0
0
0
0.00375593
0
0
0
0.0037911
0
0
0.00126138
0.00251113
0
0
0.00123818
0.00252884
0
0
0.00113563
0.00263235
0
0
0.00126298
0.0025256
0
0
0.00377953
0
0
0
0.00377204
0
0
0
0.00376422
0
0
0
0.00381313
0
0
0.00112364
0.00264464
0
0
0.00124571
0.0025643
0
0
0.00128557
0.00249161
0
0
0.00131804
0.0024904
0
0
0.00132863
0.0025276
0
0
0.00377547
0
0
0
0.00376564
0
0
0
0.00375923
0
0
0
0.00378296
0
0
0.00128611
0.00248418
0
0
0.00100132
0.0027851
0
0
0.00126339
0.0025044
0
0
0.00129527
0.00247991
0
0
0.00377547
0
0
0
0.0037742
0
0
0
0.0037872
0
0
0
0.00378124
0
0
0
0.00378236
0
0
0.00122716
0.00256877
0
0
0.00129687
0.00247424
0
0
0.00123916
0.00253895
0
0
0.00131412
0.00249212
0
0
0.00376251
0
0
0
0.00379592
0
0
0
0.00377048
0
0
0
0.00380766
0
0
0
0.00388611
0
0
0.00106238
0.0027151
0
0
0.000940743
0.00283566
0
0
0.00128543
0.00252349
0
0
0.00126652
0.00251346
0
0
0.00377532
0
0
0.000648346
0.00314698
0
0
0.000643451
0.00314904
0
0
0.000584404
0.00319028
0
0
0.000641076
0.00315719
0
0
0.000596868
0.0031922
