histogram cpu_inclusive
/Code/DEFAULT_MODULE/eeos1t_,/Machine,/Process,/SyncObject
518 6.4 0  -1
NaN
NaN
NaN
NaN
NaN
NaN
NaN
NaN
NaN
NaN
NaN
NaN
NaN
NaN
NaN
NaN
NaN
NaN
NaN
NaN
NaN
NaN
NaN
NaN
NaN
NaN
NaN
NaN
NaN
NaN
NaN
NaN
NaN
NaN
NaN
NaN
NaN
NaN
NaN
NaN
NaN
NaN
NaN
NaN
NaN
NaN
0
0.238253
0.0612291
0.29884
0
0.172699
0.126267
0.218734
0.0800187
0.0412212
0.257412
0.150116
0.149017
0.00111709
0.297691
0.0631443
0.235406
0
0.298025
0.0930856
0.205332
0.0198127
0.279418
0.149919
0.148114
0.0371204
0.261474
0.171982
0.126551
0.0706034
0.228361
0.239832
0.0581468
0.132082
0.166679
0.280412
0.0183682
0.200236
0.0981814
0.29829
0
0.24538
0.052927
0.298833
0
0.286909
0.0119152
0.298417
0
0.298076
0
0.297653
0
0.298197
0
0.298212
0
0.298711
0
0.298113
0
0.298685
0
0.298706
0
0.298606
0
0.298517
0
0.297962
0
0.29914
0
0.298473
0
0.298926
0
0.29847
0
0.297958
0
0.297961
0.0543951
0.243714
0.0226159
0.276332
0.112836
0.185993
0.057149
0.241178
0.177632
0.12
0.12761
0.17067
0.272501
0.0264087
0.201861
0.0962055
0.298363
0
0.296374
0.00287479
0.298233
0
0.298513
0
0.297927
0
0.298479
0
0.298291
0
0.298105
0.00896191
0.290216
0
0.298152
0
0.298067
0.0025584
0.296047
0.0384655
0.258966
0.00768867
0.290712
0.120975
0.177965
0.0568146
0.24125
0.190729
0.107383
0.117618
0.180843
0.26716
0.0313208
0.219718
0.0785554
0.298328
0
0.298402
0
0.29845
0
0.0338739
0.0591107
0.20526
0.221436
0.0764327
0.146872
0.151204
0.247691
0.0500959
0.213787
0.0841692
0.281421
0.0178823
0.251632
0.0466416
0.297935
0
0.27921
0.0187153
0.298183
0
0.298159
0
0.298181
0
0.298419
0
0.297966
0
0.29829
0.0202745
0.277761
0
0.297749
0.07874
0.219615
0.0173358
0.281183
0.138146
0.160934
0.0756431
0.222235
0.231398
0.0665731
0.153058
0.145349
0.26709
0.0312499
0.233395
0.0640059
0.294364
0.00360662
0.283995
0.014538
0.298297
0
0.259787
0.0385218
0.297608
0
0.29819
0.00115143
0.296855
0
0.298302
0.0509679
0.247451
0.0189129
0.279315
0.0897682
0.208155
0.050533
0.247257
0.102158
0.19601
0.0930807
0.204871
0.156777
0.141332
0.100924
0.196849
0.209641
0.0881324
0.154866
0.143468
0.297592
0
0.241845
0.0561401
0.297825
0
0.298262
0.0195957
0.278621
0
0.297823
0.068165
0.230111
0.0240503
0.274204
0.101382
0.196501
0.0727405
0.225757
0.100624
0.197227
0.100309
0.197662
0.155834
0.142602
0.0941049
0.203983
0.241866
0.0560548
0.190677
0.107644
0.298176
0
0.240993
0.05719
0.2982
0
0.298228
0.0152187
0.283081
0
0.298119
0.0637543
0.234874
0.0285858
0.269504
0.0997706
0.197614
0.0745065
0.223669
0.0938881
0.204526
0.0997955
0.198104
0.159366
0.139277
0.0994728
0.198631
0.243213
0.0548915
0.200571
0.0979723
0.298295
0
0.265229
0.0321267
0.297832
0
0.297909
0.0297306
0.268102
0.00435912
0.293359
0.0617904
0.236333
0.0455823
0.253166
0.0907883
0.207416
0.0798751
0.218496
0.0968144
0.201094
0.0993787
0.198611
0.193084
0.105536
0.124543
0.173451
0.298777
0
0.203268
0.0947646
0.297699
0
0.290317
0.00925628
0.297279
0
0.297928
0.0394308
0.258421
0.00468045
0.293491
0.075052
0.223567
0.0427436
0.25518
0.0968209
0.201169
0.0926135
0.205124
0.0978326
0.199876
0.103349
0.195155
0.163962
0.134233
0.101886
0.196132
0.274959
0.0232459
0.163431
0.134702
0.297823
0
0.261478
0.0370171
0.297589
0
0.297914
0.0144407
0.283697
0
0.298462
0.0610806
0.236885
0.0289477
0.269137
0.0996885
0.198063
0.0524698
0.245654
0.0984654
0.199644
0.0962765
0.201628
0.125572
0.172613
0.10232
0.19578
0.198657
0.0997574
0.126488
0.171936
0.297995
0
0.205666
0.0923427
0.297499
0
0.284016
0.0164067
0.295963
0
0.297718
0.0120231
0.286153
0
0.297766
0.0439289
0.254209
0.0139908
0.283804
0.0863266
0.211821
0.0600862
0.237694
0.100175
0.197577
0.0914912
0.206785
0.104437
0.194159
0.102887
0.194998
0.19056
0.107797
0.116792
0.181641
0.265846
0.032397
0.183835
0.114345
0.298443
0
0.258906
0.0396366
0.298223
0
0.29789
0.0274614
0.270576
0
0.297852
0.0544535
0.244089
0.0213938
0.27673
0.102516
0.195254
0.0443272
0.253605
0.0941178
0.203557
0.0990366
0.198925
0.116125
0.181426
0.0999506
0.19824
0.206228
0.0920145
0.128929
0.16919
0.280145
0.0466812
0.163772
0.155629
0.247671
0.0506046
0.247538
0.0239701
0.274053
0.0461595
0.251859
0.0481055
0.250118
0.0503285
0.247738
0.0515754
0.246424
0.0469626
0.251042
