histogram cpu
/Code/DEFAULT_MODULE/ldtx22d_,/Machine,/Process,/SyncObject
518 6.4 0  -1
NaN
NaN
NaN
NaN
NaN
NaN
NaN
NaN
NaN
NaN
NaN
NaN
NaN
NaN
NaN
NaN
NaN
NaN
NaN
NaN
NaN
NaN
NaN
NaN
NaN
NaN
NaN
NaN
NaN
NaN
NaN
NaN
NaN
NaN
NaN
NaN
NaN
NaN
NaN
NaN
NaN
NaN
NaN
NaN
NaN
NaN
0
0
0
0
0
0.033658
0
0
0
0.033665
0
0
0
0.0336433
0
0
0
0.0335686
0
0
0
0.0335627
0
0
0
0.033453
0
0
0
0.0336164
0
0
0
0.0335599
0
0
0
0.033727
0
0
0.0156857
0.0179034
0
0
0.0185884
0.0149806
0
0
0.0313708
0.00217593
0
0
0.0335484
0
0
0
0.033628
0
0
0
0.0334875
0
0
0
0.033473
0
0
0
0.0336244
0
0
0
0.0335478
0
0
0
0.0335973
0
0
0
0.033608
0
0
0
0.0334367
0
0
0
0.0335469
0
0
0.00381765
0.0297545
0
0
0
0.0334406
0
0
0.0101271
0.0233854
0
0
0.0334422
0
0
0
0.033445
0
0
0
0.0335503
0
0
0
0.0335047
0
0
0
0.03357
0
0
0
0.0334965
0
0
0
0.0336105
0
0
0.00565011
0.0279468
0
0
0.0085487
0.0249682
0
0
0.0116803
0.0218704
0
0
0.0333516
0
0
0
0
0
0.0335523
0
0
0.0109599
0.0226972
0
0
0.0213607
0.0122149
0
0
0.0276942
0.00611949
0
0
0.0334771
0
0
0
0.0334951
0
0
0
0.033654
0
0
0
0.0334847
0
0
0
0.0336328
0
0
0
0.0335136
0
0
0
0.0335695
0
0
0.0216476
0.0119285
0
0
0.0226527
0.0109837
0
0
0.0227882
0.0106738
0
0
0.0282079
0.00529067
0
0
0.0335971
0
0
0
0.0335005
0
0
0
0.0335066
0
0
0.0110749
0.0224903
0
0
0.0112033
0.0223994
0
0
0.0112402
0.0224126
0
0
0.0111192
0.0224143
0
0
0.0335462
0
0
0
0.0335267
0
0
0
0.0335014
0
0
0
0.0335401
0
0
0.0108985
0.0226706
0
0
0.011509
0.022138
0
0
0.00990355
0.0235905
0
0
0.0109992
0.0226827
0
0
0.0335805
0
0
0
0.0334577
0
0
0
0.0332789
0
0
0
0.0334464
0
0
0.0113682
0.0220934
0
0
0.0104623
0.0231416
0
0
0.0113252
0.0221824
0
0
0.0119083
0.0216749
0
0
0.0336666
0
0
0
0.0334808
0
0
0
0.0335261
0
0
0.00254429
0.0311091
0
0
0.0115775
0.0220494
0
0
0.0109756
0.0225705
0
0
0.0110414
0.0225041
0
0
0.0336829
0
0
0
0.0335568
0
0
0
0.0336474
0
0
0
0.0335076
0
0
0.0023739
0.0312389
0
0
0.0106014
0.0230436
0
0
0.011282
0.022273
0
0
0.0116377
0.0218733
0
0
0.0106276
0.0230094
0
0
0.0334954
0
0
0
0.0334975
0
0
0
0.0335079
0
0
0
0.0336227
0
0
0.00857107
0.0250513
0
0
0.0112663
0.0220822
0
0
0.0102908
0.0232407
0
0
0.0111425
0.0223327
0
0
0.0212001
0.0123785
0
0
0.0305002
0.00314628
0
0
0.0334182
0
0
0
0.0335848
0
0
0
0.0336558
0
0
0.010821
0.0229319
0
0
0.0115471
0.0220243
0
0
0.010548
0.0228914
0
0
0.0107985
0.0228507
0
0
0.0227925
0.0109065
0
0
0.0335303
0
0
0
0.0335005
0
0
0
0.0334921
0
0
0
0.0335598
0
0
0.0111732
0.0224495
0
0
0.00994941
0.0236715
0
0
0.0114246
0.0221119
0
0
0.00573114
0.0278591
0
0.00538135
0.0267536
0.00136289
0
0.00500999
0.0285227
0
0
0.00562521
0.0278452
0
0
0.00554196
0.0280262
0
