histogram cpu
/Code/DEFAULT_MODULE/main_drive_routine_,/Machine,/Process,/SyncObject
518 6.4 0  -1
NaN
NaN
NaN
NaN
NaN
NaN
NaN
NaN
NaN
NaN
NaN
NaN
NaN
NaN
NaN
NaN
NaN
NaN
NaN
NaN
NaN
NaN
NaN
NaN
NaN
NaN
NaN
NaN
NaN
NaN
NaN
NaN
NaN
NaN
NaN
NaN
NaN
NaN
NaN
NaN
NaN
NaN
NaN
NaN
NaN
NaN
2.65625e-06
4.53125e-06
4.6875e-07
3.90625e-06
0
4.375e-06
6.25e-07
6.25e-07
3.75e-06
4.21875e-06
4.68749e-07
6.25e-07
3.75e-06
3.29229e-07
4.51452e-06
6.25e-07
3.75e-06
0
4.6875e-06
6.25e-07
3.28125e-06
2.32065e-06
2.36685e-06
6.25e-07
3.4375e-06
2.15868e-06
2.84133e-06
6.25e-07
3.59375e-06
3.29267e-06
1.39482e-06
6.25e-07
3.75e-06
4.21875e-06
6.24996e-07
2.80582e-06
1.56918e-06
3.90624e-06
6.25005e-07
4.375e-06
0
4.37501e-06
4.68744e-07
4.21875e-06
0
4.24349e-06
4.44006e-07
4.375e-06
0
5e-06
0
4.375e-06
0
4.6875e-06
0
4.37501e-06
0
4.53125e-06
0
3.90624e-06
0
4.84375e-06
0
4.53126e-06
0
4.99999e-06
0
4.21875e-06
0
4.84375e-06
0
4.37502e-06
0
5e-06
0
4.6875e-06
0
4.99998e-06
0
4.06251e-06
0
5e-06
1.8897e-07
4.02978e-06
1.12424e-06
4.03202e-06
6.24987e-07
3.59376e-06
1.25386e-06
3.43364e-06
1.72512e-06
2.64988e-06
4.39972e-06
4.44034e-07
1.66276e-06
2.55599e-06
4.33978e-06
5.03974e-07
4.37502e-06
0
4.29043e-06
5.53306e-07
4.37502e-06
0
4.84375e-06
0
4.06249e-06
0
5e-06
0
4.21875e-06
0
4.84375e-06
1.45293e-07
4.07345e-06
0
5.15625e-06
0
4.06249e-06
1.24515e-06
3.9111e-06
1.22062e-07
4.09668e-06
3.28612e-07
4.51514e-06
6.25005e-07
3.59376e-06
1.12922e-06
3.55828e-06
1.63295e-06
2.5858e-06
3.90626e-06
4.68754e-07
1.61356e-06
2.60518e-06
4.30036e-06
5.43394e-07
4.53125e-06
0
4.6875e-06
0
4.06249e-06
0
1.52027e-06
2.65406e-06
8.25674e-07
3.01192e-06
1.20683e-06
2.88324e-06
1.96051e-06
2.96051e-06
1.10198e-06
4.21875e-06
6.25005e-07
3.30703e-06
1.22422e-06
4.47532e-06
2.12184e-07
4.21875e-06
0
4.49796e-06
1.8954e-07
4.375e-06
0
4.84375e-06
0
4.21875e-06
0
4.68754e-06
0
4.53125e-06
0
4.6875e-06
4.19072e-07
3.95592e-06
0
4.6875e-06
3.64641e-07
3.8541e-06
2.75126e-06
1.93624e-06
6.25005e-07
3.59374e-06
2.92886e-06
1.75863e-06
3.34619e-06
1.18505e-06
2.74677e-06
1.94073e-06
3.13006e-06
1.24493e-06
4.48934e-06
1.98157e-07
2.79406e-06
1.11218e-06
5.00669e-06
3.05812e-07
4.8601e-06
9.21154e-07
4.80571e-06
1.94293e-07
4.21875e-06
0
4.53125e-06
2.08005e-07
3.85449e-06
0
4.6875e-06
2.14837e-07
3.84766e-06
1.36129e-06
3.48246e-06
2.06872e-07
4.16813e-06
1.20486e-06
3.79514e-06
1.38985e-06
2.67268e-06
1.4618e-06
3.2257e-06
1.27077e-06
2.94797e-06
1.58637e-06
3.10113e-06
1.73193e-06
2.17431e-06
4.25881e-06
7.41188e-07
4.84375e-06
0
4.37616e-06
3.11338e-07
4.375e-06
0
4.6875e-06
1.78636e-07
4.19636e-06
0
4.84375e-06
2.11982e-07
4.00676e-06
1.14662e-06
3.54088e-06
1.53988e-06
2.99136e-06
1.28885e-06
3.39865e-06
1.37027e-06
2.69222e-06
1.6807e-06
3.31931e-06
1.77085e-06
2.60415e-06
3.23025e-06
1.926e-06
2.0017e-06
2.6858e-06
4.39336e-06
4.50393e-07
4.53125e-06
0
4.37885e-06
3.08654e-07
4.21875e-06
0
5.00004e-06
1.6975e-07
4.049e-06
0
4.84375e-06
2.12925e-07
4.00582e-06
1.49835e-06
3.3454e-06
1.41309e-06
2.80566e-06
1.43526e-06
3.40849e-06
1.4725e-06
3.21496e-06
1.51544e-06
3.01581e-06
1.76422e-06
2.61082e-06
1.7181e-06
3.43815e-06
1.75987e-06
2.45888e-06
4.22374e-06
4.63794e-07
4.21875e-06
0
4.58335e-06
4.1662e-07
4.21875e-06
0
4.68754e-06
1.90073e-07
4.34117e-06
1.35693e-06
3.33053e-06
1.62182e-07
3.74406e-06
1.48772e-06
3.51232e-06
1.2346e-06
2.82786e-06
1.22275e-06
3.3085e-06
1.84609e-06
2.68516e-06
1.66502e-06
3.33502e-06
1.79053e-06
2.42822e-06
4.27218e-06
4.15285e-07
1.74195e-06
2.7893e-06
4.27082e-06
4.16712e-07
4.37496e-06
0
4.41807e-06
6.92981e-07
4.10773e-06
0
4.99997e-06
2.60582e-07
4.11445e-06
1.25646e-06
3.58729e-06
1.97427e-07
4.17761e-06
1.32681e-06
3.36065e-06
1.41916e-06
2.95587e-06
1.48717e-06
3.51279e-06
1.48686e-06
3.04439e-06
1.67458e-06
3.16917e-06
1.79574e-06
2.42301e-06
3.19724e-06
1.64651e-06
1.41454e-06
2.96049e-06
4.37901e-06
3.08449e-07
4.06253e-06
0
4.8772e-06
4.35266e-07
4.21875e-06
0
4.53125e-06
1.60516e-07
4.21452e-06
0
4.68746e-06
2.11766e-07
3.85076e-06
1.54407e-06
3.61218e-06
8.35813e-07
3.69544e-06
1.11395e-06
3.57351e-06
1.39136e-06
2.82746e-06
1.46536e-06
3.5346e-06
1.61528e-06
2.29097e-06
1.66005e-06
3.1837e-06
1.85292e-06
2.36582e-06
4.5282e-06
3.15554e-07
4.37503e-06
0
4.58622e-06
4.13746e-07
4.06253e-06
0
4.37749e-06
5.20231e-07
5.72728e-06
0
4.84375e-06
2.08774e-07
3.85368e-06
0
4.68754e-06
1.82453e-07
4.03629e-06
1.3621e-06
3.48165e-06
1.98245e-07
3.86421e-06
1.50298e-06
3.49706e-06
1.31224e-06
2.594e-06
1.38217e-06
3.46158e-06
1.91462e-06
2.46034e-06
1.67057e-06
3.17318e-06
1.73375e-06
2.32878e-06
4.23543e-06
4.5203e-07
1.71183e-06
2.50699e-06
4.42876e-06
4.1499e-07
4.06246e-06
0
4.73285e-06
4.23407e-07
4.37503e-06
0
5.15625e-06
2.10098e-07
4.32115e-06
0
4.99997e-06
1.85065e-07
4.03368e-06
1.22858e-06
3.77146e-06
1.61144e-06
3.07602e-06
1.01036e-06
3.67718e-06
1.3809e-06
2.99406e-06
1.52755e-06
3.6287e-06
1.94917e-06
2.58208e-06
1.67357e-06
3.32646e-06
1.76475e-06
2.61021e-06
4.42841e-06
4.15345e-07
1.82593e-06
3.11274e-06
3.60386e-06
1.20445e-06
3.37804e-06
8.20836e-07
4.02291e-06
3.2545e-07
3.73701e-06
7.73253e-07
4.22678e-06
7.29846e-07
3.8014e-06
8.16557e-07
4.02719e-06
7.29088e-07
3.48966e-06
7.62046e-07
4.0817e-06
