histogram procedure_calls
/Code/DEFAULT_MODULE/main_interactive_control_,/Machine,/Process,/SyncObject
518 6.4 0  -1
NaN
NaN
NaN
NaN
NaN
NaN
NaN
NaN
NaN
NaN
NaN
NaN
NaN
NaN
NaN
NaN
NaN
NaN
NaN
NaN
NaN
NaN
NaN
NaN
NaN
NaN
NaN
NaN
NaN
NaN
NaN
NaN
NaN
NaN
NaN
NaN
NaN
NaN
NaN
NaN
NaN
NaN
NaN
NaN
NaN
NaN
0
0
0
0.15625
0
0
0
0
0.15625
0
0
0
0.15625
0
0
0
0.15625
0
0
0
0.15625
0
0
0
0.15625
0
0
0
0.15625
0
0
0
0.15625
0
0
0.0918686
0.0643814
0
0
0.15625
0
0
0
0.15625
0
0
0
0.15625
0
0
0
0.15625
0
0
0
0.15625
0
0
0
0.15625
0
0
0
0.15625
0
0
0
0.15625
0
0
0
0.15625
0
0
0
0.15625
0
0
0
0.15625
0
0
0
0.15625
0
0
0
0.15625
0
0
0.0463139
0.109936
0
0
0.0405199
0.11573
0
0
0.15625
0
0
0
0.15625
0
0
0
0.15625
0
0
0
0.15625
0
0
0
0.15625
0
0
0
0.15625
0
0
0
0.15625
0
0
0
0.15625
0
0
0.0442595
0.111991
0
0
0.0434253
0.112825
0
0
0.15625
0
0
0
0.15625
0
0
0
0
0.104309
0.0519411
0
0
0.106621
0.0496287
0
0
0.105722
0.0505283
0
0
0.15625
0
0
0
0.15625
0
0
0
0.15625
0
0
0
0.15625
0
0
0
0.15625
0
0
0
0.15625
0
0
0
0.15625
0
0
0.107347
0.048903
0
0
0.104865
0.0513852
0
0
0.103758
0.0524921
0
0
0.15625
0
0
0
0.15625
0
0
0
0.15625
0
0
0
0.15625
0
0
0
0.15625
0
0
0.0536984
0.102552
0
0
0.0283666
0.127883
0
0
0.0529328
0.103317
0
0
0.15625
0
0
0
0.15625
0
0
0
0.15625
0
0
0
0.15625
0
0
0.0533378
0.102912
0
0
0.0529443
0.103306
0
0
0.0479912
0.108259
0
0
0.0531684
0.103082
0
0
0.15625
0
0
0
0.15625
0
0
0
0.15625
0
0
0
0.15625
0
0
0.0525809
0.103669
0
0
0.0493145
0.106935
0
0
0.0477122
0.108538
0
0
0.0495854
0.106665
0
0
0.15625
0
0
0
0.15625
0
0
0
0.15625
0
0
0
0.15625
0
0
0.0477314
0.108519
0
0
0.0490684
0.107182
0
0
0.0508972
0.105353
0
0
0.0449303
0.11132
0
0
0.15625
0
0
0
0.15625
0
0
0
0.15625
0
0
0
0.15625
0
0
0.0509235
0.105327
0
0
0.051495
0.104755
0
0
0.0511395
0.10511
0
0
0.0331733
0.123077
0
0
0.15625
0
0
0
0.15625
0
0
0
0.15625
0
0
0
0.15625
0
0
0.0524623
0.103788
0
0
0.0517671
0.104483
0
0
0.0473901
0.10886
0
0
0.0536131
0.102637
0
0
0.15625
0
0
0
0.15625
0
0
0
0.15625
0
0
0
0.15625
0
0
0
0.15625
0
0
0
0.15625
0
0
0.0527583
0.103492
0
0
0.0495057
0.106744
0
0
0.0506255
0.105625
0
0
0.0474983
0.108752
0
0
0.15625
0
0
0
0.15625
0
0
0
0.15625
0
0
0
0.15625
0
0
0.0539577
0.102292
0
0
0.0495669
0.106683
0
0
0.053202
0.103048
0
0
0.0477404
0.10851
0
0
0.052454
0.103796
0
0.0264484
0.129802
0
0
0.0126537
0.143596
0
0
0.0252761
0.130974
0
0
0.027124
0.129126
0
0
