histogram cpu
/Code/DEFAULT_MODULE/ldtx32d_,/Machine,/Process,/SyncObject
518 6.4 0  -1
NaN
NaN
NaN
NaN
NaN
NaN
NaN
NaN
NaN
NaN
NaN
NaN
NaN
NaN
NaN
NaN
NaN
NaN
NaN
NaN
NaN
NaN
NaN
NaN
NaN
NaN
NaN
NaN
NaN
NaN
NaN
NaN
NaN
NaN
NaN
NaN
NaN
NaN
NaN
NaN
NaN
NaN
NaN
NaN
NaN
NaN
0
0
0
0
0
0.0338616
0
0
0
0.03405
0
0
0
0.0338705
0
0
0
0.0340272
0
0
0
0.0339772
0
0
0
0.0339717
0
0
0
0.0341875
0
0
0
0.033978
0
0
0
0.0339342
0
0
0
0.033793
0
0
0.0154099
0.0185576
0
0
0.0159282
0.0179678
0
0
0.0341104
0
0
0
0.0338364
0
0
0
0.0339075
0
0
0
0.0338414
0
0
0
0.033851
0
0
0
0.0338645
0
0
0
0.0337836
0
0
0
0.0339658
0
0
0
0.0338587
0
0
0
0.033823
0
0
0
0.0338417
0
0
0
0.0339042
0
0
0.00916493
0.0245013
0
0
0.0201118
0.013798
0
0
0.0337495
0
0
0
0.0337581
0
0
0
0.0338628
0
0
0
0.0337619
0
0
0
0.0339779
0
0
0
0.0339823
0
0
0
0.033712
0
0
0.0086062
0.0251349
0
0
0.00933976
0.0246332
0
0
0.0206936
0.0133456
0
0
0
0
0.0338553
0
0
0
0.0338276
0
0
0.0199935
0.0138421
0
0
0.0209837
0.012865
0
0
0.0292523
0.00451792
0
0
0.0336158
0
0
0
0.033873
0
0
0
0.0337973
0
0
0
0.0338188
0
0
0
0.0340867
0
0
0
0.0338733
0
0
0.00468324
0.0292527
0
0
0.0227055
0.0110088
0
0
0.0230491
0.0107956
0
0
0.0227257
0.0111979
0
0
0.0338633
0
0
0
0.033986
0
0
0
0.0337631
0
0
0
0.0340867
0
0
0.0113034
0.022599
0
0
0.0112804
0.0224922
0
0
0.0112186
0.0226142
0
0
0.0168522
0.0170179
0
0
0.0339693
0
0
0
0.0339837
0
0
0
0.0339094
0
0
0.00993092
0.0240039
0
0
0.0116047
0.0223215
0
0
0.00999768
0.0238142
0
0
0.0110922
0.022874
0
0
0.0169826
0.016939
0
0
0.03381
0
0
0
0.0338851
0
0
0
0.0338189
0
0
0.00446982
0.0294275
0
0
0.0104984
0.023221
0
0
0.0114324
0.0223918
0
0
0.0106457
0.0232358
0
0
0.0339645
0
0
0
0.0337544
0
0
0
0.0340703
0
0
0
0.0339127
0
0
0.0116042
0.0220999
0
0
0.0110473
0.0227176
0
0
0.011118
0.0226597
0
0
0.0106731
0.023244
0
0
0.0337771
0
0
0
0.0339112
0
0
0
0.0338122
0
0
0
0.0338891
0
0
0.00866806
0.0253459
0
0
0.0113827
0.0224713
0
0
0.0117489
0.0220818
0
0
0.0106886
0.0231412
0
0
0.013867
0.0200368
0
0
0.0338256
0
0
0
0.0338206
0
0
0
0.0338525
0
0
0
0.0339362
0
0
0.0114041
0.0223518
0
0
0.0103728
0.0234254
0
0
0.0112472
0.0225421
0
0
0.011507
0.0222617
0
0
0.0113901
0.0223712
0
0
0.0339776
0
0
0
0.0338662
0
0
0
0.0338274
0
0
0
0.033972
0
0
0.0116289
0.02218
0
0
0.0106465
0.0231046
0
0
0.0108786
0.0230197
0
0
0.00931506
0.0245526
0
0
0.0338942
0
0
0
0.0338769
0
0
0
0.0338924
0
0
0
0.0339147
0
0
0
0.0339675
0
0
0.0100262
0.0238537
0
0
0.0115495
0.0223531
0
0
0.00576071
0.0280023
0
0
0.00574652
0.0281691
0
0.00506025
0.0288083
0
0
0.00568865
0.0281587
0
0
0.00557239
0.0281796
0
