histogram procedure_calls
/Code/DEFAULT_MODULE/find_t_,/Machine,/Process,/SyncObject
518 6.4 0  -1
NaN
NaN
NaN
NaN
NaN
NaN
NaN
NaN
NaN
NaN
NaN
NaN
NaN
NaN
NaN
NaN
NaN
NaN
NaN
NaN
NaN
NaN
NaN
NaN
NaN
NaN
NaN
NaN
NaN
NaN
NaN
NaN
NaN
NaN
NaN
NaN
NaN
NaN
NaN
NaN
NaN
NaN
NaN
NaN
NaN
NaN
0
0
0.15625
0
0
0
0.15625
0
0
0
0
0.15625
0
0
0
0.15625
0
0
0
0.15625
0
0
0
0.15625
0
0
0
0.15625
0
0
0.0884729
0.0677771
0
0
0.15625
0
0
0
0.15625
0
0
0
0.15625
0
0
0
0.15625
0
0
0
0.15625
0
0
0
0.15625
0
0
0
0.15625
0
0
0
0.15625
0
0
0
0.15625
0
0
0
0.15625
0
0
0
0.15625
0
0
0
0.15625
0
0
0
0.15625
0
0
0.0394704
0.11678
0
0
0.00365098
0.152599
0
0
0.040045
0.116205
0
0
0.15625
0
0
0
0.15625
0
0
0
0.15625
0
0
0
0.15625
0
0
0
0.15625
0
0
0
0.15625
0
0
0
0.15625
0
0
0.0447643
0.111486
0
0
0.047442
0.108808
0
0
0.15625
0
0
0
0.15625
0
0
0
0.15625
0
0
0
0
0.0978996
0.0583504
0
0
0.0904374
0.0658125
0
0
0.106598
0.0496516
0
0
0.15625
0
0
0
0.15625
0
0
0
0.15625
0
0
0
0.15625
0
0
0
0.15625
0
0
0
0.15625
0
0
0
0.15625
0
0
0.100662
0.0555879
0
0
0.10419
0.0520601
0
0
0.15625
0
0
0
0.15625
0
0
0
0.15625
0
0
0
0.15625
0
0
0
0.15625
0
0
0
0.15625
0
0
0.0530319
0.103218
0
0
0.0536208
0.102629
0
0
0.0450537
0.111196
0
0
0.15625
0
0
0
0.15625
0
0
0
0.15625
0
0
0
0.15625
0
0
0.0389781
0.117272
0
0
0.0537601
0.10249
0
0
0.0528865
0.103364
0
0
0.0506694
0.105581
0
0
0.15625
0
0
0
0.15625
0
0
0
0.15625
0
0
0
0.15625
0
0
0.0500789
0.106171
0
0
0.0518532
0.104397
0
0
0.0519801
0.10427
0
0
0.0535395
0.10271
0
0
0.15625
0
0
0
0.15625
0
0
0
0.15625
0
0
0
0.15625
0
0
0.0373865
0.118864
0
0
0.0516174
0.104633
0
0
0.0528501
0.1034
0
0
0.0523279
0.103922
0
0
0.15625
0
0
0
0.15625
0
0
0
0.15625
0
0
0
0.15625
0
0
0.0543261
0.101924
0
0
0.0439115
0.112338
0
0
0.0535801
0.10267
0
0
0.0525533
0.103697
0
0
0.15625
0
0
0
0.15625
0
0
0
0.15625
0
0
0
0.15625
0
0
0.0531071
0.103143
0
0
0.0503382
0.105912
0
0
0.0542938
0.101956
0
0
0.0528038
0.103446
0
0
0.0523753
0.103875
0
0
0.15625
0
0
0
0.15625
0
0
0
0.15625
0
0
0
0.15625
0
0
0
0.15625
0
0
0.0483399
0.10791
0
0
0.0533588
0.102891
0
0
0.0537726
0.102477
0
0
0.0533929
0.102857
0
0
0.15625
0
0
0
0.15625
0
0
0
0.15625
0
0
0
0.15625
0
0
0.0506797
0.10557
0
0
0.0478358
0.108414
0
0
0.0477082
0.108542
0
0
0.0520064
0.104244
0
0
0.0542146
0.102035
0
0.0263584
0.129892
0
0
0.0266551
0.129595
0
0
0.0259457
0.130304
0
0
0.0262388
0.130011
0
0
0.0202005
