histogram procedure_calls
/Code/DEFAULT_MODULE/ldtx12d_,/Machine,/Process,/SyncObject
518 6.4 0  -1
NaN
NaN
NaN
NaN
NaN
NaN
NaN
NaN
NaN
NaN
NaN
NaN
NaN
NaN
NaN
NaN
NaN
NaN
NaN
NaN
NaN
NaN
NaN
NaN
NaN
NaN
NaN
NaN
NaN
NaN
NaN
NaN
NaN
NaN
NaN
NaN
NaN
NaN
NaN
NaN
NaN
NaN
NaN
NaN
NaN
NaN
0
0
0
0
0.15625
0
0
0
0
0.15625
0
0
0
0.15625
0
0
0
0.15625
0
0
0
0.15625
0
0
0
0.15625
0
0
0
0.15625
0
0
0.0892371
0.0670129
0
0
0.0913079
0.0649421
0
0
0.0875072
0.0687428
0
0
0.15625
0
0
0
0.15625
0
0
0
0.15625
0
0
0
0.15625
0
0
0
0.15625
0
0
0
0.15625
0
0
0
0.15625
0
0
0
0.15625
0
0
0
0.15625
0
0
0
0.15625
0
0
0
0.15625
0
0
0.0452462
0.111004
0
0
0.047979
0.108271
0
0
0.15625
0
0
0
0.15625
0
0
0
0.15625
0
0
0
0.15625
0
0
0
0.15625
0
0
0
0.15625
0
0
0
0.15625
0
0
0
0.15625
0
0
0.0471398
0.10911
0
0
0.0449221
0.111328
0
0
0.0403521
0.115898
0
0
0.15625
0
0
0
0.15625
0
0
0
0
0.102444
0.0538058
0
0
0.106707
0.0495433
0
0
0.0999575
0.0562925
0
0
0.15625
0
0
0
0.15625
0
0
0
0.15625
0
0
0
0.15625
0
0
0
0.15625
0
0
0
0.15625
0
0
0
0.15625
0
0
0.105074
0.051176
0
0
0.101245
0.0550051
0
0
0.105712
0.0505379
0
0
0.10688
0.0493698
0
0
0.15625
0
0
0
0.15625
0
0
0
0.15625
0
0
0
0.15625
0
0
0.0523721
0.103878
0
0
0.0523299
0.10392
0
0
0.0524219
0.103828
0
0
0.15625
0
0
0
0.15625
0
0
0
0.15625
0
0
0
0.15625
0
0
0.0534712
0.102779
0
0
0.0509738
0.105276
0
0
0.0536861
0.102564
0
0
0.0464554
0.109795
0
0
0.15625
0
0
0
0.15625
0
0
0
0.15625
0
0
0
0.15625
0
0
0.0510835
0.105166
0
0
0.0533267
0.102923
0
0
0.0489
0.10735
0
0
0.0530509
0.103199
0
0
0.15625
0
0
0
0.15625
0
0
0
0.15625
0
0
0
0.15625
0
0
0.0506457
0.105604
0
0
0.0540352
0.102215
0
0
0.0513662
0.104884
0
0
0.0516599
0.10459
0
0
0.15625
0
0
0
0.15625
0
0
0
0.15625
0
0
0
0.15625
0
0
0.0518788
0.104371
0
0
0.0494815
0.106769
0
0
0.052763
0.103487
0
0
0.0544971
0.101753
0
0
0.15625
0
0
0
0.15625
0
0
0
0.15625
0
0
0
0.15625
0
0
0.0513111
0.104939
0
0
0.0418243
0.114426
0
0
0.0530149
0.103235
0
0
0.0481995
0.108051
0
0
0.0522389
0.104011
0
0
0.15625
0
0
0
0.15625
0
0
0
0.15625
0
0
0
0.15625
0
0
0
0.15625
0
0
0.0533855
0.102865
0
0
0.0539793
0.102271
0
0
0.0495201
0.10673
0
0
0.050384
0.105866
0
0
0.15625
0
0
0
0.15625
0
0
0
0.15625
0
0
0
0.15625
0
0
0.0487756
0.107474
0
0
0.0527417
0.103508
0
0
0.0464916
0.109758
0
0
0.053453
0.102797
0
0
0.0267822
0.129468
0
0.0265171
0.129733
0
0
0.0234644
0.132786
0
0
0.0263791
0.129871
0
0
0.0259099
0.13034
0
