histogram cpu
/Code/DEFAULT_MODULE/geometry_volume_2d_,/Machine,/Process,/SyncObject
518 6.4 0  -1
NaN
NaN
NaN
NaN
NaN
NaN
NaN
NaN
NaN
NaN
NaN
NaN
NaN
NaN
NaN
NaN
NaN
NaN
NaN
NaN
NaN
NaN
NaN
NaN
NaN
NaN
NaN
NaN
NaN
NaN
NaN
NaN
NaN
NaN
NaN
NaN
NaN
NaN
NaN
NaN
NaN
NaN
NaN
NaN
NaN
NaN
0
0.0960731
0.0966653
0
0
0.0960356
0.0964032
0
0
0.0964993
0.0961144
0
0
0.0961673
0.0960433
0
0
0.0961459
0.095842
0
0
0.0960653
0.0960108
0
0
0.0960885
0.0958
0
0
0.0961955
0.0963342
0
0
0.0960101
0.0960915
0
0
0.096166
0.0961821
0
0
0.0962187
0.0958394
0
0
0.0959809
0.0963999
0
0
0.0959331
0.0959708
0
0
0.107043
0.0853024
0
0
0.115919
0.075975
0
0.000401485
0.12918
0.0626509
0
0.00773965
0.139338
0.0448762
0
0.033413
0.142092
0.0164007
0
0.0532241
0.128939
0.0095436
0
0.0722641
0.117089
0.00316989
0
0.0756696
0.116283
0
0
0.0960594
0.0956839
0
0
0.0956318
0.0958446
0
0
0.0959387
0.0958169
0
0
0.0958717
0.0959781
0
0
0.0991883
0.0925894
0
0.00538136
0.113665
0.0724222
0
0.0226822
0.109133
0.0601336
0
0.027786
0.137399
0.0264531
0
0.065345
0.126313
0
0
0.0892317
0.10235
0
0
0.095908
0.0958019
0
0
0.09637
0.0956511
0
0
0.0958645
0.0961846
0
0
0.0961018
0.0960469
0
0
0.0959933
0.095998
0
0.00503777
0.0912219
0
0.0961429
0
0
0.0959116
0.0956208
0
0
0.095706
0.0958592
0
0
0.0958264
0.0958294
0
0
0.111887
0.0802008
0
0.022838
0.122039
0.0476393
0
0.0391108
0.121594
0.0313468
0
0.0660465
0.113766
0.0121828
0
0.0838052
0.108184
0
0
0.0956756
0.0957268
0
0
0.0959498
0.0959307
0
0
0.0965869
0.0963557
0
0
0.0961006
0.09619
0
0
0.0959653
0.0958478
0
0
0.0957358
0.0962055
0
0
0.137381
0.0547182
0
0.0307241
0.0972793
0.0636577
0
0.0308641
0.131935
0.0290589
0
0.08271
0.109072
0
0
0.095619
0.0959849
0
0
0.0956035
0.0956368
0
0.00478053
0.110518
0.0761205
0
0.0257762
0.102692
0.0639845
0
0.0313964
0.0969783
0.0628418
0
0.0328882
0.103576
0.0552354
0
0.0500687
0.141646
0.000713773
0
0.0887469
0.102515
0
0
0.0959229
0.0959349
0
0
0.10328
0.0880774
0
0.0111022
0.109216
0.0717945
0
0.0237447
0.104897
0.0632661
0
0.0320441
0.0961176
0.0636389
0
0.0320889
0.103973
0.055449
0
0.0380703
0.139305
0.0141025
0
0.0820422
0.1098
0
0
0.0959575
0.0957942
0
0
0.100168
0.0919235
0
0.0097723
0.107328
0.0748174
0
0.0287933
0.0991954
0.063893
0
0.026825
0.0968296
0.0677955
0
0.0319472
0.119548
0.0398193
0
0.0639442
0.12803
0
0
0.0959337
0.0957704
0
0
0.0957954
0.0958383
0
0
0.11148
0.0800843
0
0.0163878
0.111788
0.0640676
0
0.0283325
0.0978632
0.0651817
0
0.0261031
0.0974169
0.0681888
0
0.0284938
0.121736
0.0412184
0
0.0609858
0.128755
0.0022894
0
0.0956821
0.0955188
0
0
0.0956523
0.0955951
0
0
0.10588
0.0859874
0
0.00585369
0.115325
0.0705752
0
0.0257467
0.0994578
0.0668643
0
0.0327584
0.0915843
0.0669989
0
0.032221
0.0960354
0.0634047
0
0.0416868
0.13188
0.0182328
0
0.0956757
0.0955515
0
0
0.0960469
0.0957072
0
0
0.0961494
0.0960183
0
0
0.111488
0.0807522
0
0.0160733
0.112091
0.0635162
0
0.0326144
0.0957272
0.0636831
0
0.0323354
0.0921483
0.067212
0
0.0324771
0.0952358
0.0636848
0
0.0308926
0.127581
0.0329882
0
0.0719297
0.120186
0
0
0.096004
0.0959826
0
0
0.0958419
0.0956583
0
0
0.104592
0.0869419
0
0.0108097
0.114848
0.0661646
0
0.0256431
0.101419
0.0651105
0
0.0286033
0.100841
0.0626521
0
0.032125
0.120406
0.0391794
0
0.0527025
0.121438
0.0177743
0
0.0933461
0.0988312
0
0
0.0958109
0.0961423
0
0
0.0959826
0.0957179
0
0
0.112175
0.0793947
0
0.0163273
0.0954494
0.0794469
0
0.0161639
0.0955073
0.0793426
0
0.0148366
0.097038
0.0801548
0.00150834
0.0325958
0.129922
0.0276792
0.013421
0.0863863
0.0918216
