histogram cpu_inclusive
/Code/DEFAULT_MODULE/geometry_volume_2d_,/Machine,/Process,/SyncObject
518 6.4 0  -1
NaN
NaN
NaN
NaN
NaN
NaN
NaN
NaN
NaN
NaN
NaN
NaN
NaN
NaN
NaN
NaN
NaN
NaN
NaN
NaN
NaN
NaN
NaN
NaN
NaN
NaN
NaN
NaN
NaN
NaN
NaN
NaN
NaN
NaN
NaN
NaN
NaN
NaN
NaN
NaN
NaN
NaN
NaN
NaN
NaN
NaN
0
0.196037
0.197114
0
0
0.195861
0.196777
0
0
0.196546
0.196122
0
0
0.196345
0.196289
0
0
0.196429
0.19562
0
0
0.195981
0.196219
0
0
0.196374
0.195811
0
0
0.196279
0.196511
0
0
0.19577
0.196109
0
0
0.196295
0.196307
0
0
0.196389
0.195678
0
0
0.196148
0.196715
0
0
0.196153
0.195876
0
0
0.218054
0.174636
0
0
0.236249
0.15534
0
0.000516929
0.267946
0.123938
0
0.0156838
0.284399
0.0918263
0
0.0691603
0.289367
0.0335949
0
0.111292
0.260569
0.0194645
0
0.147455
0.238712
0.00640296
0
0.154337
0.237691
0
0
0.195981
0.195747
0
0
0.195581
0.19595
0
0
0.195991
0.195574
0
0
0.195847
0.195913
0
0
0.202557
0.189419
0
0.0107808
0.231646
0.148892
0
0.0450463
0.223645
0.123361
0
0.0570434
0.280179
0.0545173
0
0.133029
0.258457
0
0
0.1821
0.209031
0
0
0.195805
0.195786
0
0
0.196402
0.195417
0
0
0.195777
0.196069
0
0
0.196069
0.19605
0
0
0.195854
0.195982
0
0.00924014
0.187338
0
0.19635
0
0
0.195922
0.195569
0
0
0.195458
0.195907
0
0
0.195814
0.195973
0
0
0.226534
0.165479
0
0.0288217
0.262489
0.101624
0
0.0798186
0.248748
0.0637117
0
0.134985
0.231799
0.0249432
0
0.171115
0.220826
0
0
0.195519
0.195624
0
0
0.195895
0.195743
0
0
0.196947
0.196161
0
0
0.19619
0.196432
0
0
0.195856
0.195621
0
0
0.195595
0.196162
0
0
0.255488
0.136794
0
0.0628597
0.198636
0.129933
0
0.0632477
0.268908
0.0596444
0
0.168517
0.223465
0
0
0.195348
0.195982
0
0
0.195599
0.19588
0
0.00270212
0.232639
0.155584
0
0.0492368
0.213178
0.130332
0
0.0642503
0.198079
0.128255
0
0.0673687
0.210859
0.113504
0
0.10146
0.289169
0.00175554
0
0.181299
0.209743
0
0
0.195806
0.196109
0
0
0.207035
0.184083
0
0.0154714
0.225098
0.151836
0
0.0481053
0.214894
0.128975
0
0.0655946
0.19629
0.129744
0
0.0657091
0.211726
0.114193
0
0.0771168
0.285014
0.0291471
0
0.167083
0.224634
0
0
0.195894
0.195785
0
0
0.203936
0.188089
0
0.0195288
0.21959
0.152574
0
0.0579464
0.203517
0.130394
0
0.0549114
0.19769
0.138379
0
0.0654491
0.243475
0.0822614
0
0.129788
0.262136
0
0
0.195949
0.195708
0
0
0.195613
0.195878
0
0
0.224495
0.167148
0
0.0313311
0.230218
0.130559
0
0.0580599
0.200108
0.13332
0
0.0535526
0.199042
0.138834
0
0.0584038
0.247703
0.0850215
0
0.123724
0.263289
0.00497513
0
0.195379
0.195041
0
0
0.195487
0.195174
0
0
0.213159
0.178364
0
0.0108571
0.236706
0.144166
0
0.0518915
0.203906
0.136427
0
0.0670535
0.187116
0.136789
0
0.065965
0.196163
0.129351
0
0.0843471
0.269572
0.0377355
0
0.194922
0.195663
0
0
0.196009
0.195565
0
0
0.196168
0.19608
0
0
0.22619
0.166108
0
0.0324439
0.229356
0.129562
0
0.0667432
0.195337
0.12968
0
0.0662008
0.188274
0.137206
0
0.0665118
0.194519
0.12979
0
0.0633175
0.259854
0.0683929
0
0.146205
0.245884
0
0
0.195837
0.195999
0
0
0.195742
0.195808
0
0
0.211784
0.179514
0
0.0216146
0.232562
0.137593
0
0.0511031
0.208305
0.13268
0
0.0584454
0.205547
0.127648
0
0.0656711
0.24474
0.0812822
0
0.106582
0.248766
0.0367933
0
0.190007
0.202087
0
0
0.195794
0.19609
0
0
0.195813
0.195565
0
0
0.228967
0.162917
0
0.0334239
0.195052
0.162697
0
0.0331517
0.195368
0.162053
0
0.0303697
0.198143
0.1635
0.00283258
0.0653058
0.265988
0.0574336
0.025558
0.177932
0.188151
