histogram cpu_inclusive
/Code/DEFAULT_MODULE/find_t_,/Machine,/Process,/SyncObject
518 6.4 0  -1
NaN
NaN
NaN
NaN
NaN
NaN
NaN
NaN
NaN
NaN
NaN
NaN
NaN
NaN
NaN
NaN
NaN
NaN
NaN
NaN
NaN
NaN
NaN
NaN
NaN
NaN
NaN
NaN
NaN
NaN
NaN
NaN
NaN
NaN
NaN
NaN
NaN
NaN
NaN
NaN
NaN
NaN
NaN
NaN
NaN
NaN
0
0
0.0950829
0.077442
0
0
0.0141185
0.159396
0
0
0
0.172658
0
0
0
0.172831
0
0
0
0.172661
0
0
0
0.172273
0
0
0
0.172513
0
0
0.0239895
0.148719
0
0
0.0547612
0.11754
0
0
0.12217
0.0501275
0
0
0.144213
0.0279527
0
0
0.15987
0.0125281
0
0
0.172353
0
0
0
0.173314
0
0
0
0.172462
0
0
0
0.172579
0
0
0
0.172398
0
0
0
0.172756
0
0
0
0.172589
0
0
0
0.172319
0
0
0
0.172301
0
0
0.00310458
0.169286
0
0
0.00212558
0.170449
0
0
0.0438514
0.12827
0
0
0.111919
0.0601972
0
0
0.172095
0
0
0
0.172035
0
0
0
0.172204
0
0
0
0.172345
0
0
0
0.172479
0
0
0
0.172556
0
0
0.00772015
0.164597
0
0
0.0371541
0.135223
0
0
0.0391333
0.133094
0
0
0.120512
0.0522583
0
0
0.17214
0
0
0
0
0.0234974
0.149088
0
0
0.0690709
0.103033
0
0
0.117107
0.0549561
0
0
0.143877
0.0285378
0
0
0.17216
0
0
0
0.172651
0
0
0
0.171921
0
0
0
0.172206
0
0
0
0.172244
0
0
0
0.171952
0
0
0.0310319
0.141161
0
0
0.103988
0.0685603
0
0
0.123728
0.0488278
0
0
0.155091
0.0171963
0
0
0.151708
0.0200874
0
0
0.171871
0
0
0
0.172113
0
0
0
0.172837
0
0
0.0458028
0.126844
0
0
0.0589416
0.113212
0
0
0.0495256
0.122716
0
0
0.0689957
0.103204
0
0
0.164798
0.0077377
0
0
0.172224
0
0
0
0.172075
0
0
0.00602421
0.166491
0
0
0.0543351
0.117921
0
0
0.0581812
0.114082
0
0
0.0557587
0.116611
0
0
0.102886
0.0697457
0
0
0.163663
0.0086506
0
0
0.172362
0
0
0
0.172502
0
0
0.00977329
0.162731
0
0
0.0527993
0.119533
0
0
0.0570964
0.114934
0
0
0.0589071
0.113415
0
0
0.0918953
0.080405
0
0
0.172071
0
0
0
0.171993
0
0
0
0.1724
0
0
0.0175727
0.153774
0
0
0.0567975
0.115548
0
0
0.0580693
0.114026
0
0
0.0574934
0.11458
0
0
0.123059
0.0490665
0
0
0.171942
0
0
0
0.172238
0
0
0
0.17189
0
0
0.0279424
0.144026
0
0
0.0482247
0.123879
0
0
0.0589515
0.113317
0
0
0.0577324
0.114295
0
0
0.0847794
0.0875281
0
0
0.16899
0.00318848
0
0
0.172096
0
0
0
0.171713
0
0
0.00706227
0.165618
0
0
0.0423463
0.129484
0
0
0.0598206
0.112722
0
0
0.058099
0.114212
0
0
0.0577096
0.114828
0
0
0.129221
0.0432211
0
0
0.172278
0
0
0
0.17197
0
0
0
0.172195
0
0
0
0.172305
0
0
0.0315824
0.141189
0
0
0.0587053
0.113686
0
0
0.0591396
0.113063
0
0
0.05872
0.113481
0
0
0.108785
0.0634887
0
0
0.170869
0.00103894
0
0
0.172367
0
0
0
0.172814
0
0
0.00810624
0.164075
0
0
0.0378101
0.134807
0
0
0.0524334
0.119739
0
0
0.0571685
0.114996
0
0
0.0596659
0.112689
0
0.020685
0.110533
0.0410355
0
0.0293219
0.142974
0
0
0.0285655
0.143842
0
0
0.0288267
0.143226
0
0
0.0222084
