histogram cpu_inclusive
/Code/DEFAULT_MODULE/rnvem2d_,/Machine,/Process,/SyncObject
518 6.4 0  -1
NaN
NaN
NaN
NaN
NaN
NaN
NaN
NaN
NaN
NaN
NaN
NaN
NaN
NaN
NaN
NaN
NaN
NaN
NaN
NaN
NaN
NaN
NaN
NaN
NaN
NaN
NaN
NaN
NaN
NaN
NaN
NaN
NaN
NaN
NaN
NaN
NaN
NaN
NaN
NaN
NaN
NaN
NaN
NaN
NaN
NaN
0
0
0
0.351906
0
0
0
0.351932
0
0
0
0.35171
0
0
0
0.351905
0
0
0
0.350876
0
0
0
0.350486
0
0
0
0.351045
0
0
0
0.351181
0
0
0
0.350418
0
0
0
0.351236
0
0
0.0321034
0.318741
0
0
0.046502
0.304547
0
0
0.116907
0.234367
0
0
0.16128
0.190303
0
0
0.209892
0.141143
0
0
0.243417
0.108163
0
0
0.301441
0.0493927
0
0
0.329168
0.0224109
0
0
0.351353
0
0
0
0.351257
0
0
0
0.350801
0
0
0
0.350628
0
0
0
0.350778
0
0
0.0150225
0.335802
0
0
0.0459541
0.305319
0
0
0.0806181
0.27001
0
0
0.182752
0.16775
0
0
0.237165
0.113523
0
0
0.345341
0.00451306
0
0
0.350915
0
0
0
0.351093
0
0
0
0.350597
0
0
0
0.350949
0
0
0.0134142
0.336946
0
0
0.0382985
0.31213
0
0
0.0818764
0.269047
0
0
0
0
0.350817
0
0
0
0.350654
0
0
0.0388518
0.312805
0
0
0.101355
0.248914
0
0
0.171248
0.180087
0
0
0.250738
0.100241
0
0
0.300795
0.0496399
0
0
0.338963
0.0117186
0
0
0.350749
0
0
0
0.350971
0
0
0
0.350612
0
0
0
0.350622
0
0
0.0520404
0.299287
0
0
0.132181
0.218737
0
0
0.12503
0.225449
0
0
0.146703
0.204208
0
0
0.239864
0.110926
0
0
0.324875
0.0259632
0
0
0.350059
0
0
0.0285653
0.322817
0
0
0.0584306
0.292971
0
0
0.113507
0.237054
0
0
0.117278
0.233073
0
0
0.20062
0.14981
0
0
0.274537
0.0762153
0
0
0.346307
0.00411061
0
0
0.350814
0
0
0.0391266
0.312441
0
0
0.0791747
0.271284
0
0
0.0919467
0.258655
0
0
0.116884
0.233071
0
0
0.194938
0.15589
0
0
0.265147
0.0857906
0
0
0.350013
0
0
0
0.350308
0
0
0.0373376
0.313395
0
0
0.0811746
0.269353
0
0
0.11947
0.230807
0
0
0.130412
0.220469
0
0
0.218944
0.131729
0
0
0.334204
0.0170603
0
0
0.350022
0
0
0.0089762
0.341888
0
0
0.0571882
0.293673
0
0
0.100255
0.250177
0
0
0.117533
0.233026
0
0
0.144734
0.205777
0
0
0.217561
0.132733
0
0
0.312743
0.0380854
0
0
0.350666
0
0
0.00349675
0.347918
0
0
0.0456175
0.304646
0
0
0.0819962
0.269008
0
0
0.118462
0.232207
0
0
0.11611
0.234676
0
0
0.197674
0.153368
0
0
0.260645
0.0901686
0
0
0.345696
0.00510567
0
0
0.350506
0
0
0.0221133
0.328729
0
0
0.0601891
0.290298
0
0
0.099518
0.251422
0
0
0.110779
0.240333
0
0
0.150003
0.200522
0
0
0.168552
0.181568
0
0
0.259837
0.0907119
0
0
0.330411
0.0206075
0
0
0.3509
0
0
0.0120904
0.339196
0
0
0.0563318
0.294024
0
0
0.0907297
0.260323
0
0
0.111356
0.239208
0
0
0.120249
0.230529
0
0
0.194708
0.15654
0
0
0.283211
0.0673813
0
0
0.345095
0.00528225
0
0
0.35079
0
0
0.0171284
0.333724
0
0
0.0597347
0.291139
0
0
0.107208
0.243554
0
0
0.0593896
0.291906
0
0.0151277
0.166304
0.170465
0
0.0328545
0.196497
0.121405
0
0.0546701
0.275394
0.0204492
0
0.0452846
