histogram cpu_inclusive
/Code/DEFAULT_MODULE/rbcve2d_,/Machine,/Process,/SyncObject
518 6.4 0  -1
NaN
NaN
NaN
NaN
NaN
NaN
NaN
NaN
NaN
NaN
NaN
NaN
NaN
NaN
NaN
NaN
NaN
NaN
NaN
NaN
NaN
NaN
NaN
NaN
NaN
NaN
NaN
NaN
NaN
NaN
NaN
NaN
NaN
NaN
NaN
NaN
NaN
NaN
NaN
NaN
NaN
NaN
NaN
NaN
NaN
NaN
0
0
0
3.8125e-05
0
0
0
4.17187e-05
0
0
0
3.70312e-05
0
0
0
3.6875e-05
0
0
0
3.6875e-05
0
0
0
3.65625e-05
0
0
0
3.73437e-05
0
0
0
3.75e-05
0
0
0
3.73437e-05
0
0
0
3.6875e-05
0
0
0
3.70312e-05
0
0
0
3.6875e-05
0
0
0
3.70312e-05
0
0
0
3.71875e-05
0
0
0
3.70312e-05
0
0
0
3.70313e-05
0
0
2.12183e-05
1.53442e-05
0
0
1.50949e-05
2.22489e-05
0
0
3.71875e-05
0
0
0
3.67188e-05
0
0
0
3.65625e-05
0
0
0
3.70313e-05
0
0
0
3.64062e-05
0
0
0
3.68751e-05
0
0
0
3.6875e-05
0
0
0
3.70312e-05
0
0
1.06616e-05
2.59009e-05
0
0
1.12002e-05
2.58311e-05
0
0
8.61154e-06
2.81072e-05
0
0
3.73437e-05
0
0
0
3.67188e-05
0
0
0
3.6875e-05
0
0
0
3.70312e-05
0
0
0
3.70313e-05
0
0
0
3.70313e-05
0
0
0
3.71876e-05
0
0
0
0
3.71874e-05
0
0
0
3.6875e-05
0
0
0
3.78126e-05
0
0
0
3.6875e-05
0
0
0
3.67187e-05
0
0
0
3.71876e-05
0
0
2.50903e-05
1.17847e-05
0
0
2.50063e-05
1.21812e-05
0
0
3.65626e-05
0
0
0
3.71874e-05
0
0
0
3.70313e-05
0
0
0
3.67188e-05
0
0
0
3.73437e-05
0
0
0
3.75e-05
0
0
0
3.70313e-05
0
0
1.22026e-05
2.43598e-05
0
0
1.255e-05
2.38563e-05
0
0
1.22414e-05
2.46336e-05
0
0
3.71876e-05
0
0
0
3.6875e-05
0
0
0
3.71874e-05
0
0
0
3.71876e-05
0
0
1.26521e-05
2.51603e-05
0
0
1.05771e-05
2.62981e-05
0
0
1.27007e-05
2.4643e-05
0
0
1.25669e-05
2.43081e-05
0
0
3.78124e-05
0
0
0
3.75e-05
0
0
0
3.65626e-05
0
0
0
3.67187e-05
0
0
1.21539e-05
2.42524e-05
0
0
1.00116e-05
2.67073e-05
0
0
1.27552e-05
2.45885e-05
0
0
3.68748e-05
0
0
0
3.71877e-05
0
0
0
3.71874e-05
0
0
0
3.67188e-05
0
0
1.24651e-05
2.40972e-05
0
0
1.23164e-05
2.44025e-05
0
0
1.12519e-05
2.56233e-05
0
0
9.68957e-06
2.74979e-05
0
0
3.73437e-05
0
0
0
3.67188e-05
0
0
0
3.70311e-05
0
0
0
3.75e-05
0
0
1.24627e-05
2.47247e-05
0
0
1.27595e-05
2.44282e-05
0
0
1.23863e-05
2.46449e-05
0
0
1.1781e-05
2.54064e-05
0
0
3.70314e-05
0
0
0
3.71874e-05
0
0
0
3.65626e-05
0
0
0
3.71874e-05
0
0
1.24517e-05
2.44234e-05
0
0
1.25623e-05
2.54063e-05
0
0
9.54997e-06
2.74815e-05
0
0
1.2371e-05
2.40353e-05
0
0
1.23614e-05
2.45134e-05
0
0
3.67188e-05
0
0
0
3.67188e-05
0
0
0
3.67186e-05
0
0
0
3.68751e-05
0
0
1.44866e-05
3.14509e-05
0
0
1.2758e-05
2.50546e-05
0
0
1.23552e-05
2.45196e-05
0
0
1.08486e-05
2.61825e-05
0
0
1.16832e-05
2.50357e-05
0
0
3.65626e-05
0
0
0
3.70311e-05
0
0
0
3.67188e-05
0
0
0
3.75e-05
0
0
1.17576e-05
2.52735e-05
0
0
1.26357e-05
2.42394e-05
0
0
1.24323e-05
2.44429e-05
0
0
1.10028e-05
2.60284e-05
0
0
1.26595e-05
2.40593e-05
0
0
3.70311e-05
0
0
0
3.65626e-05
0
0
0
3.67186e-05
0
0
0
3.70314e-05
0
0
6.28419e-06
3.09032e-05
0
0
3.01271e-06
3.4331e-05
0
0
5.95571e-06
3.09194e-05
0
0
6.44498e-06
3.07424e-05
0
4.82082e-06
