histogram cpu
/Code/DEFAULT_MODULE/ldtx42d_,/Machine,/Process,/SyncObject
518 6.4 0  -1
NaN
NaN
NaN
NaN
NaN
NaN
NaN
NaN
NaN
NaN
NaN
NaN
NaN
NaN
NaN
NaN
NaN
NaN
NaN
NaN
NaN
NaN
NaN
NaN
NaN
NaN
NaN
NaN
NaN
NaN
NaN
NaN
NaN
NaN
NaN
NaN
NaN
NaN
NaN
NaN
NaN
NaN
NaN
NaN
NaN
NaN
0
0
0
0
0
0.0338044
0
0
0
0.0336659
0
0
0
0.0338323
0
0
0
0.0336302
0
0
0
0.0336314
0
0
0
0.0337686
0
0
0
0.0338187
0
0
0
0.0337364
0
0
0
0.0336411
0
0
0
0.0335835
0
0
0
0.0336609
0
0
0.00433394
0.029224
0
0
0.015841
0.0179094
0
0
0.0212719
0.0124007
0
0
0.0335422
0
0
0
0.0336048
0
0
0
0.0337831
0
0
0
0.0335864
0
0
0
0.0338916
0
0
0
0.0337736
0
0
0
0.0335938
0
0
0
0.0335837
0
0
0
0.0335319
0
0
0
0.0336035
0
0
0.00911144
0.0243572
0
0
0.00982132
0.0236561
0
0
0.033427
0
0
0
0.033581
0
0
0
0.0336225
0
0
0
0.0334608
0
0
0
0.0335822
0
0
0
0.0335219
0
0
0
0.0336228
0
0
0.00241774
0.031191
0
0
0.00921152
0.0242938
0
0
0.00879926
0.0246985
0
0
0
0
0.0335094
0
0
0
0.0334579
0
0
0
0.0336024
0
0
0.0208875
0.0128055
0
0
0.0231734
0.0103827
0
0
0.0338526
0
0
0
0.033554
0
0
0
0.0335237
0
0
0
0.0335205
0
0
0
0.0336055
0
0
0
0.0334784
0
0
0
0.0335029
0
0
0.0188024
0.0148358
0
0
0.0105313
0.0230175
0
0
0.0225429
0.0111073
0
0
0.0234396
0.0101522
0
0
0.033603
0
0
0
0.0335464
0
0
0
0.0335717
0
0
0.0105053
0.0231621
0
0
0.0112563
0.0224438
0
0
0.0110873
0.0223491
0
0
0.0110296
0.0225035
0
0
0.03364
0
0
0
0.0337246
0
0
0
0.033589
0
0
0
0.0335428
0
0
0.0115474
0.0222109
0
0
0.00989695
0.0235737
0
0
0.0109842
0.0226509
0
0
0.0112402
0.0224263
0
0
0.0334628
0
0
0
0.0334527
0
0
0
0.0335769
0
0
0
0.0337215
0
0
0.0104526
0.0231192
0
0
0.0113676
0.0222646
0
0
0.0105528
0.0230325
0
0
0.0194931
0.0142394
0
0
0.0335586
0
0
0
0.0335017
0
0
0
0.0335795
0
0
0.00320957
0.0304498
0
0
0.0109248
0.0224652
0
0
0.0110564
0.0225338
0
0
0.00993453
0.0236059
0
0
0.0274292
0.00636392
0
0
0.0335029
0
0
0
0.0335604
0
0
0
0.0336197
0
0
0
0.0335637
0
0
0.0112611
0.0222308
0
0
0.0116799
0.0219517
0
0
0.0106144
0.02298
0
0
0.0115221
0.022044
0
0
0.0335711
0
0
0
0.033575
0
0
0
0.0336546
0
0
0
0.0336692
0
0
0.00484802
0.0288742
0
0
0.0102987
0.0232575
0
0
0.0111524
0.0223517
0
0
0.0114442
0.0221397
0
0
0.0113499
0.0222919
0
0
0.0240492
0.00953415
0
0
0.0336781
0
0
0
0.0335521
0
0
0
0.0337726
0
0
0.00150823
0.0320078
0
0
0.010592
0.0229859
0
0
0.010748
0.0227429
0
0
0.00923334
0.0243366
0
0
0.0122186
0.0214333
0
0
0.0335646
0
0
0
0.0336075
0
0
0
0.0335252
0
0
0
0.033595
0
0
0.00609686
0.0274406
0
0
0.0114732
0.022205
0
0
0.00571812
0.0277949
0
0
0.00569681
0.027925
0
0.00492953
0.0286306
0
0
0.00564665
0.0279504
0
0
0.00553729
0.0280016
0
