histogram cpu
/Code/DEFAULT_MODULE/lagrangian_control_,/Machine,/Process,/SyncObject
518 6.4 0  -1
NaN
NaN
NaN
NaN
NaN
NaN
NaN
NaN
NaN
NaN
NaN
NaN
NaN
NaN
NaN
NaN
NaN
NaN
NaN
NaN
NaN
NaN
NaN
NaN
NaN
NaN
NaN
NaN
NaN
NaN
NaN
NaN
NaN
NaN
NaN
NaN
NaN
NaN
NaN
NaN
NaN
NaN
NaN
NaN
NaN
NaN
3.125e-06
0.000834375
0
1.25001e-06
2.96874e-06
0.000845625
0
0
4.37503e-06
0.000839219
0
0
2.40013e-06
0.000832335
5.7736e-07
0
2.34373e-06
0.00082226
1.1775e-06
0
3.46618e-06
0.000835315
2.81422e-07
0
3.6409e-06
0.00082448
3.17226e-07
0
3.80754e-06
0.000837286
0
0
4.68746e-06
0.000859843
0
8.16875e-07
3.87117e-06
0.000826406
0
1.51141e-06
2.86347e-06
0.000856562
0
2.19843e-06
2.48904e-06
0.000833594
0
2.81259e-06
2.03028e-06
0.000827969
0
2.18744e-06
2.34344e-06
0.000841563
0
2.18744e-06
2.34344e-06
0.000846407
0
2.49944e-06
4.50164e-05
0.000792797
0
2.34344e-06
0.000293131
0.000538744
0
2.81259e-06
0.000573861
0.000268952
0
2.34344e-06
0.000819843
4.21889e-06
0
2.34344e-06
0.000836593
4.18824e-06
0
2.5006e-06
0.000830414
3.33549e-06
0
2.94128e-06
0.000817227
1.39419e-06
0
3.08186e-06
0.000827416
4.39556e-07
4.12081e-07
3.96281e-06
0.000836094
0
6.40422e-07
4.20246e-06
0.000817969
0
1.77247e-06
2.76075e-06
0.000830623
0
2.5006e-06
0.000243957
0.000588075
0
2.34228e-06
0.000235807
0.00058935
0
2.18861e-06
0.000401442
0.000433244
0
2.5006e-06
0.000821301
3.54357e-06
0
2.34228e-06
0.000837806
3.28748e-06
0
3.07943e-06
0.000823005
1.72906e-06
0
3.153e-06
0.000829677
4.52433e-07
4.37681e-07
4.56119e-06
0.000834218
0
6.87049e-07
3.68784e-06
0.000830158
0
1.87902e-06
2.80786e-06
0.00083047
0
2.81259e-06
0.000218212
0.000611814
1.13703e-06
8.60635e-08
9.33554e-07
2.73408e-06
0.000822541
1.98478e-07
9.55011e-07
3.26388e-06
0.000835781
0
1.78836e-06
2.74252e-06
0.000820782
0
2.20193e-06
2.48495e-06
0.000878908
0
2.34228e-06
0.000563522
0.000256636
0
2.34228e-06
0.0005154
0.00031585
0
2.3446e-06
0.000569706
0.000260763
0
2.65427e-06
0.000820596
2.0622e-06
0
4.23543e-06
0.00083513
1.41383e-06
0
3.78397e-06
0.000835331
5.74429e-07
1.06646e-06
3.00165e-06
0.000845678
2.5363e-07
1.56387e-06
2.80869e-06
0.000815471
0
1.54758e-06
3.14163e-06
0.000816248
0
1.68071e-06
2.85017e-06
0.000824844
0
1.99917e-06
2.53171e-06
0.000830623
0
2.34693e-06
0.000269549
0.000567482
0
3.08064e-06
0.000273808
0.00057217
0
3.08922e-06
0.000822422
3.39866e-06
5.33418e-07
2.64454e-06
0.00081761
1.3975e-06
4.2044e-07
2.65129e-06
0.000821255
5.17688e-07
7.89784e-07
0.00027534
0.000546056
0
1.82466e-06
0.000272136
0.000547605
0
2.5006e-06
0.000270152
0.000548597
0
2.5006e-06
0.000286562
0.000544531
0
3.1538e-06
0.000829728
3.36653e-06
5.31447e-07
2.6606e-06
0.000835217
3.31049e-06
7.89651e-07
2.36417e-06
0.000831954
1.141e-06
7.15281e-07
2.37537e-06
0.00084269
0
8.47e-07
0.000247112
0.000584853
0
1.70833e-06
0.00027413
0.000564788
0
2.5006e-06
0.000276274
0.000549194
0
2.34228e-06
0.000278931
0.000549038
0
3.03914e-06
0.000835597
3.08399e-06
4.70804e-07
2.63512e-06
0.000828904
2.99016e-06
7.85122e-07
2.4588e-06
0.000835089
1.35163e-06
7.12542e-07
3.97667e-06
0.000832239
4.1928e-07
6.89274e-07
0.000278159
0.000542713
0
1.71255e-06
0.000258291
0.000562964
0
2.34228e-06
0.000234781
0.000599907
0
3.23385e-06
0.00028064
0.000557064
0
3.13218e-06
0.000822101
3.36006e-06
4.75214e-07
2.63041e-06
0.000817101
1.20144e-06
7.31799e-07
2.36376e-06
0.000818256
5.21928e-07
7.60777e-07
3.61644e-06
0.000829375
0
7.58489e-07
0.000271627
0.000550424
0
1.7312e-06
0.000249264
0.000587913
0
2.5006e-06
0.000228853
0.000607083
0
3.40252e-06
0.000253498
0.000594817
0
2.85341e-06
0.000815708
3.15848e-06
3.34394e-06
8.68041e-06
0.000818511
1.34049e-06
7.682e-07
2.26344e-06
0.000819906
1.12455e-06
9.15767e-07
3.92711e-06
0.000844062
0
5.25999e-07
0.000287102
0.000536746
0
1.56553e-06
0.000259774
0.00056085
0
2.5006e-06
0.00028496
0.000543633
0
2.65427e-06
0.000277257
0.000543992
0
3.18368e-06
0.000824409
3.19339e-06
0
3.10439e-06
0.000835859
3.22222e-06
4.1132e-07
2.31709e-06
0.000823158
1.14615e-06
7.52737e-07
2.42889e-06
0.000843902
4.10238e-07
8.01525e-07
3.57569e-06
0.000883751
0
1.46517e-06
0.000273115
0.000546352
0
2.34693e-06
0.000280768
0.000541422
0
1.7205e-06
0.000279246
0.000544968
0
2.50526e-06
0.000286381
0.00055533
0
3.23978e-06
0.000428536
0.000410726
0
3.38093e-06
0.000828177
2.97207e-06
4.72189e-07
2.61907e-06
0.000830701
1.37174e-06
7.36855e-07
2.40775e-06
0.000844112
1.33651e-06
8.04631e-07
3.87992e-06
0.000828905
0
7.54358e-07
0.00026704
0.000561427
0
1.71798e-06
0.000226999
0.000595969
0
2.34693e-06
0.000245321
0.00057483
0
2.65427e-06
0.000277618
0.000548008
0
2.94141e-06
0.000825767
3.48379e-06
4.83211e-07
2.64304e-06
0.00082417
3.63935e-06
4.93565e-07
2.73778e-06
0.000817972
1.13624e-06
7.4154e-07
2.09447e-06
0.000821593
4.1523e-07
7.12881e-07
3.66434e-06
0.000832658
0
8.33642e-07
0.000143872
0.000681694
2.63486e-07
1.80283e-06
0.000140855
0.000678644
2.12382e-07
2.72285e-06
0.000129603
0.00070012
4.01819e-07
0.000139495
0.00068115
3.63968e-06
4.58489e-07
0.000139232
0.000694013
3.95581e-06
