histogram cpu_inclusive
/Code/DEFAULT_MODULE/lmove2d_,/Machine,/Process,/SyncObject
518 6.4 0  -1
NaN
NaN
NaN
NaN
NaN
NaN
NaN
NaN
NaN
NaN
NaN
NaN
NaN
NaN
NaN
NaN
NaN
NaN
NaN
NaN
NaN
NaN
NaN
NaN
NaN
NaN
NaN
NaN
NaN
NaN
NaN
NaN
NaN
NaN
NaN
NaN
NaN
NaN
NaN
NaN
NaN
NaN
NaN
NaN
NaN
NaN
0
0.00355219
0
0
0
0.00352484
0
0
0
0.00348797
0
0
0
0.00349844
0
0
0
0.00349453
0
0
0
0.00347859
0
0
0
0.00351328
0
0
0
0.00348156
0
0
0
0.0034775
0
0
0
0.00348719
0
0
0
0.00353641
0
0
0
0.00347953
0
0
0
0.00348719
0
0
0
0.0034725
0
0
0
0.00347922
0
0
0.000209651
0.00326941
0
0
0.00124863
0.00223153
0
0
0.00294264
0.000617356
0
0
0.00348391
0
0
0
0.00351875
0
0
0
0.00350235
0
0
0
0.00348672
0
0
0
0.00350406
0
0
0
0.00348313
0
0
0
0.0034936
0
0
0
0.00350156
0
0
0.00103488
0.00247278
0
0
0.00100069
0.0024818
0
0
0.0031398
0.000400366
0
0
0.00348375
0
0
0
0.00348953
0
0
0
0.00349016
0
0
0
0.00347578
0
0
0
0.00349641
0
0
0
0.00348781
0
0
0
0.00346688
0
0
0.000921501
0.00256569
0
0
0
0
0.00349093
0
0
0
0.00348078
0
0
0
0.00349906
0
0
0
0.00356813
0
0
0.00240442
0.00106901
0
0
0.00217124
0.00130423
0
0
0.00238668
0.00107941
0
0
0.00349265
0
0
0
0.00355609
0
0
0
0.00353109
0
0
0
0.00347158
0
0
0
0.0034789
0
0
0
0.00348328
0
0
0
0.00348017
0
0
0
0.00350717
0
0
0.00111758
0.00235899
0
0
0.00112052
0.0023437
0
0
0.0034814
0
0
0
0.0034786
0
0
0
0.00349374
0
0
0.0011613
0.0023073
0
0
0.00116025
0.00233068
0
0
0.00115096
0.00233701
0
0
0.00119839
0.00228396
0
0
0.00351155
0
0
0
0.00347579
0
0
0
0.00350172
0
0
0
0.0035361
0
0
0.00103315
0.00245074
0
0
0.00114549
0.00235374
0
0
0.0011682
0.00232258
0
0
0.00117396
0.00231621
0
0
0.0034867
0
0
0
0.0034708
0
0
0
0.00351015
0
0
0
0.00348937
0
0
0.00117765
0.00229844
0
0
0.0010951
0.00238084
0
0
0.000979404
0.0025056
0
0
0.00115984
0.00230517
0
0
0.0034675
0
0
0
0.00347594
0
0
0
0.0034803
0
0
0
0.00348579
0
0
0.00115274
0.00234117
0
0
0.00103747
0.00245486
0
0
0.000952636
0.00252863
0
0
0.00103998
0.00244298
0
0
0.00348656
0
0
0
0.00348719
0
0
0
0.00349812
0
0
0
0.00348954
0
0
0.00121799
0.00228125
0
0
0.00110102
0.00237427
0
0
0.00120385
0.00229524
0
0
0.00117371
0.00231175
0
0
0.00348251
0
0
0
0.00348106
0
0
0
0.00350159
0
0
0
0.00349686
0
0
0
0.00353735
0
0
0.00116453
0.00232595
0
0
0.00118613
0.00228637
0
0
0.00118082
0.0023109
0
0
0.00118515
0.0023028
0
0
0.00170641
0.00185549
0
0
0.00347611
0
0
0
0.00348434
0
0
0
0.00346925
0
0
0
0.00347044
0
0
0.00112087
0.00236306
0
0
0.000962184
0.00252469
0
0
0.00103822
0.00243725
0
0
0.00116382
0.00230148
0
0
0.00347219
0
0
0
0.00348311
0
0
0
0.00350643
0
0
0
0.0034814
0
0
0
0.00347905
0
0
0.000594711
0.00288262
0
0
0.000589997
0.00288346
0
0
0.000539016
0.00293832
0
0.000591919
0.00292166
0
0
0.000574633
0.0028979
0
