histogram cpu_inclusive
/Code/DEFAULT_MODULE/ldtvolu_,/Machine,/Process,/SyncObject
518 6.4 0  -1
NaN
NaN
NaN
NaN
NaN
NaN
NaN
NaN
NaN
NaN
NaN
NaN
NaN
NaN
NaN
NaN
NaN
NaN
NaN
NaN
NaN
NaN
NaN
NaN
NaN
NaN
NaN
NaN
NaN
NaN
NaN
NaN
NaN
NaN
NaN
NaN
NaN
NaN
NaN
NaN
NaN
NaN
NaN
NaN
NaN
NaN
0
0
0
0
0
0.0392727
0
0
0
0.0389669
0
0
0
0.0389711
0
0
0
0.0392222
0
0
0
0.0391212
0
0
0
0.0390092
0
0
0
0.0395458
0
0
0
0.0389575
0
0
0
0.0390247
0
0
0
0.0391497
0
0
0
0.0390358
0
0
0
0.0390245
0
0
0.00153828
0.0379016
0
0
0.0219978
0.0170686
0
0
0.0378169
0.00141049
0
0
0.0393182
0
0
0
0.0391266
0
0
0
0.0391777
0
0
0
0.039029
0
0
0
0.0392142
0
0
0
0.0390858
0
0
0
0.0391289
0
0
0
0.0390564
0
0
0
0.0391202
0
0
0.00669503
0.0322851
0
0
0.0115057
0.0275005
0
0
0.0112028
0.0277911
0
0
0.0390502
0
0
0
0.0390222
0
0
0
0.0393616
0
0
0
0.0389896
0
0
0
0.0389055
0
0
0
0.0393631
0
0
0
0.0390124
0
0
0.0100188
0.0292007
0
0
0.01034
0.0287991
0
0
0
0
0.0389659
0
0
0
0.0392707
0
0
0
0.039065
0
0
0.0204171
0.0188014
0
0
0.0270243
0.0120185
0
0
0.0243453
0.0146276
0
0
0.0389794
0
0
0
0.0390695
0
0
0
0.0390847
0
0
0
0.0392365
0
0
0
0.0391957
0
0
0
0.0391091
0
0
0
0.0390887
0
0
0
0.0390899
0
0
0.0262953
0.0128652
0
0
0.0125184
0.0264282
0
0
0.0391975
0
0
0
0.0390714
0
0
0
0.0390297
0
0
0
0.0390416
0
0
0.0130917
0.026014
0
0
0.0129878
0.0260932
0
0
0.0129211
0.0262399
0
0
0.0134626
0.0256613
0
0
0.0390321
0
0
0
0.0389275
0
0
0
0.0390415
0
0
0
0.0391231
0
0
0.0115925
0.0275022
0
0
0.0127692
0.026242
0
0
0.0130598
0.0259688
0
0
0.0130814
0.025813
0
0
0.0390106
0
0
0
0.0391334
0
0
0
0.0389671
0
0
0.00177039
0.0377636
0
0
0.0132713
0.025905
0
0
0.0123062
0.0267587
0
0
0.0109345
0.0279784
0
0
0.0324578
0.00653079
0
0
0.0389791
0
0
0
0.0392154
0
0
0
0.0391549
0
0
0.0127628
0.0261481
0
0
0.0129104
0.0262237
0
0
0.0116265
0.027515
0
0
0.0106822
0.0283594
0
0
0.0390002
0
0
0
0.038878
0
0
0
0.0390992
0
0
0
0.0391096
0
0
0.00666064
0.0323622
0
0
0.0135993
0.0254742
0
0
0.0123689
0.0266766
0
0
0.0134896
0.0257225
0
0
0.0131692
0.0259416
0
0
0.0391579
0
0
0
0.0390524
0
0
0
0.0389716
0
0
0
0.0390479
0
0
0.0120441
0.0270947
0
0
0.0130106
0.0259896
0
0
0.0132972
0.0256351
0
0
0.0132117
0.0258594
0
0
0.0133086
0.0258632
0
0
0.0393823
0
0
0
0.0391838
0
0
0
0.039008
0
0
0
0.0389245
0
0
0.0123438
0.0266928
0
0
0.0125831
0.0265313
0
0
0.0107241
0.0281441
0
0
0.0116726
0.0274062
0
0
0.0212265
0.0178735
0
0
0.0391033
0
0
0
0.0390148
0
0
0
0.0391373
0
0
0
0.0390169
0
0
0.0133158
0.0256871
0
0
0.00665796
0.0322749
0
0
0.00663216
0.0324169
0
0
0.0060478
0.0329715
0
0.00659859
0.0325733
0
0
0.00645555
0.0325587
0
