histogram procedure_calls
/Code/DEFAULT_MODULE/rwrapup_,/Machine,/Process,/SyncObject
518 6.4 0  -1
NaN
NaN
NaN
NaN
NaN
NaN
NaN
NaN
NaN
NaN
NaN
NaN
NaN
NaN
NaN
NaN
NaN
NaN
NaN
NaN
NaN
NaN
NaN
NaN
NaN
NaN
NaN
NaN
NaN
NaN
NaN
NaN
NaN
NaN
NaN
NaN
NaN
NaN
NaN
NaN
NaN
NaN
NaN
NaN
NaN
NaN
0
0
0
0.15625
0
0
0
0.15625
0
0
0
0.15625
0
0
0
0.15625
0
0
0
0.15625
0
0
0
0.15625
0
0
0
0.15625
0
0
0
0.15625
0
0
0
0.15625
0
0
0
0.15625
0
0
0
0.15625
0
0
0
0.15625
0
0
0
0.15625
0
0
0
0.15625
0
0
0
0.15625
0
0
0
0.15625
0
0
0.0912079
0.0650421
0
0
0.0638612
0.0923888
0
0
0.15625
0
0
0
0.15625
0
0
0
0.15625
0
0
0
0.15625
0
0
0
0.15625
0
0
0
0.15625
0
0
0
0.15625
0
0
0
0.15625
0
0
0.0458185
0.110432
0
0
0.0475309
0.108719
0
0
0.0369262
0.119324
0
0
0.15625
0
0
0
0.15625
0
0
0
0.15625
0
0
0
0.15625
0
0
0
0.15625
0
0
0
0.15625
0
0
0
0.15625
0
0
0
0
0.15625
0
0
0
0.15625
0
0
0
0.15625
0
0
0
0.15625
0
0
0
0.15625
0
0
0
0.15625
0
0
0.10659
0.0496601
0
0
0.105346
0.0509041
0
0
0.15625
0
0
0
0.15625
0
0
0
0.15625
0
0
0
0.15625
0
0
0
0.15625
0
0
0
0.15625
0
0
0
0.15625
0
0
0.0522785
0.103971
0
0
0.0539987
0.102251
0
0
0.0519992
0.104251
0
0
0.15625
0
0
0
0.15625
0
0
0
0.15625
0
0
0
0.15625
0
0
0.0524097
0.10384
0
0
0.044959
0.111291
0
0
0.0532697
0.10298
0
0
0.0533874
0.102863
0
0
0.15625
0
0
0
0.15625
0
0
0
0.15625
0
0
0
0.15625
0
0
0.0522921
0.103958
0
0
0.042752
0.113498
0
0
0.0534893
0.102761
0
0
0.15625
0
0
0
0.15625
0
0
0
0.15625
0
0
0
0.15625
0
0
0.0534069
0.102843
0
0
0.0525483
0.103702
0
0
0.047818
0.108432
0
0
0.0408576
0.115392
0
0
0.15625
0
0
0
0.15625
0
0
0
0.15625
0
0
0
0.15625
0
0
0.0524912
0.103759
0
0
0.0537481
0.102502
0
0
0.0524004
0.10385
0
0
0.0496268
0.106623
0
0
0.15625
0
0
0
0.15625
0
0
0
0.15625
0
0
0
0.15625
0
0
0.0528992
0.103351
0
0
0.0518201
0.10443
0
0
0.0404409
0.115809
0
0
0.0532312
0.103019
0
0
0.052507
0.103743
0
0
0.15625
0
0
0
0.15625
0
0
0
0.15625
0
0
0
0.15625
0
0
0.049413
0.106837
0
0
0.0528544
0.103396
0
0
0.0524797
0.10377
0
0
0.0459178
0.110332
0
0
0.049851
0.106399
0
0
0.15625
0
0
0
0.15625
0
0
0
0.15625
0
0
0
0.15625
0
0
0.0497391
0.106511
0
0
0.0536758
0.102574
0
0
0.0528164
0.103434
0
0
0.0465673
0.109683
0
0
0.0540068
0.102243
0
0
0.15625
0
0
0
0.15625
0
0
0
0.15625
0
0
0
0.15625
0
0
0.0264729
0.129777
0
0
0.0126775
0.143572
0
0
0.0252968
0.130953
0
0
0.0271489
0.129101
0
0.0202389
