histogram cpu
/Code/DEFAULT_MODULE/eeos1t_,/Machine,/Process,/SyncObject
518 6.4 0  -1
NaN
NaN
NaN
NaN
NaN
NaN
NaN
NaN
NaN
NaN
NaN
NaN
NaN
NaN
NaN
NaN
NaN
NaN
NaN
NaN
NaN
NaN
NaN
NaN
NaN
NaN
NaN
NaN
NaN
NaN
NaN
NaN
NaN
NaN
NaN
NaN
NaN
NaN
NaN
NaN
NaN
NaN
NaN
NaN
NaN
NaN
0
0.110774
0.0291634
0.13957
0
0.080909
0.0587333
0.101959
0.0377037
0.0194373
0.120011
0.0700334
0.0698319
0.000518945
0.139034
0.0289663
0.110609
0
0.139256
0.0429738
0.096398
0.0125594
0.127236
0.0698925
0.0693797
0.0174144
0.122176
0.0802732
0.0592771
0.0327295
0.10696
0.111896
0.0273339
0.0607876
0.0788884
0.131021
0.00862643
0.0934015
0.0459878
0.139213
0
0.114145
0.0251862
0.139694
0
0.134138
0.00556664
0.139352
0
0.139161
0
0.139006
0
0.139317
0
0.139213
0
0.139635
0
0.139139
0
0.139496
0
0.139626
0
0.139448
0
0.139421
0
0.139058
0
0.139794
0
0.139583
0
0.13971
0
0.139359
0
0.139276
0
0.139144
0.0257354
0.113585
0.0120402
0.127668
0.0526376
0.0869058
0.0267718
0.112525
0.0829875
0.0561733
0.0594773
0.079876
0.12739
0.0123058
0.0942465
0.0449524
0.13946
0
0.138536
0.00126125
0.139375
0
0.139359
0
0.139243
0
0.139408
0
0.139386
0
0.139319
0.00418597
0.135437
0
0.139266
0.00563614
0.133607
0.00144829
0.137992
0.0178165
0.12116
0.00394063
0.135401
0.0561547
0.0833607
0.0264334
0.112872
0.0890591
0.0502065
0.0547803
0.084502
0.124951
0.014572
0.102796
0.0366969
0.139372
0
0.139474
0
0.139413
0
0.015859
0.0276949
0.0957755
0.103326
0.0358535
0.0684155
0.0708412
0.115598
0.0234573
0.0996886
0.039481
0.131509
0.0083675
0.117436
0.021852
0.139256
0
0.130534
0.00875702
0.139279
0
0.139279
0
0.13953
0
0.139415
0
0.13922
0
0.139258
0.00955036
0.129643
0
0.139158
0.03847
0.100808
0.0176168
0.121844
0.0633188
0.0764458
0.0358251
0.103263
0.10793
0.0312131
0.0714089
0.0680278
0.124797
0.0146143
0.108916
0.0300296
0.137711
0.00163232
0.132749
0.0067403
0.139292
0
0.121286
0.0180144
0.138927
0
0.139265
0.000590955
0.138636
0
0.139375
0.0241857
0.115129
0.00959626
0.129739
0.0425793
0.0965808
0.0235592
0.115469
0.0476026
0.0916756
0.0433559
0.0958305
0.0732385
0.0658871
0.0470604
0.0921319
0.097982
0.0411126
0.0725261
0.0670131
0.139025
0
0.113085
0.0261168
0.139059
0
0.139316
0.0102345
0.128948
0
0.13909
0.0328261
0.106508
0.0112534
0.127975
0.047259
0.0919417
0.0355136
0.103891
0.0468903
0.0922627
0.0467452
0.0924567
0.073007
0.0666205
0.0438485
0.095413
0.113044
0.0260424
0.0891563
0.0501886
0.139319
0
0.112771
0.0265475
0.139292
0
0.139313
0.00714348
0.132067
0
0.139292
0.0339013
0.105581
0.0136444
0.125578
0.0464884
0.0924392
0.036478
0.102874
0.0437111
0.0955778
0.0464783
0.0926377
0.0744634
0.0649662
0.0463622
0.0929124
0.113724
0.025477
0.0938294
0.0456335
0.139263
0
0.124063
0.0148354
0.139048
0
0.139158
0.0141352
0.125056
0.00211151
0.136946
0.0288293
0.110407
0.0217217
0.11793
0.0422953
0.0970341
0.0383324
0.101059
0.0452594
0.0938506
0.0463401
0.0929512
0.0903721
0.0492267
0.0582765
0.0810076
0.139501
0
0.0950376
0.0441487
0.139077
0
0.135727
0.0141934
0.128779
0
0.139244
0.0196186
0.119618
0.00542352
0.13388
0.0351015
0.104564
0.0200146
0.119146
0.0450903
0.0940579
0.044502
0.0945366
0.0455759
0.0934531
0.0481293
0.0912216
0.0767523
0.0625604
0.0474824
0.0917302
0.128804
0.0106587
0.0764461
0.0627832
0.13912
0
0.122314
0.017037
0.138988
0
0.139215
0.00769425
0.131568
0
0.139554
0.0290591
0.110196
0.016218
0.122985
0.0464984
0.0927165
0.0252503
0.113929
0.0458541
0.093337
0.0449485
0.0941473
0.0589094
0.080513
0.0476351
0.0914893
0.0929431
0.046434
0.0591372
0.0801374
0.139196
0
0.0963187
0.0429678
0.138803
0
0.132892
0.0115164
0.134186
0
0.139108
0.00762243
0.131619
0
0.139146
0.0207226
0.118476
0.00764282
0.131505
0.0409276
0.0984328
0.0293045
0.109741
0.046684
0.092419
0.0428725
0.0965713
0.0489535
0.0905285
0.0479329
0.091182
0.089133
0.0501583
0.054758
0.0846954
0.124375
0.0148927
0.0860122
0.053198
0.139437
0
0.121227
0.0182502
0.139289
0
0.139058
0.0157325
0.123449
0
0.139074
0.0255837
0.113817
0.0112421
0.127897
0.0477693
0.0913194
0.0225045
0.116796
0.0438475
0.0952221
0.046278
0.0928941
0.0543698
0.0846115
0.0465784
0.0927105
0.0965843
0.0427547
0.0604003
0.0789053
0.131183
0.0216866
0.0766156
0.072287
0.115689
0.0235783
0.115694
0.0154658
0.123639
0.0214975
0.117651
0.0224083
0.11685
0.0234414
0.115752
0.0240331
0.115163
0.0218897
0.117397
