histogram cpu
/Code/DEFAULT_MODULE/rdtvolu_,/Machine,/Process,/SyncObject
518 6.4 0  -1
NaN
NaN
NaN
NaN
NaN
NaN
NaN
NaN
NaN
NaN
NaN
NaN
NaN
NaN
NaN
NaN
NaN
NaN
NaN
NaN
NaN
NaN
NaN
NaN
NaN
NaN
NaN
NaN
NaN
NaN
NaN
NaN
NaN
NaN
NaN
NaN
NaN
NaN
NaN
NaN
NaN
NaN
NaN
NaN
NaN
NaN
0
0
0
0.0185964
0
0
0
0.0185955
0
0
0
0.0184867
0
0
0
0.0185905
0
0
0
0.0185255
0
0
0
0.0187719
0
0
0
0.0186531
0
0
0
0.0185486
0
0
0
0.0185442
0
0
0
0.0185167
0
0
0
0.0184956
0
0
0
0.0184805
0
0
0
0.0186126
0
0
0
0.0186089
0
0
0
0.0185019
0
0
0
0.0185372
0
0
0
0.0185176
0
0
0
0.0185984
0
0
0
0.0185367
0
0
0.00512918
0.0135707
0
0
0.00562776
0.0129638
0
0
0.0185133
0
0
0
0.018466
0
0
0
0.0185001
0
0
0
0.0184766
0
0
0
0.018685
0
0
0
0.0185852
0
0
0
0.0184701
0
0
0.0043683
0.0143884
0
0
0
0.0185414
0
0
0.0111905
0.00735008
0
0
0.0186277
0
0
0
0.0185634
0
0
0
0.0185223
0
0
0
0.0185275
0
0
0
0.0185691
0
0
0
0
0.018528
0
0
0
0.0184774
0
0
0
0.018553
0
0
0
0.0186662
0
0
0
0.0186589
0
0
0
0.0185688
0
0
0
0.0185113
0
0
0.0124052
0.00608529
0
0
0.010826
0.00771533
0
0
0.0186753
0
0
0
0.0185536
0
0
0
0.0185169
0
0
0
0.0185349
0
0
0
0.0184855
0
0
0
0.0185081
0
0
0.00618811
0.0123962
0
0
0.0063432
0.0121012
0
0
0.00613455
0.0123895
0
0
0.00633745
0.0121774
0
0
0.0185852
0
0
0
0.0185744
0
0
0
0.0185335
0
0
0
0.0186244
0
0
0.00530283
0.0132389
0
0
0.00628117
0.012229
0
0
0.00631454
0.012257
0
0
0.00626567
0.0122989
0
0
0.01852
0
0
0
0.0184897
0
0
0
0.018544
0
0
0
0.0187042
0
0
0.00504377
0.0135135
0
0
0.00632934
0.0122405
0
0
0.00628558
0.0124681
0
0
0.00766952
0.0109759
0
0
0.0185293
0
0
0
0.0185509
0
0
0
0.0185697
0
0
0.00452522
0.0141434
0
0
0.00563902
0.0128925
0
0
0.00482224
0.0137471
0
0
0.0056529
0.0129354
0
0
0.0186248
0
0
0
0.0185823
0
0
0
0.0186394
0
0
0
0.0184515
0
0
0.0063557
0.0122098
0
0
0.00619864
0.0123767
0
0
0.00586762
0.0126977
0
0
0.00601213
0.0125117
0
0
0.0109916
0.00777019
0
0
0.0185917
0
0
0
0.0184736
0
0
0
0.0186703
0
0
0
0.0187227
0
0
0.00476672
0.0137791
0
0
0.00629248
0.0122668
0
0
0.00618935
0.0123145
0
0
0.00616657
0.0125217
0
0
0.0184554
0
0
0
0.0186202
0
0
0
0.018537
0
0
0
0.0185592
0
0
0.0062249
0.0122664
0
0
0.0062478
0.0124466
0
0
0.00543485
0.0131703
0
0
0.0059046
0.0126979
0
0
0.00624396
0.0123332
0
0
0.018585
0
0
0
0.0184707
0
0
0
0.0185002
0
0
0
0.0185756
0
0
0.0006908
0.0179167
0
0
0.00621973
0.0122732
0
0
0.00548001
0.0130141
0
0
0.00637724
0.0121638
0
0
0.00587375
0.0127251
0
0
0.0185636
0
0
0
0.0185996
0
0
0
0.0185665
0
0
0.00312076
0.0153913
0
0
0.00148817
0.0170599
0
0
0.00299498
0.0155898
0
0
0.00321018
0.0153552
0
0
