histogram cpu
/Code/DEFAULT_MODULE/lbcsu2d_,/Machine,/Process,/SyncObject
518 6.4 0  -1
NaN
NaN
NaN
NaN
NaN
NaN
NaN
NaN
NaN
NaN
NaN
NaN
NaN
NaN
NaN
NaN
NaN
NaN
NaN
NaN
NaN
NaN
NaN
NaN
NaN
NaN
NaN
NaN
NaN
NaN
NaN
NaN
NaN
NaN
NaN
NaN
NaN
NaN
NaN
NaN
NaN
NaN
NaN
NaN
NaN
NaN
0.000191875
0
0
0.000186875
0
0
0
0
0.000187187
0
0
0
0.000189219
0
0
0
0.000188906
0
0
0
0.000194688
0
0
0
0.000188281
0
0
0
0.000186875
0
0
0
0.000187031
0
0
0.000109015
7.86416e-05
0
0
0.000188438
0
0
0
0.00022375
0
0
0
0.000187656
0
0
0
0.000186875
0
0
0
0.000186875
0
0
0
0.000183906
0
0
0
0.0001925
0
0
0
0.000186719
0
0
0
0.000189687
0
0
0
0.000188125
0
0
0
0.000186563
0
0
0
0.000197187
0
0
0
0.000189375
0
0
5.51307e-05
0.000132994
0
0
4.83454e-05
0.000140405
0
0
0.000189062
0
0
0
0.000187188
0
0
0
0.000187969
0
0
0
0.000187656
0
0
0
0.000188594
0
0
0
0.000188125
0
0
0
0.000187969
0
0
0
0.000188125
0
0
5.34967e-05
0.000137441
0
0
5.17789e-05
0.000136658
0
0
0.000187344
0
0
0
0.000193594
0
0
0
0
0.000131425
6.65438e-05
0
0
0.000128185
6.05654e-05
0
0
0.000125911
6.11203e-05
0
0
0.000187344
0
0
0
0.000191875
0
0
0
0.000187344
0
0
0
0.000187031
0
0
0
0.000187969
0
0
0
0.000197656
0
0
0
0.000188906
0
0
0.000127974
5.92132e-05
0
0
0.000126028
6.27217e-05
0
0
0.000124715
6.40349e-05
0
0
0.00012876
6.28028e-05
0
0
0.000186562
0
0
0
0.000187344
0
0
0
0.000189532
0
0
0
0.000186405
0
0
6.75902e-05
0.000130067
0
0
3.35191e-05
0.000153199
0
0
6.2909e-05
0.000123654
0
0
0.000184375
0
0
0
0.000187031
0
0
0
0.000195625
0
0
0
0.000187813
0
0
6.35839e-05
0.000123604
0
0
6.31089e-05
0.000124078
0
0
5.70228e-05
0.000129697
0
0
6.3565e-05
0.000124091
0
0
0.000185
0
0
0
0.000187969
0
0
0
0.000186719
0
0
0
0.000189219
0
0
6.35068e-05
0.00012618
0
0
6.46617e-05
0.000141276
0
0
5.65967e-05
0.00012981
0
0
5.93272e-05
0.000128642
0
0
0.000185937
0
0
0
0.00018875
0
0
0
0.000188594
0
0
0
0.000187968
0
0
5.69038e-05
0.000130441
0
0
5.83879e-05
0.000128487
0
0
6.13394e-05
0.00012788
0
0
5.5101e-05
0.000137711
0
0
0.000185625
0
0
0
0.000185468
0
0
0
0.000185781
0
0
0
0.000187188
0
0
6.0537e-05
0.000126182
0
0
6.09847e-05
0.000124953
0
0
6.03397e-05
0.000124974
0
0
3.8753e-05
0.000145465
0
0
0.000188125
0
0
0
0.000187813
0
0
0
0.000186251
0
0
0
0.000189218
0
0
0
0.000189063
0
0
6.23158e-05
0.000126746
0
0
5.64555e-05
0.000130732
0
0
6.69725e-05
0.000129121
0
0
0.000187657
0
0
0
0.000187188
0
0
0
0.000181249
0
0
0
0.000188282
0
0
0
0.000187344
0
0
0
0.000186251
0
0
6.26444e-05
0.000123918
0
0
5.91051e-05
0.000128393
0
0
6.13047e-05
0.000128853
0
0
5.61044e-05
0.00012952
0
0
0.000189531
0
0
0
0.000186251
0
0
0
0.000188905
0
0
0
0.000189375
0
0
6.38923e-05
0.000122046
0
0
5.86076e-05
0.000127173
0
0
6.31606e-05
0.000123246
0
0
5.7241e-05
0.000131198
0
0
6.30968e-05
0.000125808
0
3.11033e-05
0.000153585
0
0
1.47665e-05
0.000169763
0
0
3.03881e-05
0.000158363
0
0
3.22006e-05
0.000154206
0
0
