histogram cpu_inclusive
/Code/DEFAULT_MODULE/main_interactive_control_,/Machine,/Process,/SyncObject
518 6.4 0  -1
NaN
NaN
NaN
NaN
NaN
NaN
NaN
NaN
NaN
NaN
NaN
NaN
NaN
NaN
NaN
NaN
NaN
NaN
NaN
NaN
NaN
NaN
NaN
NaN
NaN
NaN
NaN
NaN
NaN
NaN
NaN
NaN
NaN
NaN
NaN
NaN
NaN
NaN
NaN
NaN
NaN
NaN
NaN
NaN
NaN
NaN
0
0
0
5.20312e-05
0
0
0
0
3.45313e-05
0
0
0
3.42187e-05
0
0
0
3.46875e-05
0
0
0
3.48437e-05
0
0
0
3.45313e-05
0
0
0
3.45312e-05
0
0
0
3.53125e-05
0
0
2.02845e-05
1.4403e-05
0
0
3.42188e-05
0
0
0
3.45313e-05
0
0
0
3.45312e-05
0
0
0
3.6875e-05
0
0
0
3.40625e-05
0
0
0
3.5e-05
0
0
0
3.42188e-05
0
0
0
3.45313e-05
0
0
0
3.42188e-05
0
0
0
3.48438e-05
0
0
0
3.48438e-05
0
0
0
3.48437e-05
0
0
0
3.4375e-05
0
0
1.03237e-05
2.46763e-05
0
0
8.86799e-06
2.55071e-05
0
0
3.48437e-05
0
0
0
3.46875e-05
0
0
0
3.46875e-05
0
0
0
3.46875e-05
0
0
0
3.40625e-05
0
0
0
3.60938e-05
0
0
0
3.46875e-05
0
0
0
3.40625e-05
0
0
9.73677e-06
2.47945e-05
0
0
9.63827e-06
2.52055e-05
0
0
3.46875e-05
0
0
0
3.48437e-05
0
0
0
0
2.32084e-05
1.16354e-05
0
0
2.37274e-05
1.11163e-05
0
0
2.38425e-05
1.14701e-05
0
0
3.46874e-05
0
0
0
3.45313e-05
0
0
0
3.42188e-05
0
0
0
3.53124e-05
0
0
0
3.42188e-05
0
0
0
3.51563e-05
0
0
0
3.46875e-05
0
0
2.39964e-05
1.10036e-05
0
0
2.32304e-05
1.1457e-05
0
0
2.28809e-05
1.16503e-05
0
0
3.48438e-05
0
0
0
3.48437e-05
0
0
0
3.48438e-05
0
0
0
3.70311e-05
0
0
0
3.43751e-05
0
0
1.16803e-05
2.23821e-05
0
0
6.35252e-06
2.88037e-05
0
0
1.18864e-05
2.32699e-05
0
0
3.5e-05
0
0
0
3.5e-05
0
0
0
3.50001e-05
0
0
0
3.46874e-05
0
0
1.18686e-05
2.29752e-05
0
0
1.1781e-05
2.30627e-05
0
0
1.07241e-05
2.42759e-05
0
0
1.18871e-05
2.3113e-05
0
0
3.46874e-05
0
0
0
3.46875e-05
0
0
0
3.5e-05
0
0
0
3.4375e-05
0
0
1.17521e-05
2.32478e-05
0
0
1.09232e-05
2.37645e-05
0
0
1.06144e-05
2.42293e-05
0
0
1.09832e-05
2.37042e-05
0
0
3.5e-05
0
0
0
3.42188e-05
0
0
0
3.5e-05
0
0
0
3.43751e-05
0
0
1.06658e-05
2.43342e-05
0
0
1.10658e-05
2.42468e-05
0
0
1.10729e-05
2.29893e-05
0
0
9.76926e-06
2.42933e-05
0
0
3.5e-05
0
0
0
3.5e-05
0
0
0
3.4844e-05
0
0
0
3.43748e-05
0
0
1.13817e-05
2.36182e-05
0
0
1.1511e-05
2.34889e-05
0
0
1.14308e-05
2.35692e-05
0
0
7.30298e-06
2.72284e-05
0
0
3.48437e-05
0
0
0
3.48437e-05
0
0
0
3.4844e-05
0
0
0
3.48437e-05
0
0
0
4.34375e-05
0
0
1.16221e-05
2.35342e-05
0
0
1.05436e-05
2.43001e-05
0
0
1.19319e-05
2.29118e-05
0
0
3.43751e-05
0
0
0
3.46874e-05
0
0
0
3.875e-05
0
0
0
3.48437e-05
0
0
0
3.4844e-05
0
0
0
3.42185e-05
0
0
1.17386e-05
2.31053e-05
0
0
1.10656e-05
2.39344e-05
0
0
1.12658e-05
2.35778e-05
0
0
1.04718e-05
2.40594e-05
0
0
3.4844e-05
0
0
0
3.51563e-05
0
0
0
3.48437e-05
0
0
0
3.43748e-05
0
0
1.20061e-05
2.28379e-05
0
0
1.09774e-05
2.371e-05
0
0
1.17858e-05
2.29016e-05
0
0
1.0668e-05
2.43319e-05
0
0
1.16199e-05
2.30678e-05
0
5.88469e-06
2.8959e-05
0
0
2.79554e-06
3.18919e-05
0
0
5.65028e-06
2.93497e-05
0
0
6.03543e-06
2.88086e-05
0
0
