histogram cpu_inclusive
/Code/DEFAULT_MODULE/eos_control_,/Machine,/Process,/SyncObject
518 6.4 0  -1
NaN
NaN
NaN
NaN
NaN
NaN
NaN
NaN
NaN
NaN
NaN
NaN
NaN
NaN
NaN
NaN
NaN
NaN
NaN
NaN
NaN
NaN
NaN
NaN
NaN
NaN
NaN
NaN
NaN
NaN
NaN
NaN
NaN
NaN
NaN
NaN
NaN
NaN
NaN
NaN
NaN
NaN
NaN
NaN
NaN
NaN
0
0.238262
0.0612262
0.298846
0
0.172705
0.126266
0.218744
0.0800152
0.0412304
0.257409
0.150125
0.149014
0.00111831
0.297696
0.0631542
0.235402
0
0.298032
0.0930952
0.205329
0.0198155
0.279422
0.149929
0.14811
0.037126
0.261475
0.171991
0.126548
0.0706107
0.22836
0.239842
0.0581435
0.132092
0.166675
0.280418
0.018368
0.200246
0.0981782
0.298296
0
0.24539
0.0529235
0.29884
0
0.286913
0.0119165
0.298423
0
0.298082
0
0.297659
0
0.298203
0
0.298218
0
0.298718
0
0.298119
0
0.298692
0
0.298712
0
0.298613
0
0.298522
0
0.29797
0
0.299146
0
0.29848
0
0.298932
0
0.298477
0
0.297964
0
0.297968
0.0543991
0.243716
0.0226181
0.276336
0.112846
0.18599
0.0571537
0.241179
0.17764
0.12
0.12762
0.170666
0.272505
0.0264112
0.201868
0.0962053
0.298369
0
0.296377
0.00287783
0.29824
0
0.29852
0
0.297933
0
0.298483
0
0.298299
0
0.298111
0.00896334
0.290222
0
0.298159
0
0.298073
0.00255927
0.296052
0.0384707
0.258968
0.00769098
0.290717
0.120985
0.177961
0.0568199
0.241252
0.190736
0.107383
0.117627
0.18084
0.267165
0.0313248
0.219722
0.0785563
0.298336
0
0.298407
0
0.298457
0
0.0338751
0.0591123
0.205265
0.221445
0.0764283
0.14688
0.151203
0.2477
0.050094
0.213795
0.0841658
0.28143
0.0178833
0.251639
0.0466398
0.297942
0
0.279217
0.0187161
0.298188
0
0.298166
0
0.298185
0
0.298426
0
0.297971
0
0.2983
0.0202754
0.277765
0
0.297754
0.0787476
0.219617
0.0173366
0.281187
0.138156
0.160931
0.0756463
0.222236
0.231408
0.0665698
0.153066
0.145348
0.267097
0.03125
0.233404
0.0640022
0.29437
0.00360799
0.284001
0.0145391
0.298302
0
0.259796
0.0385205
0.297613
0
0.298197
0.00115226
0.296861
0
0.298307
0.0509705
0.247456
0.0189143
0.279321
0.0897721
0.208156
0.0505364
0.247263
0.102163
0.196011
0.0930856
0.204873
0.156783
0.141331
0.100929
0.196851
0.209646
0.0881338
0.154872
0.143468
0.297596
0
0.24185
0.0561422
0.29783
0
0.298271
0.0195964
0.278625
0
0.297828
0.0681688
0.230117
0.0240514
0.274208
0.101387
0.196503
0.0727438
0.225761
0.100629
0.197229
0.100314
0.197664
0.155838
0.142602
0.0941099
0.203985
0.24187
0.0560553
0.190683
0.107645
0.298181
0
0.240998
0.057192
0.298209
0
0.298231
0.0152194
0.28309
0
0.298123
0.063758
0.23488
0.0285868
0.269508
0.0997749
0.197614
0.074509
0.223672
0.0938936
0.20453
0.0998015
0.198107
0.159369
0.139274
0.0994786
0.198635
0.24322
0.0548936
0.200569
0.0979737
0.298305
0
0.265236
0.0321292
0.297837
0
0.297914
0.0297317
0.268106
0.00436086
0.293367
0.0617932
0.236335
0.0455839
0.253169
0.0907938
0.20742
0.0798781
0.218498
0.0968232
0.20109
0.0993844
0.198615
0.193089
0.10554
0.124545
0.173454
0.298781
0
0.203275
0.0947626
0.297704
0
0.290324
0.00925941
0.297283
0
0.297937
0.0394322
0.258424
0.00468204
0.293499
0.0750546
0.223569
0.0427451
0.255183
0.096825
0.20117
0.0926184
0.205128
0.0978367
0.199877
0.103354
0.195156
0.16397
0.13423
0.101892
0.196136
0.274965
0.0232492
0.163436
0.134702
0.297832
0
0.261479
0.0370163
0.297599
0
0.297918
0.0144426
0.283705
0
0.298467
0.0610827
0.236893
0.0289487
0.269141
0.0996927
0.198063
0.0524734
0.24566
0.0984695
0.199644
0.0962798
0.201629
0.125577
0.172613
0.102326
0.195783
0.198662
0.0997617
0.12649
0.171938
0.297999
0
0.205671
0.0923471
0.297503
0
0.284021
0.0164081
0.29597
0
0.297723
0.0120235
0.286162
0
0.297771
0.0439307
0.254212
0.0139928
0.283806
0.0863296
0.211827
0.0600883
0.237696
0.100181
0.19758
0.0914944
0.206786
0.104442
0.194158
0.102892
0.194998
0.190565
0.107802
0.116801
0.181638
0.265851
0.0323963
0.183844
0.114346
0.298448
0
0.258914
0.039639
0.298228
0
0.297899
0.0274608
0.270582
0
0.297856
0.0544571
0.244091
0.021396
0.276737
0.102521
0.195255
0.0443293
0.253608
0.0941219
0.203558
0.0990418
0.198929
0.116131
0.181425
0.0999547
0.19824
0.206236
0.0920158
0.128934
0.16919
0.280152
0.0466849
0.163777
0.155631
0.247677
0.0506069
0.24754
0.0239718
0.274056
0.0461623
0.251866
0.0481075
0.250121
0.0503307
0.24774
0.0515784
0.246431
0.0469646
0.251044
