histogram procedure_calls
/Code/DEFAULT_MODULE/lnacc2d_,/Machine,/Process,/SyncObject
518 6.4 0  -1
NaN
NaN
NaN
NaN
NaN
NaN
NaN
NaN
NaN
NaN
NaN
NaN
NaN
NaN
NaN
NaN
NaN
NaN
NaN
NaN
NaN
NaN
NaN
NaN
NaN
NaN
NaN
NaN
NaN
NaN
NaN
NaN
NaN
NaN
NaN
NaN
NaN
NaN
NaN
NaN
NaN
NaN
NaN
NaN
NaN
NaN
0.15625
0
0
0
0.15625
0
0
0
0.15625
0
0
0
0.15625
0
0
0
0.15625
0
0
0
0.15625
0
0
0
0.15625
0
0
0
0.15625
0
0
0
0.15625
0
0
0
0.15625
0
0
0.0454359
0.110814
0
0
0.0918452
0.0644048
0
0
0.15625
0
0
0
0.15625
0
0
0
0.15625
0
0
0
0.15625
0
0
0
0.15625
0
0
0
0.15625
0
0
0
0.15625
0
0
0
0.15625
0
0
0
0.15625
0
0
0
0.15625
0
0
0
0.15625
0
0
0
0.15625
0
0
0.0405133
0.115737
0
0
0.0355625
0.120688
0
0
0.15625
0
0
0
0.15625
0
0
0
0.15625
0
0
0
0.15625
0
0
0
0.15625
0
0
0
0.15625
0
0
0
0.15625
0
0
0
0.15625
0
0
0.0434188
0.112831
0
0
0.0457099
0.11054
0
0
0.15625
0
0
0
0
0
0.15625
0
0
0
0.15625
0
0
0.105715
0.0505354
0
0
0.107042
0.049208
0
0
0.15625
0
0
0
0.15625
0
0
0
0.15625
0
0
0
0.15625
0
0
0
0.15625
0
0
0
0.15625
0
0
0
0.15625
0
0
0.104858
0.0513923
0
0
0.103751
0.0524988
0
0
0.105554
0.0506956
0
0
0.0995392
0.0567108
0
0
0.15625
0
0
0
0.15625
0
0
0
0.15625
0
0
0
0.15625
0
0
0.0283626
0.127887
0
0
0.0529296
0.10332
0
0
0.0437025
0.112547
0
0
0.15625
0
0
0
0.15625
0
0
0
0.15625
0
0
0
0.15625
0
0
0.0529409
0.103309
0
0
0.0479878
0.108262
0
0
0.0531652
0.103085
0
0
0.0504298
0.10582
0
0
0.15625
0
0
0
0.15625
0
0
0
0.15625
0
0
0
0.15625
0
0
0.0493112
0.106939
0
0
0.0477088
0.108541
0
0
0.0495794
0.106671
0
0
0.0513675
0.104882
0
0
0.15625
0
0
0
0.15625
0
0
0
0.15625
0
0
0
0.15625
0
0
0.0490651
0.107185
0
0
0.050894
0.105356
0
0
0.0449268
0.111323
0
0
0.0542327
0.102017
0
0
0.15625
0
0
0
0.15625
0
0
0
0.15625
0
0
0
0.15625
0
0
0.0514917
0.104758
0
0
0.0511336
0.105116
0
0
0.0331696
0.12308
0
0
0.0524992
0.103751
0
0
0.15625
0
0
0
0.15625
0
0
0
0.15625
0
0
0
0.15625
0
0
0
0.15625
0
0
0.0473867
0.108863
0
0
0.0536099
0.10264
0
0
0.0363763
0.119874
0
0
0.15625
0
0
0
0.0529628
0.103287
0
0
0.15625
0
0
0
0.15625
0
0
0
0.15625
0
0
0
0.15625
0
0
0.0495024
0.106748
0
0
0.0506221
0.105628
0
0
0.0474921
0.108758
0
0
0.0525423
0.103708
0
0
0.15625
0
0
0
0.15625
0
0
0
0.15625
0
0
0
0.15625
0
0
0
0.15625
0
0
0.0531987
0.103051
0
0
0.047737
0.108513
0
0
0.0524506
0.103799
0
0
0.0265188
0.129731
0
0.012652
0.143598
0
0
0.0252745
0.130976
0
0
0.0271223
0.129128
0
0
