histogram cpu_inclusive
/Code/DEFAULT_MODULE/gpare2d_,/Machine,/Process,/SyncObject
518 6.4 0  -1
NaN
NaN
NaN
NaN
NaN
NaN
NaN
NaN
NaN
NaN
NaN
NaN
NaN
NaN
NaN
NaN
NaN
NaN
NaN
NaN
NaN
NaN
NaN
NaN
NaN
NaN
NaN
NaN
NaN
NaN
NaN
NaN
NaN
NaN
NaN
NaN
NaN
NaN
NaN
NaN
NaN
NaN
NaN
NaN
NaN
NaN
0
0.00917859
0
0
0
0.00935047
0
0
0
0.00925734
0
0
0
0.00929719
0
0
0
0.0091711
0
0
0
0.00919719
0
0
0
0.00918328
0
0
0
0.00918937
0
0
0
0.00917266
0
0
0
0.00918171
0
0
0
0.00918984
0
0
0
0.00920407
0
0
0
0.00919985
0
0
0
0.00921984
0
0
0
0.00924094
0
0
0
0.00920438
0
0
0
0.00920061
0
0
0
0.00918781
0
0
0
0.00922376
0
0
0.00376807
0.00547661
0
0
0.00255299
0.00660998
0
0
0.00918578
0
0
0
0.00919703
0
0
0
0.00917234
0
0
0
0.00919173
0
0
0
0.00933656
0
0
0
0.00918547
0
0
0
0.00922421
0
0
0.00267238
0.00649185
0
0
0.00234492
0.00687664
0
0
0.00253612
0.00665527
0
0
0.00920594
0
0
0
0.00919862
0
0
0
0.00917733
0
0
0
0.00916686
0
0
0
0.00928033
0
0
0
0.00923015
0
0
0
0
0.00917438
0
0
0
0.00916857
0
0
0
0.0091897
0
0
0
0.00926096
0
0
0
0.00920217
0
0
0
0.00919219
0
0
0.00632746
0.00286689
0
0
0.00619683
0.00299864
0
0
0.00745078
0.00183611
0
0
0.00918437
0
0
0
0.00927892
0
0
0
0.00917468
0
0
0
0.00918329
0
0
0
0.00919033
0
0
0
0.00919547
0
0
0.00295166
0.00623584
0
0
0.00296424
0.00620545
0
0
0.00253947
0.00665943
0
0
0.0091714
0
0
0
0.00919782
0
0
0
0.00919797
0
0
0
0.00918422
0
0
0.00302083
0.00614696
0
0
0.00315036
0.00600934
0
0
0.00259638
0.00658144
0
0
0.00291555
0.00625771
0
0
0.00916813
0
0
0
0.00916235
0
0
0
0.00918031
0
0
0
0.0091897
0
0
0.00306592
0.00610083
0
0
0.00308189
0.0060856
0
0
0.00314981
0.00603266
0
0
0.00312806
0.0060518
0
0
0.00917986
0
0
0
0.0091622
0
0
0
0.00918545
0
0
0
0.00924028
0
0
0.00258424
0.00661783
0
0
0.0030651
0.00609658
0
0
0.00301706
0.00615625
0
0
0.00932299
0
0
0
0.0092075
0
0
0
0.00917844
0
0
0
0.00916995
0
0
0.0027216
0.00644641
0
0
0.00250757
0.0066629
0
0
0.0027323
0.00642394
0
0
0.0029996
0.00616893
0
0
0.00916548
0
0
0
0.00920609
0
0
0
0.00917427
0
0
0
0.00915751
0
0
0
0.00918344
0
0
0.00315162
0.00601379
0
0
0.00310163
0.00611399
0
0
0.00313582
0.00605171
0
0
0.00244352
0.00678745
0
0
0.00916056
0
0
0
0.00917189
0
0
0
0.00918984
0
0
0
0.00919186
0
0
0.00313056
0.00603932
0
0
0.0030959
0.00606392
0
0
0.00312358
0.00607424
0
0
0.00296472
0.00620016
0
0
0.00315911
0.00602149
0
0
0.00916265
0
0
0
0.00916801
0
0
0
0.00916295
0
0
0
0.00917606
0
0
0
0.00936471
0
0
0.00274895
0.0064593
0
0
0.0030892
0.00611398
0
0
0.00258565
0.00660054
0
0
0.00229848
0.00691752
0
0
0.00919044
0
0
0
0.00925377
0
0
0
0.00917502
0
0
0.00156658
0.00759853
0
0
0.00155795
0.00761923
0
0
0.00143436
0.00782455
0
0
0.00154661
0.00761119
0
0
0.00144833
0.00774032
