histogram cpu
/Code/DEFAULT_MODULE/main,/Machine,/Process,/SyncObject
518 6.4 0  -1
NaN
NaN
NaN
NaN
NaN
NaN
NaN
NaN
NaN
NaN
NaN
NaN
NaN
NaN
NaN
NaN
NaN
NaN
NaN
NaN
NaN
NaN
NaN
NaN
NaN
NaN
NaN
NaN
NaN
NaN
NaN
NaN
NaN
NaN
NaN
NaN
NaN
NaN
NaN
NaN
NaN
NaN
NaN
NaN
NaN
NaN
0.852748
0.925432
0.906291
0.94851
0.937997
0.937686
0.890186
0.91107
0.932903
0.928935
0.930678
0.929808
0.928134
0.926597
0.934648
0.917685
0.942504
0.957745
0.963049
0.955134
0.970624
0.961136
0.950573
0.962947
0.96153
0.953059
0.942902
0.956318
0.982284
0.955981
0.964901
0.955904
0.975325
0.955816
0.968467
0.970359
0.957224
0.961163
0.967808
0.954553
0.96386
0.949902
0.976395
0.944902
0.973561
0.952679
0.950983
0.959371
0.973196
0.975949
0.964607
0.963839
0.955905
0.965832
0.952859
0.945424
0.967255
0.959883
0.967574
0.975188
0.939083
0.962716
0.950204
0.956791
0.961273
0.95836
0.978215
0.962855
0.967255
0.967397
0.944597
0.953454
0.973419
0.959825
0.955273
0.957448
0.962896
0.952126
0.973142
0.973306
0.952238
0.984462
0.977449
0.980763
0.977939
0.9624
0.977208
0.981891
0.96908
0.956892
0.975933
0.98422
0.988076
0.975881
0.968709
0.975466
0.968626
0.982515
0.97372
0.973567
0.965187
0.980156
0.975061
0.973713
0.971626
0.981649
0.978142
0.979288
0.955058
0.961238
0.983828
0.987829
0.975081
0.983074
0.972475
0.968389
0.96615
0.960594
0.968629
0.979388
0.970369
0.971011
0.980402
0.966705
0.975557
0.974212
0.982715
0.97286
0.970355
0.972374
0.976567
0.973694
0.979835
0.971645
0.988245
0.975784
0.970088
0.979135
0.974545
0.974099
0.969257
0.974231
0.968361
0.496563
0.149668
0.914886
0.97579
0.97673
0.984015
0.950877
0.97155
0.978512
0.977707
0.982141
0.958942
0.976677
0.979403
0.981978
0.988391
0.971897
0.960145
0.979596
0.978064
0.981939
0.956134
0.966784
0.981994
0.976918
0.969883
0.985195
0.98055
0.978608
0.983265
0.975592
0.98445
0.985952
0.974772
0.965846
0.963339
0.981175
0.973519
0.966929
0.975865
0.975502
0.980793
0.988187
0.977788
0.971847
0.971876
0.986564
0.975795
0.981344
0.961408
0.973937
0.98534
0.972462
0.985295
0.937521
0.981311
0.982565
0.978231
0.979151
0.979304
0.976511
0.971661
0.991182
0.987067
0.9818
0.989258
0.984738
0.976889
0.989197
0.975926
0.990569
0.97962
0.991948
0.981597
0.981033
0.980572
0.988754
0.970003
0.987368
0.980276
0.985603
0.986413
0.983712
0.982248
0.985721
0.982964
0.990685
0.982881
0.985386
0.971249
0.988925
0.990918
0.978931
0.971285
0.992822
0.981941
0.99171
0.984669
0.966349
0.97829
0.988964
0.985836
0.99061
0.976213
0.98668
0.990385
0.986193
0.978393
0.975529
0.990209
0.983072
0.986641
0.987957
0.980456
0.977486
0.965406
0.98956
0.977369
0.984759
0.988281
0.975187
0.982557
0.98283
0.976998
0.987197
0.991058
0.981486
0.980442
0.969901
0.988935
0.990048
0.988857
0.975433
0.990724
0.986274
0.98604
0.986626
0.978152
0.9879
0.986881
0.98867
0.977673
0.985916
0.986942
0.992406
0.982057
0.983655
0.990045
0.982388
0.990545
0.98765
0.982713
0.982942
0.976336
0.987684
0.989985
0.982162
0.991973
0.983511
0.98802
0.986027
0.972295
0.987068
0.989198
0.983084
0.983534
0.980364
0.991956
0.991403
0.989153
0.982917
0.981827
0.989008
0.990127
0.984927
0.973851
0.984705
0.987585
0.992042
0.986655
0.968454
0.985847
0.97761
0.981717
0.983848
0.982157
0.981768
0.987512
0.98773
0.984426
0.980289
0.983776
0.990772
0.991168
0.98082
0.986702
0.960767
0.977507
0.987119
0.98903
0.982704
0.980965
0.991262
0.984261
0.972419
0.968435
0.984277
0.992502
0.988515
0.978932
0.989992
0.985354
0.984076
0.975986
0.978415
0.987887
0.979496
0.988033
0.984992
0.976461
0.99371
0.989869
0.986326
0.986654
0.979854
0.987558
0.982274
0.976053
0.978773
0.973227
0.980895
0.993808
0.984113
0.974736
0.991095
0.988274
0.989779
0.977318
0.980682
0.988002
0.981118
0.983049
0.988721
0.981511
0.980001
0.993858
0.985534
0.986108
0.964649
0.99285
0.986447
0.990327
0.978271
0.981494
0.991708
0.984034
0.98802
0.97536
0.987588
0.991631
0.986248
0.993495
0.97331
0.980637
0.99158
0.978491
0.985697
0.978818
0.981267
0.993735
0.990136
0.982101
0.97739
0.980897
0.98475
0.985852
0.98513
0.984848
0.985975
0.978945
0.985022
0.977907
0.989613
0.987534
0.98451
0.987658
0.980651
0.986718
0.9916
0.97655
0.978239
0.983831
0.98587
0.986804
0.991051
0.977958
0.969082
0.986169
0.984024
0.990863
0.9819
0.979652
0.989175
0.985872
0.992382
0.979191
0.985136
0.987711
0.992574
0.992528
0.982403
0.989339
0.988656
0.994771
0.990566
0.986976
0.994975
0.974948
0.988708
0.989259
0.985727
0.989236
0.992141
0.991085
0.991561
0.986407
0.993341
0.990852
0.973915
