histogram cpu_inclusive
/Code/DEFAULT_MODULE/rnmas2d_,/Machine,/Process,/SyncObject
518 6.4 0  -1
NaN
NaN
NaN
NaN
NaN
NaN
NaN
NaN
NaN
NaN
NaN
NaN
NaN
NaN
NaN
NaN
NaN
NaN
NaN
NaN
NaN
NaN
NaN
NaN
NaN
NaN
NaN
NaN
NaN
NaN
NaN
NaN
NaN
NaN
NaN
NaN
NaN
NaN
NaN
NaN
NaN
NaN
NaN
NaN
NaN
NaN
0
0
0
0.00392328
0
0
0
0.00392469
0
0
0
0.00393047
0
0
0
0.00392734
0
0
0
0.00394828
0
0
0
0.00393328
0
0
0
0.00391141
0
0
0
0.00399656
0
0
0
0.00389922
0
0
0
0.00398141
0
0
0.00230121
0.00160426
0
0
0.00209844
0.00182702
0
0
0.00391922
0
0
0
0.00398844
0
0
0
0.00393094
0
0
0
0.00392094
0
0
0
0.00393031
0
0
0
0.00400125
0
0
0
0.00398437
0
0
0
0.00390859
0
0
0
0.00392766
0
0
0
0.00392141
0
0
0
0.0039225
0
0
0.00100087
0.00291132
0
0
0.00110615
0.00281323
0
0
0.00392796
0
0
0
0.00390938
0
0
0
0.00392547
0
0
0
0.00391047
0
0
0
0.00391344
0
0
0
0.00400203
0
0
0
0.00393094
0
0
0
0.00393359
0
0
0.000891852
0.00301409
0
0
0.000940264
0.00297724
0
0
0.00391609
0
0
0
0
0
0.00392875
0
0
0
0.00392344
0
0
0.00268845
0.00125514
0
0
0.00269179
0.0012154
0
0
0.00275276
0.00123319
0
0
0.00393109
0
0
0
0.00392562
0
0
0
0.00392906
0
0
0
0.00392828
0
0
0
0.00390859
0
0
0
0.00391265
0
0
0
0.00392063
0
0
0.00271134
0.0012146
0
0
0.00273064
0.00118061
0
0
0.00267221
0.00125262
0
0
0.00392187
0
0
0
0.00392672
0
0
0
0.00398453
0
0
0
0.00390984
0
0
0.00134572
0.0025785
0
0
0.00113568
0.00280651
0
0
0.00131063
0.00260266
0
0
0.00131241
0.00260837
0
0
0.00390844
0
0
0
0.003915
0
0
0
0.00392342
0
0
0
0.00394845
0
0
0.00132829
0.00259872
0
0
0.00126605
0.00264083
0
0
0.00104646
0.00289464
0
0
0.00132091
0.0026341
0
0
0.00392281
0
0
0
0.00393609
0
0
0
0.00390563
0
0
0
0.00399126
0
0
0.00130747
0.00262548
0
0
0.0013446
0.00258228
0
0
0.00134095
0.00259076
0
0
0.00392109
0
0
0
0.0039125
0
0
0
0.00391984
0
0
0
0.0039139
0
0
0.00129026
0.0026185
0
0
0.001342
0.00262847
0
0
0.0013107
0.00260585
0
0
0.00131444
0.00260621
0
0
0.00391513
0
0
0
0.00392627
0
0
0
0.00391077
0
0
0
0.00390612
0
0
0.00109955
0.00281636
0
0
0.00134039
0.00257086
0
0
0.00132578
0.00261859
0
0
0.0013205
0.00258856
0
0
0.00133108
0.00269048
0
0
0.00392687
0
0
0
0.00390578
0
0
0
0.00393111
0
0
0
0.00396077
0
0
0.00136442
0.00256498
0
0
0.00132203
0.00259266
0
0
0.00131434
0.00260939
0
0
0.00123635
0.00268239
0
0
0.00392392
0
0
0
0.00393093
0
0
0
0.00392359
0
0
0
0.00390626
0
0
0
0.00393435
0
0
0.00134044
0.00259004
0
0
0.00134982
0.00257503
0
0
0.00133956
0.00258309
0
0
0.00124175
0.00266761
0
0
0.00134937
0.00258703
0
0
0.00392456
0
0
0
0.00392891
0
0
0
0.00392389
0
0
0
0.00391673
0
0
0.00119327
0.00271799
0
0
0.00130532
0.0026192
0
0
0.00135538
0.00255368
0
0
0.000662341
0.00325562
0
0.000668122
0.00325126
0
0
0.00064889
0.00326158
0
0
0.000655451
0.00325048
0
0
0.000507683
