histogram cpu_inclusive
/Code/DEFAULT_MODULE/rgrid2d_,/Machine,/Process,/SyncObject
518 6.4 0  -1
NaN
NaN
NaN
NaN
NaN
NaN
NaN
NaN
NaN
NaN
NaN
NaN
NaN
NaN
NaN
NaN
NaN
NaN
NaN
NaN
NaN
NaN
NaN
NaN
NaN
NaN
NaN
NaN
NaN
NaN
NaN
NaN
NaN
NaN
NaN
NaN
NaN
NaN
NaN
NaN
NaN
NaN
NaN
NaN
NaN
NaN
0
0
0.199718
0
0
0
0.199375
0
0
0
0.198703
0
0
0
0.198937
0
0
0
0.198205
0
0
0
0.198804
0
0
0
0.198418
0
0
0
0.199087
0
0
0
0.198693
0
0
0
0.198905
0
0
0
0.198267
0
0
0
0.199316
0
0
0
0.198465
0
0
0.0230495
0.175734
0
0
0.0422115
0.156287
0
0
0.0746933
0.123909
0
0
0.106888
0.0916052
0
0
0.164831
0.03345
0
0
0.178772
0.0193857
0
0
0.192625
0.0063778
0
0
0.19826
0
0
0
0.198352
0
0
0
0.198556
0
0
0
0.198164
0
0
0
0.198487
0
0
0.00681005
0.191648
0
0
0.0477543
0.150559
0
0
0.0756498
0.123216
0
0
0.144283
0.0544562
0
0
0.198071
0
0
0
0.19846
0
0
0
0.198381
0
0
0
0.198008
0
0
0
0.198668
0
0
0
0.198643
0
0
0
0.198557
0
0
0
0
0.198955
0
0
0
0.198158
0
0
0
0.198492
0
0
0
0.198561
0
0
0.0319839
0.166221
0
0
0.0966076
0.102341
0
0
0.134514
0.0643666
0
0
0.173288
0.0248738
0
0
0.198628
0
0
0
0.198202
0
0
0
0.198319
0
0
0
0.198745
0
0
0
0.199025
0
0
0
0.198196
0
0
0
0.198786
0
0
0.061666
0.137577
0
0
0.0667907
0.131581
0
0
0.13912
0.0596066
0
0
0.197941
0
0
0
0.198569
0
0
0
0.198518
0
0
0.0405507
0.157275
0
0
0.0670112
0.131978
0
0
0.0683115
0.129868
0
0
0.0849965
0.113436
0
0
0.197131
0.00175802
0
0
0.197967
0
0
0
0.198704
0
0
0.0124337
0.185845
0
0
0.0451159
0.153624
0
0
0.0680076
0.130595
0
0
0.0667156
0.131374
0
0
0.0846361
0.114124
0
0
0.169384
0.0291291
0
0
0.198225
0
0
0
0.198365
0
0
0.00852064
0.1898
0
0
0.0439766
0.154415
0
0
0.0663404
0.132024
0
0
0.0579124
0.140122
0
0
0.115916
0.0822096
0
0
0.198408
0
0
0
0.19829
0
0
0
0.19848
0
0
0.0296238
0.168827
0
0
0.0663647
0.132201
0
0
0.0634958
0.135
0
0
0.0575815
0.140571
0
0
0.113026
0.0849612
0
0
0.193193
0.004973
0
0
0.197614
0
0
0
0.197769
0
0
0.0184995
0.180045
0
0
0.0522324
0.145798
0
0
0.0605055
0.138144
0
0
0.0600373
0.138506
0
0
0.0671177
0.131003
0
0
0.160398
0.0377088
0
0
0.197761
0
0
0
0.198138
0
0
0
0.198671
0
0
0.0304652
0.167809
0
0
0.0672781
0.131189
0
0
0.0675397
0.131301
0
0
0.0594677
0.138917
0
0
0.0661229
0.131416
0
0
0.130071
0.0683501
0
0
0.198305
0
0
0
0.198576
0
0
0
0.198383
0
0
0.01687
0.181361
0
0
0.0594938
0.13923
0
0
0.064251
0.134335
0
0
0.069204
0.129251
0
0
0.11742
0.0812327
0
0
0.161827
0.0367705
0
0
0.198138
0
0
0
0.19866
0
0
0
0.198164
0
0
0.0342984
0.16459
0
0
0.0334102
0.164823
0
0
0.033724
0.164154
0
0
0.032944
0.165635
0
0.0215783
0.11949
0.0574226
0
0.0312619
0.166804
