histogram cpu
/Code/DEFAULT_MODULE/lnmas2d_,/Machine,/Process,/SyncObject
518 6.4 0  -1
NaN
NaN
NaN
NaN
NaN
NaN
NaN
NaN
NaN
NaN
NaN
NaN
NaN
NaN
NaN
NaN
NaN
NaN
NaN
NaN
NaN
NaN
NaN
NaN
NaN
NaN
NaN
NaN
NaN
NaN
NaN
NaN
NaN
NaN
NaN
NaN
NaN
NaN
NaN
NaN
NaN
NaN
NaN
NaN
NaN
NaN
0.059107
0
0
0.0191635
0.0401041
0
0
0
0.0592325
0
0
0
0.059028
0
0
0
0.0592266
0
0
0
0.0591019
0
0
0
0.0591036
0
0
0
0.0591464
0
0
0
0.0591804
0
0
0.0206762
0.0385579
0
0
0.0359811
0.0232427
0
0
0.0442859
0.0150637
0
0
0.0590744
0
0
0
0.0590149
0
0
0
0.0592475
0
0
0
0.0591822
0
0
0
0.0591391
0
0
0
0.0591997
0
0
0
0.0592087
0
0
0
0.0591913
0
0
0
0.0590426
0
0
0
0.0589992
0
0
0
0.0590989
0
0
0.0112936
0.0477418
0
0
0.015151
0.043945
0
0
0.0438283
0.0154709
0
0
0.0590499
0
0
0
0.0591671
0
0
0
0.0592527
0
0
0
0.058984
0
0
0
0.0594203
0
0
0
0.0591189
0
0
0
0.0591622
0
0
0.0139116
0.0452565
0
0
0.0162309
0.042785
0
0
0.0396
0.0194789
0
0
0.0591752
0
0
0
0
0.0106273
0.0486548
0
0
0.0316521
0.0276279
0
0
0.0398747
0.0193324
0
0
0.0503346
0.00871546
0
0
0.058933
0
0
0
0.0590257
0
0
0
0.059289
0
0
0
0.058921
0
0
0
0.0593928
0
0
0
0.059109
0
0
0.0212876
0.0380482
0
0
0.0395575
0.0196645
0
0
0.0390491
0.0200277
0
0
0.0398863
0.0194316
0
0
0.0582738
0.00101942
0
0
0.0588313
0
0
0
0.0592372
0
0
0
0.059033
0
0
0.0194079
0.0397655
0
0
0.010616
0.0484718
0
0
0.019915
0.0391237
0
0
0.0305248
0.0287493
0
0
0.0591198
0
0
0
0.05896
0
0
0
0.0590044
0
0
0.005049
0.0541375
0
0
0.019908
0.0391193
0
0
0.0180413
0.0410084
0
0
0.0200439
0.0391087
0
0
0.0284624
0.0307086
0
0
0.0591654
0
0
0
0.0589392
0
0
0
0.0589931
0
0
0.00335758
0.0560355
0
0
0.0185686
0.040547
0
0
0.0179274
0.0410913
0
0
0.0186497
0.0404135
0
0
0.0356826
0.0237086
0
0
0.0591469
0
0
0
0.0591505
0
0
0
0.0591376
0
0
0.0100517
0.0492692
0
0
0.0184438
0.0405633
0
0
0.0191536
0.0399095
0
0
0.0169016
0.042214
0
0
0.0467397
0.0123378
0
0
0.0590304
0
0
0
0.05907
0
0
0
0.0593108
0
0
0.0160897
0.0430351
0
0
0.0193861
0.0396988
0
0
0.0192158
0.0397755
0
0
0.0124471
0.0466819
0
0
0.026119
0.032939
0
0
0.0588953
0
0
0
0.0589997
0
0
0
0.0589919
0
0
0
0.0590408
0
0
0.0186511
0.0405512
0
0
0.0178269
0.0412556
0
0
0.0201499
0.0388277
0
0
0.0236386
0.0356388
0
0
0.059315
0
0
0
0.0518064
0.00747458
0
0
0.0590181
0
0
0
0.0591588
0
0
0
0.0590152
0
0
0.0147043
0.0444819
0
0
0.0185862
0.0403515
0
0
0.0191503
0.0402284
0
0
0.0178413
0.0411607
0
0
0.0346493
0.0244422
0
0
0.0592017
0
0
0
0.0592881
0
0
0
0.0590432
0
0
0.00794327
0.0514325
0
0
0.0158802
0.0432601
0
0
0.020028
0.0390592
0
0
0.0179995
0.0412279
0
0
0.019733
0.0393233
0
0.00946039
0.0472224
0.0026006
0
0.00472899
0.054313
0
0
0.00950269
0.0494999
0
0
0.010198
0.048816
0
0
