histogram procedure_calls
/Code/DEFAULT_MODULE/gpare2d_,/Machine,/Process,/SyncObject
518 6.4 0  -1
NaN
NaN
NaN
NaN
NaN
NaN
NaN
NaN
NaN
NaN
NaN
NaN
NaN
NaN
NaN
NaN
NaN
NaN
NaN
NaN
NaN
NaN
NaN
NaN
NaN
NaN
NaN
NaN
NaN
NaN
NaN
NaN
NaN
NaN
NaN
NaN
NaN
NaN
NaN
NaN
NaN
NaN
NaN
NaN
NaN
NaN
0
0.15625
0
0
0
0.15625
0
0
0
0.15625
0
0
0
0.15625
0
0
0
0.15625
0
0
0
0.15625
0
0
0
0.15625
0
0
0
0.15625
0
0
0
0.15625
0
0
0
0.15625
0
0
0
0.15625
0
0
0
0.15625
0
0
0
0.15625
0
0
0
0.15625
0
0
0
0.15625
0
0
0
0.15625
0
0
0
0.15625
0
0
0
0.15625
0
0
0
0.15625
0
0
0.0866052
0.0696448
0
0
0.0437579
0.112492
0
0
0.15625
0
0
0
0.15625
0
0
0
0.15625
0
0
0
0.15625
0
0
0
0.15625
0
0
0
0.15625
0
0
0
0.15625
0
0
0.045811
0.110439
0
0
0.0399582
0.116292
0
0
0.0433557
0.112894
0
0
0.15625
0
0
0
0.15625
0
0
0
0.15625
0
0
0
0.15625
0
0
0
0.15625
0
0
0
0.15625
0
0
0
0
0.15625
0
0
0
0.15625
0
0
0
0.15625
0
0
0
0.15625
0
0
0
0.15625
0
0
0
0.15625
0
0
0.107784
0.0484662
0
0
0.105542
0.0507081
0
0
0.15625
0
0
0
0.15625
0
0
0
0.15625
0
0
0
0.15625
0
0
0
0.15625
0
0
0
0.15625
0
0
0
0.15625
0
0
0.050316
0.105934
0
0
0.0506301
0.10562
0
0
0.0432636
0.112986
0
0
0.15625
0
0
0
0.15625
0
0
0
0.15625
0
0
0
0.15625
0
0
0.0516557
0.104594
0
0
0.0538671
0.102383
0
0
0.0443308
0.111919
0
0
0.0497869
0.106463
0
0
0.15625
0
0
0
0.15625
0
0
0
0.15625
0
0
0
0.15625
0
0
0.0523785
0.103871
0
0
0.0526474
0.103603
0
0
0.0537173
0.102533
0
0
0.0533545
0.102895
0
0
0.15625
0
0
0
0.15625
0
0
0
0.15625
0
0
0
0.15625
0
0
0.0440082
0.112242
0
0
0.0523883
0.103862
0
0
0.051514
0.104736
0
0
0.15625
0
0
0
0.15625
0
0
0
0.15625
0
0
0
0.15625
0
0
0.0465102
0.10974
0
0
0.042857
0.113393
0
0
0.0467419
0.109508
0
0
0.0512394
0.105011
0
0
0.15625
0
0
0
0.15625
0
0
0
0.15625
0
0
0
0.15625
0
0
0
0.15625
0
0
0.0538451
0.102405
0
0
0.0527053
0.103545
0
0
0.0534447
0.102805
0
0
0.0414887
0.114761
0
0
0.15625
0
0
0
0.15625
0
0
0
0.15625
0
0
0
0.15625
0
0
0.053457
0.102793
0
0
0.0529299
0.10332
0
0
0.053199
0.103051
0
0
0.0506644
0.105586
0
0
0.0538916
0.102358
0
0
0.15625
0
0
0
0.15625
0
0
0
0.15625
0
0
0
0.15625
0
0
0
0.15625
0
0
0.0467693
0.109481
0
0
0.0525643
0.103686
0
0
0.0441076
0.112142
0
0
0.0391017
0.117148
0
0
0.15625
0
0
0
0.15625
0
0
0
0.15625
0
0
0.0267716
0.129478
0
0
0.0265865
0.129663
0
0
0.0242632
0.131987
0
0
0.0264479
0.129802
0
0
0.0246871
0.131563
