histogram cpu
/Code/DEFAULT_MODULE/lmove2d_,/Machine,/Process,/SyncObject
518 6.4 0  -1
NaN
NaN
NaN
NaN
NaN
NaN
NaN
NaN
NaN
NaN
NaN
NaN
NaN
NaN
NaN
NaN
NaN
NaN
NaN
NaN
NaN
NaN
NaN
NaN
NaN
NaN
NaN
NaN
NaN
NaN
NaN
NaN
NaN
NaN
NaN
NaN
NaN
NaN
NaN
NaN
NaN
NaN
NaN
NaN
NaN
NaN
0
0.00346375
0
0
0
0.00343156
0
0
0
0.00341281
0
0
0
0.00342453
0
0
0
0.00342031
0
0
0
0.00340516
0
0
0
0.00343891
0
0
0
0.00340703
0
0
0
0.00340469
0
0
0
0.00341203
0
0
0
0.00346109
0
0
0
0.00340562
0
0
0
0.00340406
0
0
0
0.00339797
0
0
0
0.0034039
0
0
0.000180001
0.00322547
0
0
0.00120393
0.00220091
0
0
0.00287255
0.000611352
0
0
0.00340985
0
0
0
0.00344328
0
0
0
0.00342734
0
0
0
0.00341235
0
0
0
0.00342906
0
0
0
0.00340844
0
0
0
0.00341766
0
0
0
0.00342609
0
0
0.00100702
0.00242532
0
0
0.000974111
0.00243402
0
0
0.00317212
0.000293495
0
0
0.00340938
0
0
0
0.00341563
0
0
0
0.00341593
0
0
0
0.00340172
0
0
0
0.00342125
0
0
0
0.0034136
0
0
0
0.00339234
0
0
0.00089622
0.00251535
0
0
0
0
0.00341672
0
0
0
0.00340626
0
0
0
0.00342437
0
0
0
0.00349297
0
0
0.00234817
0.00105199
0
0
0.0021189
0.00128266
0
0
0.00233011
0.00106161
0
0
0.00341796
0
0
0
0.00347906
0
0
0
0.00345564
0
0
0
0.00339594
0
0
0
0.00340421
0
0
0
0.00340892
0
0
0
0.00340516
0
0
0
0.0034328
0
0
0.00109129
0.00231169
0
0
0.00109358
0.00229595
0
0
0.00340484
0
0
0
0.00339672
0
0
0
0.00342015
0
0
0.00113338
0.00225974
0
0
0.00113289
0.00228352
0
0
0.00112211
0.00228931
0
0
0.00116999
0.00223766
0
0
0.00343671
0
0
0
0.00340203
0
0
0
0.00342688
0
0
0
0.00346236
0
0
0.00100805
0.002401
0
0
0.00111823
0.00230583
0
0
0.00114055
0.00227554
0
0
0.00114638
0.00226971
0
0
0.0034111
0
0
0
0.00339516
0
0
0
0.00343297
0
0
0
0.00341501
0
0
0.0011497
0.0022517
0
0
0.00106878
0.00233263
0
0
0.000955115
0.0024541
0
0
0.00113261
0.00225864
0
0
0.00339204
0
0
0
0.00340093
0
0
0
0.00340672
0
0
0
0.00341093
0
0
0.00112539
0.00229352
0
0
0.00101265
0.0024061
0
0
0.000929347
0.00247784
0
0
0.00101063
0.00238313
0
0
0.00341093
0
0
0
0.00341374
0
0
0
0.0034225
0
0
0
0.00341484
0
0
0.00118955
0.00223561
0
0
0.00107449
0.00232614
0
0
0.00117571
0.00224928
0
0
0.00114623
0.00226551
0
0
0.00340842
0
0
0
0.00340689
0
0
0
0.00342578
0
0
0
0.00340842
0
0
0
0.00343908
0
0
0.00113708
0.00227886
0
0
0.00115863
0.00224137
0
0
0.00115285
0.00226417
0
0
0.0011573
0.0022563
0
0
0.00208457
0.00140059
0
0
0.00340141
0
0
0
0.00341032
0
0
0
0.00339329
0
0
0
0.00339575
0
0
0.00109403
0.00231487
0
0
0.000938465
0.00247342
0
0
0.00101288
0.00238746
0
0
0.00113606
0.00225518
0
0
0.00339657
0
0
0
0.00339404
0
0
0
0.00343204
0
0
0
0.00340719
0
0
0
0.00340518
0
0
0.000580671
0.00282246
0
0
0.000576156
0.00282414
0
0
0.000524102
0.00286528
0
0.000577785
0.00285988
0
0
0.000561098
0.00283734
0
