histogram procedure_calls
/Code/DEFAULT_MODULE/rdvol2d_,/Machine,/Process,/SyncObject
518 6.4 0  -1
NaN
NaN
NaN
NaN
NaN
NaN
NaN
NaN
NaN
NaN
NaN
NaN
NaN
NaN
NaN
NaN
NaN
NaN
NaN
NaN
NaN
NaN
NaN
NaN
NaN
NaN
NaN
NaN
NaN
NaN
NaN
NaN
NaN
NaN
NaN
NaN
NaN
NaN
NaN
NaN
NaN
NaN
NaN
NaN
NaN
NaN
0
0
0.15625
0
0
0
0.15625
0
0
0
0.15625
0
0
0
0.15625
0
0
0
0.15625
0
0
0
0.15625
0
0
0
0.15625
0
0
0
0.15625
0
0
0
0.15625
0
0
0
0.15625
0
0
0
0.15625
0
0
0
0.15625
0
0
0
0.15625
0
0
0
0.15625
0
0
0
0.15625
0
0
0
0.15625
0
0
0
0.15625
0
0
0.0952483
0.0610018
0
0
0.0890402
0.0672098
0
0
0.0886527
0.0675973
0
0
0.15625
0
0
0
0.15625
0
0
0
0.15625
0
0
0
0.15625
0
0
0
0.15625
0
0
0
0.15625
0
0
0
0.15625
0
0
0.0216055
0.134644
0
0
0.0446379
0.111612
0
0
0.15625
0
0
0
0.15625
0
0
0
0.15625
0
0
0
0.15625
0
0
0
0.15625
0
0
0
0.15625
0
0
0
0.15625
0
0
0
0
0.15625
0
0
0
0.15625
0
0
0
0.15625
0
0
0
0.15625
0
0
0
0.15625
0
0
0
0.15625
0
0
0.105888
0.0503625
0
0
0.103975
0.0522746
0
0
0.15625
0
0
0
0.15625
0
0
0
0.15625
0
0
0
0.15625
0
0
0
0.15625
0
0
0
0.15625
0
0
0
0.15625
0
0
0
0.15625
0
0
0.052706
0.103544
0
0
0.0544361
0.101814
0
0
0.15625
0
0
0
0.15625
0
0
0
0.15625
0
0
0
0.15625
0
0
0.0527122
0.103538
0
0
0.0539623
0.102288
0
0
0.0524615
0.103788
0
0
0.0390363
0.117214
0
0
0.15625
0
0
0
0.15625
0
0
0
0.15625
0
0
0
0.15625
0
0
0.0536055
0.102645
0
0
0.0527279
0.103522
0
0
0.0521836
0.104066
0
0
0.0501318
0.106118
0
0
0.15625
0
0
0
0.15625
0
0
0
0.15625
0
0
0
0.15625
0
0
0.0523584
0.103892
0
0
0.0458065
0.110443
0
0
0.0524178
0.103832
0
0
0.15625
0
0
0
0.15625
0
0
0
0.15625
0
0
0
0.15625
0
0
0.0523168
0.103933
0
0
0.050088
0.106162
0
0
0.0455159
0.110734
0
0
0.0537965
0.102454
0
0
0.0543788
0.101871
0
0
0.15625
0
0
0
0.15625
0
0
0
0.15625
0
0
0
0.15625
0
0
0.0476978
0.108552
0
0
0.0473563
0.108894
0
0
0.0530368
0.103213
0
0
0.05316
0.10309
0
0
0.15625
0
0
0
0.15625
0
0
0
0.15625
0
0
0
0.15625
0
0
0.0530656
0.103184
0
0
0.053176
0.103074
0
0
0.0469465
0.109303
0
0
0.0524044
0.103846
0
0
0.0525181
0.103732
0
0
0.15625
0
0
0
0.15625
0
0
0
0.15625
0
0
0
0.15625
0
0
0
0.15625
0
0
0.0506581
0.105592
0
0
0.0545895
0.101661
0
0
0.036966
0.119284
0
0
0.0507294
0.105521
0
0
0.15625
0
0
0
0.15625
0
0
0
0.15625
0
0
0
0.15625
0
0
0.0263839
0.129866
0
0
0.0266817
0.129568
0
0
0.0259703
0.13028
0
0
0.0262644
0.129986
0
0.0247137
0.131536
