histogram cpu_inclusive
/Code/DEFAULT_MODULE/ldtx42d_,/Machine,/Process,/SyncObject
518 6.4 0  -1
NaN
NaN
NaN
NaN
NaN
NaN
NaN
NaN
NaN
NaN
NaN
NaN
NaN
NaN
NaN
NaN
NaN
NaN
NaN
NaN
NaN
NaN
NaN
NaN
NaN
NaN
NaN
NaN
NaN
NaN
NaN
NaN
NaN
NaN
NaN
NaN
NaN
NaN
NaN
NaN
NaN
NaN
NaN
NaN
NaN
NaN
0
0
0
0
0
0.06645
0
0
0
0.066083
0
0
0
0.0663614
0
0
0
0.0660269
0
0
0
0.0661266
0
0
0
0.0662767
0
0
0
0.0663616
0
0
0
0.0661681
0
0
0
0.0661934
0
0
0
0.0658426
0
0
0
0.0660508
0
0
0.0085155
0.0574353
0
0
0.0312268
0.0350272
0
0
0.0419068
0.0242312
0
0
0.0658967
0
0
0
0.065916
0
0
0
0.0663248
0
0
0
0.0659258
0
0
0
0.0664662
0
0
0
0.0662576
0
0
0
0.0659315
0
0
0
0.0659756
0
0
0
0.0659072
0
0
0
0.0659782
0
0
0.0180034
0.0477464
0
0
0.0194434
0.0464624
0
0
0.0656767
0
0
0
0.0658731
0
0
0
0.0659591
0
0
0
0.0657387
0
0
0
0.0658849
0
0
0
0.0658117
0
0
0
0.0660057
0
0
0.00425589
0.0617837
0
0
0.0181935
0.0475992
0
0
0.0173522
0.0483173
0
0
0
0
0.0658745
0
0
0
0.0656866
0
0
0
0.0659594
0
0
0.0410896
0.0249994
0
0
0.0456344
0.020291
0
0
0.0664285
0
0
0
0.0659525
0
0
0
0.0659969
0
0
0
0.0658441
0
0
0
0.0659657
0
0
0
0.0658515
0
0
0
0.0657693
0
0
0.0309953
0.0352275
0
0
0.0204794
0.0454457
0
0
0.0443808
0.0217097
0
0
0.045947
0.0202705
0
0
0.0660312
0
0
0
0.0658342
0
0
0
0.0659001
0
0
0.0132413
0.0528367
0
0
0.0221399
0.04399
0
0
0.0218369
0.043867
0
0
0.0217278
0.0441198
0
0
0.0659755
0
0
0
0.0662071
0
0
0
0.0659376
0
0
0
0.0658622
0
0
0.022706
0.0435222
0
0
0.0195284
0.0463254
0
0
0.0216393
0.0444661
0
0
0.0220914
0.0439232
0
0
0.065757
0
0
0
0.0656882
0
0
0
0.0660017
0
0
0
0.0661749
0
0
0.0205795
0.0453385
0
0
0.0223823
0.0436856
0
0
0.0207794
0.0451779
0
0
0.0378693
0.0283402
0
0
0.0658774
0
0
0
0.0657362
0
0
0
0.0658959
0
0
0.00290848
0.0631752
0
0
0.0215416
0.0441303
0
0
0.0217828
0.0442419
0
0
0.0195757
0.046322
0
0
0.0534571
0.0128512
0
0
0.0657916
0
0
0
0.0658751
0
0
0
0.0660712
0
0
0
0.0658947
0
0
0.0221776
0.0436325
0
0
0.0229678
0.0430199
0
0
0.0209037
0.0450792
0
0
0.0226816
0.0432459
0
0
0.0658959
0
0
0
0.0659418
0
0
0
0.0660551
0
0
0
0.0661689
0
0
0.00875082
0.0575194
0
0
0.0202867
0.0456337
0
0
0.0219735
0.0438902
0
0
0.0225184
0.0434079
0
0
0.0223298
0.043702
0
0
0.046795
0.0191652
0
0
0.0661248
0
0
0
0.0659716
0
0
0
0.0661963
0
0
0.00270416
0.063088
0
0
0.0208744
0.045136
0
0
0.0211692
0.0446313
0
0
0.0181824
0.0477112
0
0
0.023494
0.0425962
0
0
0.0659496
0
0
0
0.0659126
0
0
0
0.0658607
0
0
0
0.0659776
0
0
0.0117757
0.0542197
0
0
0.0225558
0.0435082
0
0
0.0112417
0.0544915
0
0
0.0112086
0.0547809
0
0.00839067
0.057535
0
0
0.0111092
0.0548361
0
0
0.0109138
0.0550405
0
