histogram cpu
/Code/DEFAULT_MODULE/lnacc2d_,/Machine,/Process,/SyncObject
518 6.4 0  -1
NaN
NaN
NaN
NaN
NaN
NaN
NaN
NaN
NaN
NaN
NaN
NaN
NaN
NaN
NaN
NaN
NaN
NaN
NaN
NaN
NaN
NaN
NaN
NaN
NaN
NaN
NaN
NaN
NaN
NaN
NaN
NaN
NaN
NaN
NaN
NaN
NaN
NaN
NaN
NaN
NaN
NaN
NaN
NaN
NaN
NaN
0.193714
0.141694
0
0
0.333836
0
0
0
0.333766
0
0
0
0.329496
0.00450878
0
0
0.294072
0.0395623
0
0
0.313799
0.0198894
0
0
0.324444
0.00910414
0
0
0.332836
0
0
0
0.332915
0
0
0
0.33342
0
0
0.000576495
0.333049
0
0
0.0147534
0.318524
0
0
0.022255
0.310707
0
0
0.066541
0.267021
0
0
0.0777382
0.255924
0
0
0.118488
0.214902
0
0
0.125425
0.207875
0
0
0.159342
0.174461
0
0
0.176769
0.15646
0
0
0.203294
0.129898
0
0
0.235649
0.0976497
0
0
0.273816
0.0591919
0
0
0.311807
0.0215576
0
0
0.333031
0
0
0.0109759
0.322174
0
0
0.0207389
0.312318
0
0
0.0538595
0.279497
0
0
0.108116
0.224713
0
0
0.149368
0.183491
0
0
0.210386
0.122943
0
0
0.241566
0.0919612
0
0
0.280469
0.052758
0
0
0.314033
0.0190886
0
0
0.33324
0
0
0.0107457
0.32243
0
0
0.0277301
0.305555
0
0
0.0530588
0.280628
0
0
0
0
0.329123
0.00401784
0
0
0.333314
0
0
0.0225287
0.310516
0
0
0.0658514
0.267321
0
0
0.100943
0.232069
0
0
0.142619
0.19059
0
0
0.198723
0.13443
0
0
0.258035
0.0754999
0
0
0.296762
0.0365969
0
0
0.312861
0.0200522
0
0
0.330554
0.00251483
0
0.00955136
0.323672
0
0
0.0363961
0.296919
0
0
0.0321452
0.300959
0
0
0.0695025
0.263455
0
0
0.125685
0.207382
0
0
0.186727
0.145946
0
0
0.228557
0.104443
0
0
0.272317
0.0608326
0
0.0100465
0.304154
0.0187203
0
0.0427933
0.290248
0
0
0.0516752
0.281022
0
0
0.0851938
0.248165
0
0
0.148171
0.185361
0
0
0.204225
0.128662
0
0
0.239867
0.0930824
0
0.0051015
0.282467
0.0455117
0
0.0239321
0.301815
0.0075623
0
0.0476839
0.285468
0
0
0.0628483
0.270005
0
0
0.0891061
0.244415
0
0
0.149404
0.183674
0
0
0.194659
0.138416
0
0
0.239339
0.0936273
0
0.00601457
0.279021
0.047976
0
0.0237034
0.309162
0
0
0.0442969
0.288574
0
0
0.0683355
0.264673
0
0
0.110091
0.22294
0
0
0.172317
0.160494
0
0
0.217377
0.1157
0
0
0.260205
0.0729231
0
0.0111001
0.287266
0.0343779
0
0.0329267
0.300073
0
0
0.0485862
0.284413
0
0
0.0793019
0.253175
0
0
0.118923
0.214176
0
0
0.173996
0.159094
0
0
0.21582
0.117253
0
0
0.260787
0.0723033
0
0.00754641
0.287257
0.0384317
0
0.0278781
0.305178
0
0
0.0292913
0.304013
0
0
0.0661692
0.266437
0
0
0.0913213
0.242129
0
0
0.149347
0.183795
0
0
0.197978
0.135022
0
0
0.238916
0.09414
0
0
0.278995
0.0544813
0
0.0199391
0.2872
0.026332
0
0.0416374
0.291433
0
0
0.0380489
0.295124
0
0
0.060301
0.272765
0
0
0.0800626
0.25291
0
0
0.136107
0.197272
0
0
0.188789
0.144244
0
0
0.227909
0.105172
0
0
0.265379
0.0673652
0
0.0155289
0.282956
0.0347003
0
0.0316273
0.301567
0
0
0.0467855
0.285792
0
0
0.0696533
0.262924
0
0
0.103934
0.229366
0
0
0.161006
0.172079
0
0
0.19871
0.133768
0
0
0.242119
0.0913404
0
0
0.272099
0.0605831
0
0.0175113
0.300669
0.0149143
0
0.0331121
0.299758
0
0
0.0594025
0.273389
0
0
0.0563223
0.277075
0
0.00521834
0.101622
0.226202
0
0.0196563
0.13783
0.175401
0
0.0330853
0.182128
0.117729
0
