histogram cpu
/Code/DEFAULT_MODULE/gpare2d_,/Machine,/Process,/SyncObject
518 6.4 0  -1
NaN
NaN
NaN
NaN
NaN
NaN
NaN
NaN
NaN
NaN
NaN
NaN
NaN
NaN
NaN
NaN
NaN
NaN
NaN
NaN
NaN
NaN
NaN
NaN
NaN
NaN
NaN
NaN
NaN
NaN
NaN
NaN
NaN
NaN
NaN
NaN
NaN
NaN
NaN
NaN
NaN
NaN
NaN
NaN
NaN
NaN
0
0.00905875
0
0
0
0.00922672
0
0
0
0.00913656
0
0
0
0.00917844
0
0
0
0.00904937
0
0
0
0.00907687
0
0
0
0.00904844
0
0
0
0.00906875
0
0
0
0.00905281
0
0
0
0.00905938
0
0
0
0.00906922
0
0
0
0.0090825
0
0
0
0.00907906
0
0
0
0.0090975
0
0
0
0.00910141
0
0
0
0.00908359
0
0
0
0.00908048
0
0
0
0.00906061
0
0
0
0.00910109
0
0
0.0037564
0.0053644
0
0
0.0025057
0.00653632
0
0
0.00906453
0
0
0
0.00907548
0
0
0
0.00905203
0
0
0
0.00907188
0
0
0
0.00921296
0
0
0
0.00906345
0
0
0
0.00910375
0
0
0.00262294
0.0064208
0
0
0.00230064
0.00680045
0
0
0.00248817
0.00658105
0
0
0.00908734
0
0
0
0.00907829
0
0
0
0.00905657
0
0
0
0.00903014
0
0
0
0.00915688
0
0
0
0.00910938
0
0
0
0
0.00905327
0
0
0
0.00904784
0
0
0
0.00907138
0
0
0
0.00913829
0
0
0
0.00908062
0
0
0
0.00907172
0
0
0.00622948
0.00284272
0
0
0.00610022
0.00297306
0
0
0.00734011
0.00182459
0
0
0.00906467
0
0
0
0.00915546
0
0
0
0.00905581
0
0
0
0.00906169
0
0
0
0.00906751
0
0
0
0.00907548
0
0
0.00290646
0.00616149
0
0
0.00291808
0.00613132
0
0
0.00249766
0.00657889
0
0
0.00905141
0
0
0
0.00907622
0
0
0
0.00907797
0
0
0
0.00906549
0
0
0.00297518
0.00607466
0
0
0.00310206
0.00593729
0
0
0.00255471
0.0065036
0
0
0.00286891
0.00618015
0
0
0.00904843
0
0
0
0.00904188
0
0
0
0.00906173
0
0
0
0.00906825
0
0
0.00301877
0.00602746
0
0
0.00303471
0.00601313
0
0
0.00310155
0.0059597
0
0
0.00307629
0.00597125
0
0
0.00905603
0
0
0
0.00903912
0
0
0
0.00906594
0
0
0
0.00911839
0
0
0.00254278
0.00653911
0
0
0.00301802
0.00602289
0
0
0.00297062
0.00608303
0
0
0.00919841
0
0
0
0.00907861
0
0
0
0.00905685
0
0
0
0.00904858
0
0
0.00267624
0.00636475
0
0
0.00246658
0.0065826
0
0
0.00268913
0.00634701
0
0
0.00295327
0.00609472
0
0
0.00904493
0
0
0
0.00908487
0
0
0
0.0090538
0
0
0
0.00903875
0
0
0
0.00906423
0
0
0.00310362
0.00594213
0
0
0.00305411
0.00604089
0
0
0.00308798
0.00597922
0
0
0.0024034
0.00670642
0
0
0.00903986
0
0
0
0.00905246
0
0
0
0.00906989
0
0
0
0.00907212
0
0
0.00308236
0.00596734
0
0
0.0030484
0.00599162
0
0
0.00307534
0.00600029
0
0
0.0029182
0.00612636
0
0
0.00311007
0.00594849
0
0
0.00904113
0
0
0
0.00904873
0
0
0
0.0090345
0
0
0
0.00905737
0
0
0
0.00924267
0
0
0.00270553
0.00638261
0
0
0.00304044
0.00604003
0
0
0.00254377
0.00652179
0
0
0.00225941
0.00683372
0
0
0.00907034
0
0
0
0.00913389
0
0
0
0.00905469
0
0
0.00154292
0.00750425
0
0
0.0015337
0.00752226
0
0
0.00141171
0.00772248
0
0
0.00152259
0.00751482
0
0
0.00142596
0.00764385
