histogram cpu_inclusive
/Code/DEFAULT_MODULE/echanen_,/Machine,/Process,/SyncObject
518 6.4 0  -1
NaN
NaN
NaN
NaN
NaN
NaN
NaN
NaN
NaN
NaN
NaN
NaN
NaN
NaN
NaN
NaN
NaN
NaN
NaN
NaN
NaN
NaN
NaN
NaN
NaN
NaN
NaN
NaN
NaN
NaN
NaN
NaN
NaN
NaN
NaN
NaN
NaN
NaN
NaN
NaN
NaN
NaN
NaN
NaN
NaN
NaN
0
0
1.25e-06
1.09375e-06
0
0
1.25e-06
0
1.25e-06
0
1.25e-06
0
1.09375e-06
0
1.09375e-06
0
1.25e-06
0
1.25e-06
0
1.09375e-06
0
1.25e-06
0
1.25e-06
0
1.25e-06
0
1.25e-06
0
1.25e-06
0
1.25e-06
0
1.25e-06
7.29116e-07
5.20885e-07
0
1.25e-06
1.25e-06
0
0
1.25e-06
1.25e-06
0
3.6596e-07
8.8404e-07
1.09375e-06
0
1.25e-06
0
1.25e-06
0
1.09375e-06
0
1.09375e-06
0
1.09375e-06
0
1.25e-06
0
1.25e-06
0
1.25e-06
0
1.25e-06
0
1.25e-06
0
1.25e-06
0
1.25e-06
0
1.25e-06
0
1.25e-06
0
1.09375e-06
0
1.09375e-06
0
1.25e-06
0
1.40625e-06
0
1.25e-06
0
1.09375e-06
0
1.25e-06
3.67799e-07
8.82202e-07
3.63018e-07
8.86982e-07
3.21591e-07
9.2841e-07
2.43333e-07
1.00667e-06
1.25e-06
0
1.44763e-07
1.10524e-06
1.25e-06
0
1.25e-06
0
1.25e-06
0
1.09375e-06
0
1.25e-06
0
1.25e-06
0
1.09375e-06
0
1.25e-06
0
1.25e-06
0
1.25e-06
0
1.25e-06
0
1.25e-06
0
1.25e-06
0
1.25e-06
3.51614e-07
8.98377e-07
0
1.09376e-06
3.44894e-07
9.05106e-07
1.6462e-07
1.08537e-06
1.25e-06
0
1.09376e-06
0
1.24999e-06
0
0
0
1.25e-06
8.31306e-07
4.18694e-07
0
1.25e-06
9.56616e-07
4.49636e-07
0
1.25e-06
8.43047e-07
4.06953e-07
7.2359e-07
3.70159e-07
1.25e-06
0
8.71994e-07
3.78006e-07
1.25e-06
0
1.25e-06
0
1.09375e-06
0
1.25e-06
0
1.25e-06
0
1.09375e-06
0
1.09375e-06
0
1.25e-06
0
1.25e-06
0
1.25e-06
0
1.25e-06
0
1.25e-06
8.56126e-07
3.93874e-07
0
1.25e-06
8.36218e-07
4.13782e-07
8.54784e-07
3.95217e-07
7.23957e-07
3.69793e-07
5.60164e-07
5.33586e-07
1.25e-06
0
8.62508e-07
3.87492e-07
1.25e-06
0
1.09375e-06
0
1.09375e-06
0
1.25e-06
0
1.25e-06
0
1.25e-06
0
1.09375e-06
0
1.25e-06
3.74667e-07
7.19082e-07
3.90406e-07
8.59594e-07
2.25319e-07
1.02468e-06
4.23582e-07
8.26419e-07
4.22197e-07
8.27803e-07
4.03457e-07
8.46543e-07
1.09375e-06
0
4.20291e-07
8.2971e-07
1.25e-06
0
1.25e-06
0
1.25e-06
0
1.25e-06
0
1.40624e-06
0
1.25e-06
4.25343e-07
8.24657e-07
0
1.25e-06
4.22214e-07
8.27795e-07
4.20716e-07
8.29276e-07
3.82539e-07
8.67471e-07
3.94533e-07
8.55458e-07
4.24109e-07
8.25883e-07
3.49795e-07
9.00215e-07
1.24999e-06
0
4.27385e-07
8.22625e-07
1.40624e-06
0
1.09376e-06
0
1.24999e-06
0
1.25001e-06
0
1.24999e-06
0
1.25001e-06
4.19281e-07
8.3071e-07
0
1.25001e-06
3.93195e-07
8.56796e-07
4.71003e-07
9.35257e-07
3.80321e-07
8.69671e-07
4.17029e-07
8.32981e-07
3.9533e-07
8.54661e-07
3.23033e-07
9.26977e-07
1.24999e-06
0
4.17308e-07
8.32683e-07
1.09376e-06
0
1.09376e-06
0
1.24999e-06
0
1.25001e-06
0
1.24999e-06
0
1.24999e-06
3.80482e-07
8.69528e-07
0
1.09374e-06
3.42366e-07
7.51392e-07
4.16794e-07
8.33216e-07
4.05916e-07
8.44076e-07
4.19974e-07
8.30017e-07
1.09376e-06
0
4.17105e-07
8.32886e-07
1.25001e-06
0
3.49263e-07
7.44477e-07
1.25001e-06
0
1.24999e-06
0
1.25001e-06
0
1.24999e-06
0
1.25001e-06
0
1.40624e-06
4.06062e-07
8.43948e-07
0
1.24999e-06
3.5936e-07
7.34399e-07
4.32693e-07
8.17298e-07
3.56819e-07
7.36939e-07
4.27267e-07
8.22725e-07
2.30862e-07
8.62896e-07
4.2796e-07
8.22031e-07
1.25001e-06
0
3.80006e-07
8.69985e-07
1.25001e-06
0
1.24999e-06
0
1.25001e-06
0
1.24999e-06
0
1.09376e-06
0
1.24999e-06
4.1843e-07
8.31579e-07
0
1.24999e-06
4.12797e-07
8.37213e-07
0
1.24999e-06
3.77789e-07
8.7222e-07
4.28964e-07
8.21027e-07
4.27621e-07
8.22389e-07
3.57906e-07
7.35835e-07
1.25001e-06
0
4.2303e-07
8.26961e-07
1.24999e-06
0
4.76867e-07
9.29394e-07
1.24999e-06
0
1.25001e-06
0
1.24999e-06
0
1.25001e-06
0
1.24999e-06
0
1.25001e-06
0
1.24999e-06
0
1.25001e-06
4.20462e-07
8.29529e-07
0
1.25001e-06
3.94753e-07
8.55238e-07
4.31662e-07
8.18348e-07
4.03701e-07
8.46291e-07
3.46455e-07
9.03554e-07
3.78601e-07
8.71391e-07
4.20554e-07
8.29455e-07
1.24999e-06
0
4.03714e-07
8.46277e-07
1.25001e-06
0
1.24999e-06
0
1.09376e-06
0
1.24999e-06
0
1.25001e-06
0
1.24999e-06
3.76486e-07
7.17272e-07
0
1.24999e-06
3.95139e-07
8.54871e-07
0
1.09374e-06
4.24274e-07
8.25736e-07
4.18906e-07
8.31085e-07
3.80534e-07
8.69476e-07
4.19832e-07
8.30159e-07
4.18293e-07
8.31716e-07
2.10329e-07
1.25055e-06
1.03912e-06
2.12124e-07
1.03787e-06
1.00494e-07
1.14952e-06
1.93569e-07
1.05642e-06
2.01596e-07
1.04841e-06
2.11021e-07
1.03897e-06
2.16302e-07
1.03371e-06
1.96946e-07
1.05305e-06
