histogram cpu_inclusive
/Code/DEFAULT_MODULE/ldttemp_,/Machine,/Process,/SyncObject
518 6.4 0  -1
NaN
NaN
NaN
NaN
NaN
NaN
NaN
NaN
NaN
NaN
NaN
NaN
NaN
NaN
NaN
NaN
NaN
NaN
NaN
NaN
NaN
NaN
NaN
NaN
NaN
NaN
NaN
NaN
NaN
NaN
NaN
NaN
NaN
NaN
NaN
NaN
NaN
NaN
NaN
NaN
NaN
NaN
NaN
NaN
NaN
NaN
0
0
0
0
0
0.0390375
0
0
0
0.0386939
0
0
0
0.038878
0
0
0
0.0384561
0
0
0
0.0384895
0
0
0
0.0386297
0
0
0
0.0386194
0
0
0
0.0386013
0
0
0
0.0385558
0
0
0
0.0388489
0
0
0
0.0387258
0
0
0
0.0387087
0
0
0
0.038548
0
0
0.000705759
0.0380452
0
0
0.0023121
0.0362729
0
0
0.0211635
0.0174723
0
0
0.0384673
0
0
0
0.0386088
0
0
0
0.03882
0
0
0
0.0385317
0
0
0
0.0384931
0
0
0
0.0386006
0
0
0
0.0386356
0
0
0
0.0384003
0
0
0
0.038518
0
0
0.0113869
0.0272176
0
0
0.0111127
0.0275688
0
0
0.0384884
0
0
0
0.0386788
0
0
0
0.0387422
0
0
0
0.0384852
0
0
0
0.0385226
0
0
0
0.0387503
0
0
0
0.0385807
0
0
0
0.0387104
0
0
0.0101793
0.0283527
0
0
0
0
0.0387496
0
0
0
0.0385474
0
0
0
0.0385182
0
0
0
0.0389782
0
0
0.0267634
0.0119029
0
0
0.0240092
0.0144263
0
0
0.0364252
0.00223382
0
0
0.0385475
0
0
0
0.0387898
0
0
0
0.038743
0
0
0
0.038674
0
0
0
0.0385329
0
0
0
0.0385229
0
0
0
0.0384967
0
0
0.0161728
0.0226546
0
0
0.0124564
0.0262978
0
0
0.0364411
0.00207403
0
0
0.0384687
0
0
0
0.0384447
0
0
0
0.0386372
0
0
0.0129408
0.0257147
0
0
0.0127734
0.0256629
0
0
0.0127063
0.0258043
0
0
0.01325
0.0252564
0
0
0.0385854
0
0
0
0.0386065
0
0
0
0.0387751
0
0
0
0.0384232
0
0
0.011457
0.0271814
0
0
0.0126002
0.0258952
0
0
0.0129096
0.0256707
0
0
0.0129808
0.025615
0
0
0.0386149
0
0
0
0.0386828
0
0
0
0.0385952
0
0
0
0.0386253
0
0
0.0130372
0.0254484
0
0
0.0121717
0.0264667
0
0
0.0108622
0.0277941
0
0
0.0128815
0.0256059
0
0
0.0386354
0
0
0
0.0384402
0
0
0
0.0384682
0
0
0.00383335
0.0349058
0
0
0.0127153
0.025828
0
0
0.01149
0.0271925
0
0
0.0105125
0.0279095
0
0
0.0311805
0.00760218
0
0
0.038439
0
0
0
0.0384337
0
0
0
0.0386015
0
0
0
0.0386643
0
0
0.0134423
0.0251806
0
0
0.0121823
0.0262747
0
0
0.0132749
0.0253137
0
0
0.0130274
0.0256628
0
0
0.0385159
0
0
0
0.0386345
0
0
0
0.0385791
0
0
0
0.0386688
0
0
0.00979962
0.0289914
0
0
0.0128714
0.0257121
0
0
0.0131805
0.0254105
0
0
0.0130901
0.0256219
0
0
0.0131747
0.0256035
0
0
0.0389203
0
0
0
0.0383005
0
0
0
0.0384736
0
0
0
0.0385925
0
0
0.000390986
0.038397
0
0
0.0124121
0.0261712
0
0
0.0106688
0.0279997
0
0
0.0115385
0.0270919
0
0
0.0129451
0.0256036
0
0
0.0385579
0
0
0
0.0385454
0
0
0
0.0386363
0
0
0
0.0386322
0
0
0.0111698
0.0273548
0
0
0.00658896
0.031941
0
0
0.00657244
0.0321256
0
0
0.0059599
0.0324928
0
0.006499
0.0320822
0
0
0.00640448
0.0323016
0
