histogram cpu
/Code/DEFAULT_MODULE/ldtsize_,/Machine,/Process,/SyncObject
518 6.4 0  -1
NaN
NaN
NaN
NaN
NaN
NaN
NaN
NaN
NaN
NaN
NaN
NaN
NaN
NaN
NaN
NaN
NaN
NaN
NaN
NaN
NaN
NaN
NaN
NaN
NaN
NaN
NaN
NaN
NaN
NaN
NaN
NaN
NaN
NaN
NaN
NaN
NaN
NaN
NaN
NaN
NaN
NaN
NaN
NaN
NaN
NaN
0
1.09375e-06
0
0
2.1875e-06
2.34375e-06
0
0
1.71875e-06
2.8125e-06
0
0
4.06535e-08
4.33435e-06
0
0
0
4.21875e-06
0
0
1.0364e-06
3.49486e-06
0
0
9.51355e-07
3.26739e-06
0
0
9.04665e-07
3.47033e-06
0
0
1.91553e-06
2.61572e-06
0
0
1.92354e-06
2.60771e-06
0
0
2.03125e-06
2.34375e-06
0
0
2.1875e-06
2.34375e-06
0
0
2.34375e-06
2.34375e-06
0
0
2.38817e-06
2.14308e-06
0
0
2.64325e-06
1.73175e-06
0
0
2.9018e-06
1.62945e-06
0
0
3.72246e-06
8.08794e-07
0
0
5e-06
0
0
0
4.375e-06
0
0
0
4.37501e-06
0
0
0
4.375e-06
0
0
4.59301e-07
4.07195e-06
0
0
6.26397e-07
3.59236e-06
0
0
1.70491e-06
2.67009e-06
0
0
2.34375e-06
2.34375e-06
0
0
2.35752e-06
2.01748e-06
0
0
2.92048e-06
1.76702e-06
0
0
2.85693e-06
1.67432e-06
0
0
4.6875e-06
0
0
0
4.53125e-06
0
0
0
4.53125e-06
0
0
4.13332e-07
3.96167e-06
0
0
6.52888e-07
4.03461e-06
0
0
1.74033e-06
3.10343e-06
0
0
1.83821e-06
2.53679e-06
0
0
2.6717e-06
2.17203e-06
0
0
2.80273e-06
1.72853e-06
0
0
0
1.32459e-06
3.05041e-06
0
0
2.14354e-06
2.54396e-06
0
0
1.86062e-06
2.35813e-06
0
0
2.73107e-06
2.11268e-06
0
0
3.64937e-06
7.25626e-07
0
0
3.49066e-06
8.84341e-07
0
0
3.8762e-06
3.42563e-07
0
0
4.53125e-06
0
0
1.05383e-06
3.32116e-06
0
0
1.02769e-06
3.50356e-06
0
0
1.46405e-06
3.0672e-06
0
0
2.02088e-06
2.35411e-06
0
0
2.29581e-06
2.54794e-06
0
0
2.14428e-06
2.54321e-06
0
0
3.23253e-06
1.45497e-06
0
0
3.09512e-06
1.59238e-06
0
5.27183e-07
3.15723e-06
8.46838e-07
0
5.29991e-07
4.00128e-06
0
0
6.77734e-07
3.69726e-06
0
0
7.29145e-07
3.64585e-06
0
0
2.76198e-06
1.76927e-06
0
0
2.91267e-06
1.46233e-06
0
0
2.9068e-06
1.46819e-06
0
0
2.99197e-06
1.53928e-06
0
5.0275e-07
4.0285e-06
0
0
7.4506e-07
3.62995e-06
0
0
7.60702e-07
3.9268e-06
0
0
7.48061e-07
3.62694e-06
0
0
2.59629e-06
2.09121e-06
0
0
3.05792e-06
1.47333e-06
0
0
2.91763e-06
1.45737e-06
0
0
2.97379e-06
1.55748e-06
0
5.9434e-07
4.09316e-06
0
0
7.62668e-07
3.92483e-06
0
0
6.89925e-07
3.68507e-06
0
0
2.05916e-06
2.31584e-06
0
0
2.56568e-06
1.96557e-06
0
0
2.87459e-06
1.5004e-06
0
0
2.84388e-06
1.68737e-06
0
5.23533e-07
2.86281e-06
1.1449e-06
0
6.31123e-07
4.21263e-06
0
0
7.557e-07
3.77555e-06
0
0
7.52968e-07
3.77828e-06
0
0
2.22982e-06
2.30142e-06
0
0
2.38517e-06
1.67733e-06
0
0
2.88146e-06
1.64979e-06
0
0
2.58508e-06
1.47745e-06
0
5.85248e-07
3.22432e-06
8.77932e-07
0
5.11669e-07
3.86333e-06
0
0
7.2289e-07
3.65211e-06
0
0
6.39845e-07
3.73515e-06
0
0
2.13891e-06
2.54859e-06
0
0
2.539e-06
1.83599e-06
0
0
2.72219e-06
1.49655e-06
0
0
3.04544e-06
1.64206e-06
0
0
2.92221e-06
1.45278e-06
0
5.25748e-07
3.84925e-06
0
0
7.1475e-07
3.8165e-06
0
0
5.81672e-07
3.79332e-06
0
0
7.38849e-07
3.7924e-06
0
0
2.0419e-06
2.33313e-06
0
0
2.49842e-06
1.87658e-06
0
0
2.9327e-06
1.44229e-06
0
0
3.03068e-06
1.65682e-06
0
0
2.77262e-06
1.44612e-06
0
5.76868e-07
3.95438e-06
0
0
5.70719e-07
3.80428e-06
0
0
6.90865e-07
3.68413e-06
0
0
7.52233e-07
3.62276e-06
0
0
2.21149e-06
2.31976e-06
0
0
2.51497e-06
2.01627e-06
0
0
2.83193e-06
1.69932e-06
0
0
2.83887e-06
1.53612e-06
0
0
3.49204e-06
1.03921e-06
0
5.37498e-07
3.99375e-06
0
0
7.27694e-07
3.64734e-06
0
0
7.35083e-07
3.63991e-06
0
0
6.4713e-07
4.04037e-06
0
0
2.14786e-06
2.38339e-06
0
0
2.04223e-06
2.33276e-06
0
3.69425e-07
2.21507e-06
1.94675e-06
0
3.2672e-07
2.22307e-06
1.98146e-06
0
7.6136e-07
3.76989e-06
0
0
7.22118e-07
3.65288e-06
0
