histogram procedure_calls
/Code/DEFAULT_MODULE/rnvem2d_,/Machine,/Process,/SyncObject
518 6.4 0  -1
NaN
NaN
NaN
NaN
NaN
NaN
NaN
NaN
NaN
NaN
NaN
NaN
NaN
NaN
NaN
NaN
NaN
NaN
NaN
NaN
NaN
NaN
NaN
NaN
NaN
NaN
NaN
NaN
NaN
NaN
NaN
NaN
NaN
NaN
NaN
NaN
NaN
NaN
NaN
NaN
NaN
NaN
NaN
NaN
NaN
NaN
0
0
0
0.15625
0
0
0
0.15625
0
0
0
0.15625
0
0
0
0.15625
0
0
0
0.15625
0
0
0
0.15625
0
0
0
0.15625
0
0
0
0.15625
0
0
0
0.15625
0
0
0
0.15625
0
0
0.0925158
0.0637342
0
0
0.0840002
0.0722498
0
0
0.15625
0
0
0
0.15625
0
0
0
0.15625
0
0
0
0.15625
0
0
0
0.15625
0
0
0
0.15625
0
0
0
0.15625
0
0
0
0.15625
0
0
0
0.15625
0
0
0
0.15625
0
0
0
0.15625
0
0
0.0401897
0.11606
0
0
0.0443225
0.111927
0
0
0.15625
0
0
0
0.15625
0
0
0
0.15625
0
0
0
0.15625
0
0
0
0.15625
0
0
0
0.15625
0
0
0
0.15625
0
0
0
0.15625
0
0
0.0359106
0.120339
0
0
0.0377381
0.118512
0
0
0.15625
0
0
0
0
0
0.15625
0
0
0
0.15625
0
0
0.106754
0.0494957
0
0
0.107871
0.0483791
0
0
0.15625
0
0
0
0.15625
0
0
0
0.15625
0
0
0
0.15625
0
0
0
0.15625
0
0
0
0.15625
0
0
0
0.15625
0
0
0
0.15625
0
0
0.108137
0.0481133
0
0
0.109316
0.0469342
0
0
0.106603
0.0496472
0
0
0.15625
0
0
0
0.15625
0
0
0
0.15625
0
0
0
0.15625
0
0
0.0536992
0.102551
0
0
0.045134
0.111116
0
0
0.0524461
0.103804
0
0
0.0524081
0.103842
0
0
0.15625
0
0
0
0.15625
0
0
0
0.15625
0
0
0
0.15625
0
0
0.052955
0.103295
0
0
0.0507433
0.105507
0
0
0.0416142
0.114636
0
0
0.0522905
0.103959
0
0
0.15625
0
0
0
0.15625
0
0
0
0.15625
0
0
0
0.15625
0
0
0.0520538
0.104196
0
0
0.0536159
0.102634
0
0
0.0534052
0.102845
0
0
0.15625
0
0
0
0.15625
0
0
0
0.15625
0
0
0
0.15625
0
0
0.0516898
0.10456
0
0
0.0529277
0.103322
0
0
0.0523996
0.10385
0
0
0.0524896
0.10376
0
0
0.15625
0
0
0
0.15625
0
0
0
0.15625
0
0
0
0.15625
0
0
0.0439945
0.112256
0
0
0.0536453
0.102605
0
0
0.0526225
0.103627
0
0
0.0528975
0.103353
0
0
0.0518186
0.104431
0
0
0.15625
0
0
0
0.15625
0
0
0
0.15625
0
0
0
0.15625
0
0
0.054371
0.101879
0
0
0.0528758
0.103374
0
0
0.0524448
0.103805
0
0
0.0494114
0.106839
0
0
0.15625
0
0
0
0.15625
0
0
0
0.15625
0
0
0
0.15625
0
0
0
0.15625
0
0
0.0534275
0.102822
0
0
0.0538408
0.102409
0
0
0.0534615
0.102788
0
0
0.0497374
0.106513
0
0
0.0536741
0.102576
0
0
0.15625
0
0
0
0.15625
0
0
0
0.15625
0
0
0
0.15625
0
0
0.0477867
0.108463
0
0
0.0520799
0.10417
0
0
0.0542904
0.10196
0
0
0.0264721
0.129778
0
0.026694
0.129556
0
0
0.0259797
0.13027
0
0
0.0262736
0.129976
0
0
0.0202381
