histogram io_bytes
/Code,/Machine,/Process,/SyncObject
518 6.4 0  -1
NaN
NaN
NaN
NaN
NaN
NaN
NaN
NaN
NaN
NaN
NaN
NaN
NaN
NaN
NaN
NaN
NaN
NaN
NaN
NaN
NaN
NaN
NaN
NaN
NaN
NaN
NaN
NaN
NaN
NaN
NaN
NaN
NaN
NaN
NaN
NaN
NaN
NaN
NaN
NaN
NaN
NaN
NaN
NaN
NaN
NaN
182920
0
0
4.84375
0
0
0
0
4.84375
0
0
0
4.84375
0
0
0
4.84375
0
0
0
4.84375
0
0
0
4.84375
0
0
0
4.84375
0
0
0
4.84375
0
0
2.95636
1.88739
0
0
4.84375
0
0
0
4.84375
0
0
0
4.84375
0
0
0
4.84375
0
0
0
4.84375
0
0
0
4.84375
0
0
0
4.84375
0
0
0
4.84375
0
0
0
4.84375
0
0
0
4.84375
0
0
0
4.84375
0
0
0
4.84375
0
0
0
4.84375
0
0
1.43926
3.40449
0
0
1.3501
3.49365
0
0
4.84375
0
0
0
4.84375
0
0
0
4.84375
0
0
0
4.84375
0
0
0
4.84375
0
0
0
4.84375
0
0
0
4.84375
0
0
0
4.84375
0
0
1.41808
3.42567
0
0
1.39394
3.44981
0
0
4.84375
0
0
0
4.84375
0
0
0
0
3.27747
1.56628
0
0
3.32765
1.5161
0
0
3.32116
1.52259
0
0
4.84375
0
0
0
4.84375
0
0
0
4.84375
0
0
0
4.84375
0
0
0
4.84375
0
0
0
4.84375
0
0
0
4.84375
0
0
3.33123
1.51252
0
0
3.33547
1.50828
0
0
3.28098
1.56277
0
0
870763
76614.8
0
0
4.84375
0
0
0
4.84375
0
0
0
4.84375
0
0
0
4.84375
0
0
1.66641
3.17734
0
0
1.62414
3.21961
0
0
1.6626
3.18115
0
0
4.84375
0
0
0
4.84375
0
0
0
4.84375
0
0
0
4.84375
0
0
1.65528
3.18847
0
0
1.64306
3.20069
0
0
1.67644
3.16731
0
0
1.66974
3.17401
0
0
4.84375
0
0
0
4.84375
0
0
0
4.84375
0
0
0
4.84375
0
0
1.63182
3.21193
0
0
1.64556
3.19819
0
0
1.66826
3.17549
0
0
1.63209
3.21166
0
0
4.84375
0
0
0
4.84375
0
0
0
4.84375
0
0
0
4.84375
0
0
1.66884
3.17491
0
0
1.62735
3.2164
0
0
1.64103
3.20272
0
0
1.67414
3.16961
0
0
4.84375
0
0
0
4.84375
0
0
0
4.84375
0
0
0
4.84375
0
0
1.67097
3.17278
0
0
1.63961
3.20414
0
0
1.67734
3.16641
0
0
1.66553
3.17822
0
0
4.84375
0
0
0
4.84375
0
0
0
4.84375
0
0
0
4.84375
0
0
1.6685
3.17525
0
0
1.67676
3.16699
0
0
1.6299
3.21385
0
0
1.68338
3.16037
0
0
1.67133
3.17242
0
0
4.84375
0
0
0
947378
0
0
0
4.84375
0
0
0
4.84375
0
0
0
4.84375
0
0
1.63728
3.20647
0
0
1.64045
3.2033
0
0
1.67415
3.1696
0
0
1.63241
3.21134
0
0
4.84375
0
0
0
4.84375
0
0
0
4.84375
0
0
0
4.84375
0
0
1.67448
3.16927
0
0
1.65341
3.19034
0
0
1.65105
3.1927
0
0
1.6691
3.17465
0
0
1.62784
3.21591
0
0.820797
4.02295
0
0
0.832491
4.01126
0
0
0.835317
4.00843
0
0
0.841751
4.002
0
0
