histogram cpu
/Code/DEFAULT_MODULE/rsetup_,/Machine,/Process,/SyncObject
518 6.4 0  -1
NaN
NaN
NaN
NaN
NaN
NaN
NaN
NaN
NaN
NaN
NaN
NaN
NaN
NaN
NaN
NaN
NaN
NaN
NaN
NaN
NaN
NaN
NaN
NaN
NaN
NaN
NaN
NaN
NaN
NaN
NaN
NaN
NaN
NaN
NaN
NaN
NaN
NaN
NaN
NaN
NaN
NaN
NaN
NaN
NaN
NaN
0
0
0.0692902
0
0
0
0.0693119
0
0
0
0.0689044
0
0
0
0.0690828
0
0
0
0.0691398
0
0
0
0.0692298
0
0
0
0.0692331
0
0
0
0.0691425
0
0
0
0.0691716
0
0
0
0.0692144
0
0
0
0.0692435
0
0
0.00739756
0.0617695
0
0
0.0352325
0.03387
0
0
0.0534402
0.0163742
0
0
0.059186
0.0100693
0
0
0.0690686
0
0
0
0.069185
0
0
0
0.0691132
0
0
0
0.0691569
0
0
0
0.0691502
0
0
0
0.0690806
0
0
0
0.0689979
0
0
0
0.0689812
0
0
0.0016852
0.0676736
0
0
0.00962865
0.0593873
0
0
0.00797948
0.0610789
0
0
0.0375296
0.0316776
0
0
0.0691655
0
0
0
0.069471
0
0
0
0.069194
0
0
0
0.0690536
0
0
0
0.0689879
0
0
0
0.068924
0
0
0
0.0690204
0
0
0.00706025
0.0620415
0
0
0.0155767
0.0535794
0
0
0
0
0.0691891
0
0
0
0.0693503
0
0
0
0.0692466
0
0
0.0278842
0.0410652
0
0
0.0480399
0.0208475
0
0
0.0534816
0.015734
0
0
0.0686544
0.000488784
0
0
0.0691873
0
0
0
0.069387
0
0
0
0.0689587
0
0
0
0.069131
0
0
0
0.0692487
0
0
0.0136376
0.0554075
0
0
0.0308995
0.0383089
0
0
0.0435231
0.0257569
0
0
0.0463753
0.0228984
0
0
0.0614164
0.00759179
0
0
0.0689897
0
0
0
0.0690266
0
0
0.00338207
0.0659062
0
0
0.0232979
0.0458471
0
0
0.0223028
0.0468198
0
0
0.0231792
0.045781
0
0
0.0368683
0.0319461
0
0
0.0690347
0
0
0
0.0691175
0
0
0
0.0693122
0
0
0.0155602
0.0536516
0
0
0.0217917
0.0472767
0
0
0.0193152
0.049738
0
0
0.023552
0.0453545
0
0
0.0346948
0.0345187
0
0
0.0689906
0
0
0
0.0689763
0
0
0
0.0690308
0
0
0.00964352
0.0595765
0
0
0.023018
0.0459994
0
0
0.0178019
0.0511202
0
0
0.0229872
0.0458919
0
0
0.0553725
0.01408
0
0
0.0687563
0
0
0
0.0690347
0
0
0
0.0691772
0
0
0.0177642
0.0513975
0
0
0.0231425
0.0457604
0
0
0.0229991
0.045948
0
0
0.0220306
0.0469904
0
0
0.0623236
0.00682314
0
0
0.0690973
0
0
0
0.0687534
0
0
0
0.0693655
0
0
0.0109666
0.058173
0
0
0.0236056
0.0454768
0
0
0.0236326
0.0454164
0
0
0.0210006
0.0481045
0
0
0.0398027
0.0293649
0
0
0.0690353
0
0
0
0.0691909
0
0
0
0.0689363
0
0
0
0.0690895
0
0
0.0192563
0.0499918
0
0
0.0226384
0.0465667
0
0
0.0233607
0.0456889
0
0
0.0234234
0.0456733
0
0
0.0312731
0.038065
0
0
0.0637546
0.0054178
0
0
0.0692153
0
0
0
0.0691825
0
0
0
0.0688839
0
0
0.0162206
0.0529291
0
0
0.0191863
0.0500671
0
0
0.023206
0.0457917
0
0
0.0222584
0.0466827
0
0
0.0400768
0.0289901
0
0
0.0689614
0
0
0
0.0690728
0
0
0
0.0688177
0
0
0
0.0690907
0
0
0.0220741
0.0469874
0
0
0.0231713
0.0458402
0
0
0.0115988
0.0573554
0
0.00117222
0.0163208
0.0516459
0
0.00994126
0.0552052
0.00381075
0
0.0116728
0.0574954
0
0
0.0108925
0.0582649
