histogram cpu
/Code/DEFAULT_MODULE/rgrid2d_,/Machine,/Process,/SyncObject
518 6.4 0  -1
NaN
NaN
NaN
NaN
NaN
NaN
NaN
NaN
NaN
NaN
NaN
NaN
NaN
NaN
NaN
NaN
NaN
NaN
NaN
NaN
NaN
NaN
NaN
NaN
NaN
NaN
NaN
NaN
NaN
NaN
NaN
NaN
NaN
NaN
NaN
NaN
NaN
NaN
NaN
NaN
NaN
NaN
NaN
NaN
NaN
NaN
0
0
0.00254281
0
0
0
0.00253828
0
0
0
0.00252125
0
0
0
0.00258563
0
0
0
0.00252531
0
0
0
0.00252344
0
0
0
0.00254547
0
0
0
0.00251672
0
0
0
0.00251031
0
0
0
0.00253781
0
0
0
0.00252937
0
0
0
0.00254062
0
0
0
0.00252859
0
0
0.00137718
0.00114985
0
0
0.00147074
0.0010477
0
0
0.00238833
0.000165424
0
0
0.00251438
1.71829e-06
0
0
0.00256132
5.57061e-07
0
0
0.00252892
6.12747e-07
0
0
0.00253853
6.83724e-07
0
0
0.0025236
0
0
0
0.00254422
0
0
0
0.002545
0
0
0
0.00252578
0
0
0
0.0025125
0
0
0.000290245
0.00223022
0
0
0.000769145
0.00175851
0
0
0.00252992
1.48682e-06
0
0
0.00255841
1.12187e-06
0
0
0.00253594
0
0
0
0.00252437
0
0
0
0.00253391
0
0
0
0.00253124
0
0
0
0.00253641
0
0
0
0.00253156
0
0
0
0.00251391
0
0
0
0
0.00254421
0
0
0
0.00252797
0
0
0
0.00252484
0
0
0
0.00252641
0
0
0.00175522
0.000764003
0
0
0.00169711
0.00082742
0
0
0.00172091
0.000829717
0
0
0.00252165
5.25025e-07
0
0
0.00253673
0
0
0
0.00251812
0
0
0
0.00251407
0
0
0
0.00252359
0
0
0
0.00253251
0
0
0
0.00251359
0
0
0
0.00256344
0
0
0.00166271
0.000843374
0
0
0.000854525
0.00168908
0
0
0.00252263
1.11907e-06
0
0
0.0025325
0
0
0
0.00252797
0
0
0
0.00257563
0
0
0.000810421
0.00170348
0
0
0.000852829
0.00168515
0
0
0.000868422
0.00165657
0
0
0.00251558
1.14681e-06
0
0
0.00251179
1.17619e-06
0
0
0.00253078
0
0
0
0.00251969
0
0
0.000800202
0.0017384
0
0
0.000704605
0.00181695
0
0
0.000861721
0.00166015
0
0
0.000847497
0.00167484
0
0
0.00253084
1.03179e-06
0
0
0.00251244
1.16634e-06
0
0
0.00251079
0
0
0
0.00252046
0
0
0.000839264
0.0016795
0
0
0.000652462
0.00187628
0
0
0.000841163
0.00168008
0
0
0.000737099
0.00179072
0
0
0.00251162
1.02953e-06
0
0
0.00252767
0
0
0
0.00252297
0
0
0
0.00254156
0
0
0.000846824
0.00167676
0
0
0.000842185
0.00168328
0
0
0.000807158
0.00172254
0
0
0.000728451
0.00178545
0
0
0.00251689
9.1809e-07
0
0
0.00251325
1.13197e-06
0
0
0.00251329
0
0
0
0.0025353
0
0
0.000862067
0.00166325
0
0
0.000863839
0.00166241
0
0
0.000769781
0.00176412
0
0
0.000761722
0.00176436
0
0
0.000877351
0.00170437
0
0
0.00252954
9.36113e-07
0
0
0.00252375
0
0
0
0.00251312
0
0
0
0.00253031
0
0
0.000827181
0.00170391
0
0
0.000855586
0.00167411
0
0
0.000855442
0.00166878
0
0
0.000751242
0.00176188
0
0
0.000841182
0.00167773
0
0
0.00252323
1.13998e-06
0
0
0.0025272
0
0
0
0.00251764
0
0
0
0.00251343
0
0
0.000700703
0.00183149
0
0
0.000847771
0.0016752
0
0
0.000810841
0.00170135
0
0
0.000881951
0.00165289
0
0
0.00254128
1.08307e-06
0
0
0.00253253
1.05879e-06
0
0
0.00256641
0
0
0
0.0025125
0
0
0
0.00253672
0
0
0.000845962
0.00167574
0
0
0.0004286
0.00212015
0
0
0.000430378
0.00210103
0
0
0.000421618
0.00212557
0
0.000426042
0.00209956
1.42679e-06
0
0.000396747
0.00212341
