histogram procedure_calls
/Code/DEFAULT_MODULE/thermal_transport_hydro_only_,/Machine,/Process,/SyncObject
518 6.4 0  -1
NaN
NaN
NaN
NaN
NaN
NaN
NaN
NaN
NaN
NaN
NaN
NaN
NaN
NaN
NaN
NaN
NaN
NaN
NaN
NaN
NaN
NaN
NaN
NaN
NaN
NaN
NaN
NaN
NaN
NaN
NaN
NaN
NaN
NaN
NaN
NaN
NaN
NaN
NaN
NaN
NaN
NaN
NaN
NaN
NaN
NaN
0
0.15625
0
0
0
0.15625
0
0
0
0.15625
0
0
0
0.0147694
0.141481
0
0
0
0.15625
0
0
0.0871057
0.0691443
0
0
0.0785158
0.0777342
0
0
0.15625
0
0
0
0.15625
0
0
0
0.15625
0
0
0
0.15625
0
0
0
0.15625
0
0
0
0.15625
0
0
0
0.15625
0
0
0
0.15625
0
0
0
0.15625
0
0
0
0.15625
0
0
0
0.15625
0
0
0
0.15625
0
0
0
0.15625
0
0
0
0.15625
0
0
0.0407125
0.115537
0
0
0.0470234
0.109227
0
0
0.15625
0
0
0
0.15625
0
0
0
0.15625
0
0
0
0.15625
0
0
0
0.15625
0
0
0
0.15625
0
0
0
0.15625
0
0
0.0435183
0.112732
0
0
0.0129042
0.143346
0
0
0.0440048
0.112245
0
0
0.15625
0
0
0
0.15625
0
0
0
0.15625
0
0
0
0.0543832
0.0947888
0.00707801
0
0
0.107361
0.0488894
0
0
0.15625
0
0
0
0.15625
0
0
0
0.15625
0
0
0
0.15625
0
0
0
0.15625
0
0
0
0.15625
0
0
0
0.15625
0
0
0.106386
0.0498644
0
0
0.109065
0.0471852
0
0
0.106218
0.0500324
0
0
0.15625
0
0
0
0.15625
0
0
0
0.15625
0
0
0
0.15625
0
0
0
0.15625
0
0
0.050711
0.105539
0
0
0.0433486
0.112901
0
0
0.049028
0.107222
0
0
0.0531711
0.103079
0
0
0.15625
0
0
0
0.15625
0
0
0
0.15625
0
0
0
0.15625
0
0
0.0444156
0.111834
0
0
0.0498661
0.106384
0
0
0.052813
0.103437
0
0
0.15625
0
0
0
0.15625
0
0
0
0.15625
0
0
0
0.15625
0
0
0
0.15625
0
0
0.0537897
0.10246
0
0
0.0534275
0.102823
0
0
0.0525555
0.103694
0
0
0.0523409
0.103909
0
0
0.15625
0
0
0
0.15625
0
0
0
0.15625
0
0
0.0524635
0.103786
0
0
0.051592
0.104658
0
0
0.047332
0.108918
0
0
0.0523069
0.103943
0
0
0.15625
0
0
0
0.15625
0
0
0
0.15625
0
0
0
0.15625
0
0
0.0468219
0.109428
0
0
0.0513143
0.104936
0
0
0.0534104
0.10284
0
0
0.0543126
0.101937
0
0
0.15625
0
0
0
0.15625
0
0
0
0.15625
0
0
0
0.15625
0
0
0
0.15625
0
0
0.0535162
0.102734
0
0
0.0415754
0.114675
0
0
0.0526208
0.103629
0
0
0.0538469
0.102403
0
0
0.15625
0
0
0
0.15625
0
0
0
0.15625
0
0
0
0.15625
0
0
0
0.15625
0
0
0.0507445
0.105505
0
0
0.0539735
0.102276
0
0
0.0514792
0.104771
0
0
0.054186
0.102064
0
0
0.15625
0
0
0
0.15625
0
0
0
0.15625
0
0
0
0.15625
0
0
0
0.15625
0
0
0.0441931
0.112057
0
0
0.0391894
0.117061
0
0
0.0529679
0.103282
0
0
0.0525726
0.103677
0
0
0.15625
0
0
0.0268123
0.129438
0
0
0.0266272
0.129623
0
0
0.0243037
0.131946
0
0
0.0264895
0.12976
0
0
0.0247271
0.131523
