histogram cpu_inclusive
/Code/DEFAULT_MODULE/ldtx22d_,/Machine,/Process,/SyncObject
518 6.4 0  -1
NaN
NaN
NaN
NaN
NaN
NaN
NaN
NaN
NaN
NaN
NaN
NaN
NaN
NaN
NaN
NaN
NaN
NaN
NaN
NaN
NaN
NaN
NaN
NaN
NaN
NaN
NaN
NaN
NaN
NaN
NaN
NaN
NaN
NaN
NaN
NaN
NaN
NaN
NaN
NaN
NaN
NaN
NaN
NaN
NaN
NaN
0
0
0
0
0
0.0660075
0
0
0
0.0660623
0
0
0
0.0660874
0
0
0
0.0659995
0
0
0
0.0659039
0
0
0
0.0657497
0
0
0
0.0660589
0
0
0
0.0659019
0
0
0
0.0661136
0
0
0.0309304
0.0349736
0
0
0.0366946
0.0292149
0
0
0.0616539
0.00428771
0
0
0.0659805
0
0
0
0.0660565
0
0
0
0.0657833
0
0
0
0.0657667
0
0
0
0.0660213
0
0
0
0.0658756
0
0
0
0.0659449
0
0
0
0.0660329
0
0
0
0.0656992
0
0
0
0.0658771
0
0
0.00747892
0.0583672
0
0
0
0.0656831
0
0
0.0198319
0.0459909
0
0
0.0656752
0
0
0
0.0657098
0
0
0
0.0659828
0
0
0
0.0656843
0
0
0
0.0659522
0
0
0
0.0657603
0
0
0
0.0658785
0
0
0.0110998
0.0548619
0
0
0.0169304
0.0490205
0
0
0.0228621
0.0430875
0
0
0.0654757
0
0
0
0
0
0.0659136
0
0
0.0213731
0.0446233
0
0
0.0421103
0.023887
0
0
0.0543008
0.0120663
0
0
0.0657898
0
0
0
0.0657842
0
0
0
0.0662258
0
0
0
0.0657964
0
0
0
0.0660476
0
0
0
0.0658706
0
0
0
0.0658491
0
0
0.0426687
0.023339
0
0
0.0445587
0.0214502
0
0
0.0449308
0.0208951
0
0
0.05529
0.0104662
0
0
0.0659919
0
0
0
0.0657919
0
0
0
0.0658095
0
0
0.0209847
0.0449589
0
0
0.0220305
0.0438925
0
0
0.0221415
0.0439949
0
0
0.0218768
0.0439488
0
0
0.0658208
0
0
0
0.065833
0
0
0
0.0658557
0
0
0
0.0658524
0
0
0.0214315
0.0444117
0
0
0.0226092
0.0433383
0
0
0.0194873
0.0462298
0
0
0.0216068
0.0444012
0
0
0.0659406
0
0
0
0.0657359
0
0
0
0.0655288
0
0
0
0.0658357
0
0
0.0223941
0.0433698
0
0
0.0206021
0.0453903
0
0
0.0222924
0.0435118
0
0
0.0230521
0.0428137
0
0
0.0661856
0
0
0
0.0657499
0
0
0
0.0658625
0
0
0.00483348
0.0611959
0
0
0.0227602
0.0432001
0
0
0.0215855
0.0442222
0
0
0.021761
0.0441993
0
0
0.0660712
0
0
0
0.0659472
0
0
0
0.0660175
0
0
0
0.0658894
0
0
0.00447512
0.0614822
0
0
0.0208804
0.0452122
0
0
0.0222155
0.043709
0
0
0.0229303
0.0429513
0
0
0.0209279
0.0451332
0
0
0.065847
0
0
0
0.0658566
0
0
0
0.0658137
0
0
0
0.0660181
0
0
0.0137607
0.052311
0
0
0.022192
0.0433499
0
0
0.0202516
0.0455567
0
0
0.0219232
0.0437915
0
0
0.0412204
0.024722
0
0
0.0594187
0.00657498
0
0
0.0656921
0
0
0
0.0658649
0
0
0
0.0660712
0
0
0.0144829
0.0516097
0
0
0.0227581
0.0432582
0
0
0.020799
0.0449748
0
0
0.0212586
0.0448215
0
0
0.0441994
0.0219159
0
0
0.0658518
0
0
0
0.065732
0
0
0
0.0657642
0
0
0
0.065974
0
0
0.0212918
0.0446917
0
0
0.019583
0.0464011
0
0
0.0225261
0.0434527
0
0
0.011278
0.0546692
0
0.0104493
0.0519341
0.00330681
0
0.00987037
0.0560202
0
0
0.0110906
0.0547457
0
0
0.0109035
0.0549901
0
