histogram cpu_inclusive
/Code/DEFAULT_MODULE/rdvol2d_,/Machine,/Process,/SyncObject
518 6.4 0  -1
NaN
NaN
NaN
NaN
NaN
NaN
NaN
NaN
NaN
NaN
NaN
NaN
NaN
NaN
NaN
NaN
NaN
NaN
NaN
NaN
NaN
NaN
NaN
NaN
NaN
NaN
NaN
NaN
NaN
NaN
NaN
NaN
NaN
NaN
NaN
NaN
NaN
NaN
NaN
NaN
NaN
NaN
NaN
NaN
NaN
NaN
0
0
0.149078
0
0
0
0.149199
0
0
0
0.14905
0
0
0
0.148946
0
0
0
0.148988
0
0
0
0.148964
0
0
0
0.148729
0
0
0
0.148723
0
0
0
0.148757
0
0
0
0.148875
0
0
0
0.148793
0
0
0
0.1487
0
0
0
0.148956
0
0
0
0.148987
0
0
0
0.148722
0
0
0
0.148981
0
0
0
0.148504
0
0
0.0231276
0.125949
0
0
0.044632
0.10387
0
0
0.0613877
0.0871096
0
0
0.0945281
0.0537975
0
0
0.148555
0
0
0
0.148428
0
0
0
0.148559
0
0
0
0.149013
0
0
0
0.148878
0
0
0
0.148472
0
0
0.00796101
0.140805
0
0
0.042123
0.106
0
0
0.0530356
0.0960195
0
0
0.112023
0.036593
0
0
0.148636
0
0
0
0.149054
0
0
0
0.148552
0
0
0
0.148941
0
0
0
0.148502
0
0
0
0
0.148239
0
0
0
0.149561
0
0
0
0.148634
0
0
0
0.148603
0
0
0
0.14874
0
0
0
0.148368
0
0
0.0249976
0.123909
0
0
0.0986943
0.0499394
0
0
0.114324
0.0344585
0
0
0.139436
0.009084
0
0
0.148129
0
0
0
0.148269
0
0
0
0.148757
0
0
0
0.149047
0
0
0
0.14848
0
0
0
0.148327
0
0
0.0499101
0.0983439
0
0
0.051759
0.0971072
0
0
0.080192
0.0682247
0
0
0.14833
0
0
0
0.148246
0
0
0
0.148203
0
0
0.0234652
0.125509
0
0
0.0511574
0.0972749
0
0
0.0498427
0.0989001
0
0
0.0369067
0.111271
0
0
0.097226
0.0514769
0
0
0.148626
0
0
0
0.148506
0
0
0
0.148628
0
0
0.0244739
0.124176
0
0
0.0499859
0.0984499
0
0
0.0495761
0.0991626
0
0
0.0475316
0.100946
0
0
0.102561
0.0462726
0
0
0.148779
0
0
0
0.148365
0
0
0
0.148107
0
0
0.0367599
0.112
0
0
0.0433993
0.105029
0
0
0.0495565
0.098468
0
0
0.0767941
0.0718122
0
0
0.135134
0.0131552
0
0
0.148455
0
0
0
0.148454
0
0
0.00277391
0.146396
0
0
0.0406163
0.108456
0
0
0.0431566
0.105379
0
0
0.0509832
0.097399
0
0
0.0514877
0.0967551
0
0
0.144967
0.00379286
0
0
0.148764
0
0
0
0.148537
0
0
0
0.14834
0
0
0.0248984
0.123915
0
0
0.0449002
0.103606
0
0
0.0503416
0.0982778
0
0
0.0505191
0.0982779
0
0
0.0881095
0.0603669
0
0
0.148258
0
0
0
0.148214
0
0
0
0.148387
0
0
0.00308585
0.14543
0
0
0.045713
0.103098
0
0
0.0445048
0.103986
0
0
0.049774
0.0989491
0
0
0.0498176
0.0986838
0
0
0.0742465
0.0743884
0
0
0.141055
0.00807533
0
0
0.148498
0
0
0
0.148504
0
0
0
0.148354
0
0
0.0269959
0.121618
0
0
0.0516157
0.0964196
0
0
0.0348932
0.113098
0
0
0.0481975
0.10056
0
0
0.0857223
0.0630342
0
0
0.148244
0
0
0
0.148221
0
0
0
0.148445
0
0
0.025008
0.123386
0
0
0.0253082
0.123208
0
0
0.0246315
0.123859
0
0
0.0250224
0.124143
0
0.00925758
0.0910589
