histogram cpu
/Code/DEFAULT_MODULE/lbcac2d_,/Machine,/Process,/SyncObject
518 6.4 0  -1
NaN
NaN
NaN
NaN
NaN
NaN
NaN
NaN
NaN
NaN
NaN
NaN
NaN
NaN
NaN
NaN
NaN
NaN
NaN
NaN
NaN
NaN
NaN
NaN
NaN
NaN
NaN
NaN
NaN
NaN
NaN
NaN
NaN
NaN
NaN
NaN
NaN
NaN
NaN
NaN
NaN
NaN
NaN
NaN
NaN
NaN
0
3.07812e-05
0
0
2.45312e-05
0
0
0
2.5e-05
0
0
0
6.38376e-07
2.40491e-05
0
0
0
2.51562e-05
0
0
1.37299e-05
1.11138e-05
0
0
1.35767e-05
1.09546e-05
0
0
2.00309e-05
1.18441e-05
0
0
2.35937e-05
0
0
0
2.48437e-05
0
0
0
2.375e-05
0
0
0
2.375e-05
0
0
0
2.45313e-05
0
0
0
2.5e-05
0
0
0
2.42188e-05
0
0
0
2.46875e-05
0
0
0
2.34375e-05
0
0
0
2.45313e-05
0
0
0
2.4375e-05
0
0
0
2.48438e-05
0
0
0
2.5e-05
0
0
7.02626e-06
1.688e-05
0
0
7.20261e-06
1.79536e-05
0
0
2.5e-05
0
0
0
2.39062e-05
0
0
0
2.5e-05
0
0
0
2.4375e-05
0
0
0
2.4375e-05
0
0
0
2.40625e-05
0
0
0
2.46875e-05
0
0
0
2.40625e-05
0
0
6.48828e-06
1.8043e-05
0
0
7.50727e-06
1.7649e-05
0
0
2.40625e-05
0
0
0
2.39063e-05
0
0
0
2.45313e-05
0
0
0
2.53125e-05
0
0
0
0
1.60979e-05
8.58961e-06
0
0
2.46875e-05
0
0
0
2.40625e-05
0
0
0
2.45313e-05
0
0
0
2.4375e-05
0
0
0
2.54688e-05
0
0
0
2.5e-05
0
0
0
2.40625e-05
0
0
1.67547e-05
8.08903e-06
0
0
1.62365e-05
8.45094e-06
0
0
1.61036e-05
7.9589e-06
0
0
2.46875e-05
0
0
0
2.4375e-05
0
0
0
2.48438e-05
0
0
0
2.46875e-05
0
0
0
2.45313e-05
0
0
7.90725e-06
1.55302e-05
0
0
8.05528e-06
1.56948e-05
0
0
8.08026e-06
1.61385e-05
0
0
8.54093e-06
1.7084e-05
0
0
2.75001e-05
0
0
0
2.39062e-05
0
0
0
2.35937e-05
0
0
0
2.4375e-05
0
0
7.84233e-06
1.65327e-05
0
0
8.51439e-06
1.64855e-05
0
0
7.75875e-06
1.61476e-05
0
0
8.22813e-06
1.58343e-05
0
0
2.40625e-05
0
0
0
2.40626e-05
0
0
0
2.49999e-05
0
0
0
2.40626e-05
0
0
7.77548e-06
1.67557e-05
0
0
8.08389e-06
1.67599e-05
0
0
8.49103e-06
1.6509e-05
0
0
2.39062e-05
0
0
0
2.375e-05
0
0
0
2.51562e-05
0
0
0
2.39063e-05
0
0
7.90486e-06
1.56889e-05
0
0
8.20409e-06
1.61709e-05
0
0
7.758e-06
1.63045e-05
0
0
8.38971e-06
1.59853e-05
0
0
2.37499e-05
0
0
0
2.40626e-05
0
0
0
2.40625e-05
0
0
0
2.46875e-05
0
0
8.29946e-06
1.60756e-05
0
0
7.77695e-06
1.59729e-05
0
0
8.20959e-06
1.66342e-05
0
0
7.77624e-06
1.69114e-05
0
0
2.43749e-05
0
0
0
2.35937e-05
0
0
0
2.45313e-05
0
0
0
2.81249e-05
0
0
0
2.40626e-05
0
0
8.0434e-06
1.58628e-05
0
0
7.55545e-06
1.55696e-05
0
0
6.43942e-06
1.77793e-05
0
0
8.28514e-06
1.6246e-05
0
0
2.46876e-05
0
0
0
2.49999e-05
0
0
0
2.42188e-05
0
0
0
2.48439e-05
0
0
0
2.4531e-05
0
0
8.54779e-06
1.6921e-05
0
0
8.14516e-06
1.63862e-05
0
0
8.13043e-06
1.57757e-05
0
0
8.59647e-06
1.64037e-05
0
0
2.4531e-05
0
0
0
2.4375e-05
0
0
0
2.51562e-05
0
0
0
2.46876e-05
0
0
0
2.35939e-05
0
0
8.43802e-06
1.6093e-05
0
0
8.00412e-06
1.77772e-05
0
0
8.24309e-06
1.62882e-05
0
0
7.53403e-06
1.79347e-05
0
0
2.51562e-05
0
0
0
2.39062e-05
0
0
4.11626e-06
2.02588e-05
0
0
3.61708e-06
2.06017e-05
0
0
3.88535e-06
1.92397e-05
0
0
4.10036e-06
2.07433e-05
0
