histogram procedure_calls
/Code/DEFAULT_MODULE/rflux2d_,/Machine,/Process,/SyncObject
518 6.4 0  -1
NaN
NaN
NaN
NaN
NaN
NaN
NaN
NaN
NaN
NaN
NaN
NaN
NaN
NaN
NaN
NaN
NaN
NaN
NaN
NaN
NaN
NaN
NaN
NaN
NaN
NaN
NaN
NaN
NaN
NaN
NaN
NaN
NaN
NaN
NaN
NaN
NaN
NaN
NaN
NaN
NaN
NaN
NaN
NaN
NaN
NaN
0
0
0.15625
0
0
0
0.15625
0
0
0
0.15625
0
0
0
0.15625
0
0
0
0.15625
0
0
0
0.15625
0
0
0
0.15625
0
0
0
0.15625
0
0
0
0.15625
0
0
0
0.15625
0
0
0
0.15625
0
0
0
0.15625
0
0
0
0.15625
0
0
0
0.15625
0
0
0
0.15625
0
0
0
0.15625
0
0
0
0.15625
0
0
0
0.15625
0
0
0
0.15625
0
0
0
0.15625
0
0
0.0441924
0.112058
0
0
0.15625
0
0
0
0.15625
0
0
0
0.15625
0
0
0
0.15625
0
0
0
0.15625
0
0
0
0.15625
0
0
0
0.15625
0
0
0.0446663
0.111584
0
0
0.0434638
0.112786
0
0
0.0425701
0.11368
0
0
0.15625
0
0
0
0.15625
0
0
0
0.15625
0
0
0
0.15625
0
0
0
0.15625
0
0
0
0
0.15625
0
0
0
0.15625
0
0
0
0.15625
0
0
0
0.15625
0
0
0
0.15625
0
0
0
0.15625
0
0
0
0.15625
0
0
0.104013
0.0522371
0
0
0.106731
0.0495186
0
0
0.106437
0.0498127
0
0
0.15625
0
0
0
0.15625
0
0
0
0.15625
0
0
0
0.15625
0
0
0
0.15625
0
0
0
0.15625
0
0
0.0527206
0.103529
0
0
0.0544557
0.101794
0
0
0.0530976
0.103152
0
0
0.15625
0
0
0
0.15625
0
0
0
0.15625
0
0
0
0.15625
0
0
0.0539816
0.102268
0
0
0.0524762
0.103774
0
0
0.0390521
0.117198
0
0
0.0538258
0.102424
0
0
0.15625
0
0
0
0.15625
0
0
0
0.15625
0
0
0
0.15625
0
0
0.0527462
0.103504
0
0
0.0521987
0.104051
0
0
0.0501485
0.106101
0
0
0.0519187
0.104331
0
0
0.15625
0
0
0
0.15625
0
0
0
0.15625
0
0
0
0.15625
0
0
0.0458222
0.110428
0
0
0.0524327
0.103817
0
0
0.0374654
0.118785
0
0
0.0516849
0.104565
0
0
0.15625
0
0
0
0.15625
0
0
0
0.15625
0
0
0
0.15625
0
0
0.0455329
0.110717
0
0
0.0538156
0.102434
0
0
0.0543982
0.101852
0
0
0.0439892
0.112261
0
0
0.15625
0
0
0
0.15625
0
0
0
0.15625
0
0
0
0.15625
0
0
0.0473736
0.108876
0
0
0.0530574
0.103193
0
0
0.0531797
0.10307
0
0
0.0504098
0.10584
0
0
0.15625
0
0
0
0.15625
0
0
0
0.15625
0
0
0
0.15625
0
0
0
0.15625
0
0
0.0469638
0.109286
0
0
0.0524238
0.103826
0
0
0.0525324
0.103718
0
0
0.0484141
0.107836
0
0
0.0534227
0.102827
0
0
0.15625
0
0
0
0.15625
0
0
0
0.15625
0
0
0
0.15625
0
0
0.0546095
0.10164
0
0
0.0369824
0.119268
0
0
0.0507443
0.105506
0
0
0.0479068
0.108343
0
0
0.15625
0
0
0
0.15625
0
0
0
0.15625
0
0
0.0263906
0.129859
0
0
0.0266914
0.129559
0
0
0.0259773
0.130273
0
0
0.0262713
0.129979
0
0
0.0202356
