histogram procedure_calls
/Code/DEFAULT_MODULE/ldtx32d_,/Machine,/Process,/SyncObject
518 6.4 0  -1
NaN
NaN
NaN
NaN
NaN
NaN
NaN
NaN
NaN
NaN
NaN
NaN
NaN
NaN
NaN
NaN
NaN
NaN
NaN
NaN
NaN
NaN
NaN
NaN
NaN
NaN
NaN
NaN
NaN
NaN
NaN
NaN
NaN
NaN
NaN
NaN
NaN
NaN
NaN
NaN
NaN
NaN
NaN
NaN
NaN
NaN
0
0
0
0
0
0.15625
0
0
0
0.15625
0
0
0
0.15625
0
0
0
0.15625
0
0
0
0.15625
0
0
0
0.15625
0
0
0
0.15625
0
0
0
0.15625
0
0
0
0.15625
0
0
0
0.15625
0
0
0.0874219
0.0688281
0
0
0.0746937
0.0815563
0
0
0.15625
0
0
0
0.15625
0
0
0
0.15625
0
0
0
0.15625
0
0
0
0.15625
0
0
0
0.15625
0
0
0
0.15625
0
0
0
0.15625
0
0
0
0.15625
0
0
0
0.15625
0
0
0
0.15625
0
0
0
0.15625
0
0
0.0430118
0.113238
0
0
0.15625
0
0
0
0.15625
0
0
0
0.15625
0
0
0
0.15625
0
0
0
0.15625
0
0
0
0.15625
0
0
0
0.15625
0
0
0
0.15625
0
0
0.0403543
0.115896
0
0
0.043439
0.112811
0
0
0.15625
0
0
0
0
0
0.15625
0
0
0
0.15625
0
0
0.0999599
0.0562901
0
0
0.0973944
0.0588556
0
0
0.15625
0
0
0
0.15625
0
0
0
0.15625
0
0
0
0.15625
0
0
0
0.15625
0
0
0
0.15625
0
0
0
0.15625
0
0
0.101247
0.0550028
0
0
0.105714
0.0505358
0
0
0.106882
0.0493678
0
0
0.105158
0.0510917
0
0
0.15625
0
0
0
0.15625
0
0
0
0.15625
0
0
0
0.15625
0
0
0.052331
0.103919
0
0
0.0524229
0.103827
0
0
0.052039
0.104211
0
0
0.15625
0
0
0
0.15625
0
0
0
0.15625
0
0
0
0.15625
0
0
0.0509748
0.105275
0
0
0.0536872
0.102563
0
0
0.0464565
0.109794
0
0
0.0512874
0.104963
0
0
0.15625
0
0
0
0.15625
0
0
0
0.15625
0
0
0
0.15625
0
0
0.0533277
0.102922
0
0
0.0489011
0.107349
0
0
0.0530519
0.103198
0
0
0.0493399
0.10691
0
0
0.15625
0
0
0
0.15625
0
0
0
0.15625
0
0
0
0.15625
0
0
0.0540362
0.102214
0
0
0.0513673
0.104883
0
0
0.051661
0.104589
0
0
0.15625
0
0
0
0.15625
0
0
0
0.15625
0
0
0
0.15625
0
0
0
0.15625
0
0
0.0494826
0.106767
0
0
0.0527641
0.103486
0
0
0.0544982
0.101752
0
0
0.0496171
0.106633
0
0
0.15625
0
0
0
0.15625
0
0
0
0.15625
0
0
0
0.15625
0
0
0
0.15625
0
0
0.0530159
0.103234
0
0
0.0482006
0.108049
0
0
0.0522399
0.10401
0
0
0.0534783
0.102772
0
0
0.0529507
0.103299
0
0
0.15625
0
0
0
0.15625
0
0
0
0.15625
0
0
0
0.15625
0
0
0.0539805
0.10227
0
0
0.0495213
0.106729
0
0
0.0503851
0.105865
0
0
0.0432373
0.113013
0
0
0.15625
0
0
0
0.15625
0
0
0
0.15625
0
0
0
0.15625
0
0
0
0.15625
0
0
0.0464927
0.109757
0
0
0.053454
0.102796
0
0
0.0267828
0.129467
0
0
0.0265977
0.129652
0
0.0234649
0.132785
0
0
0.0263796
0.12987
0
0
0.0259104
0.13034
0
