histogram cpu
/Code/DEFAULT_MODULE/eos_control_,/Machine,/Process,/SyncObject
518 6.4 0  -1
NaN
NaN
NaN
NaN
NaN
NaN
NaN
NaN
NaN
NaN
NaN
NaN
NaN
NaN
NaN
NaN
NaN
NaN
NaN
NaN
NaN
NaN
NaN
NaN
NaN
NaN
NaN
NaN
NaN
NaN
NaN
NaN
NaN
NaN
NaN
NaN
NaN
NaN
NaN
NaN
NaN
NaN
NaN
NaN
NaN
NaN
0
1.09375e-06
9.375e-07
2.03125e-06
0
1.09375e-06
1.25e-06
9.375e-07
9.375e-07
9.375e-07
1.09375e-06
9.375e-07
1.09375e-06
7.04466e-08
1.80455e-06
9.37499e-07
1.09375e-06
0
1.875e-06
1.09375e-06
9.37498e-07
6.00263e-07
1.74349e-06
9.375e-07
9.37498e-07
5.37951e-07
1.4933e-06
9.37498e-07
1.09375e-06
4.49529e-07
1.26922e-06
9.375e-07
1.09375e-06
1.09375e-06
9.37498e-07
1.48149e-06
3.93508e-07
9.375e-07
9.375e-07
2.1875e-06
0
1.09375e-06
1.09375e-06
2.1875e-06
0
1.40807e-06
7.79432e-07
1.875e-06
0
2.1875e-06
0
2.1875e-06
0
2.03125e-06
0
2.03125e-06
0
1.875e-06
0
2.03125e-06
0
2.03125e-06
0
2.1875e-06
0
1.875e-06
0
2.1875e-06
0
2.1875e-06
0
1.875e-06
0
2.1875e-06
0
2.03125e-06
0
2.1875e-06
0
1.87501e-06
0
1.875e-06
2.82871e-07
1.90463e-06
2.40286e-07
1.79097e-06
1.09375e-06
9.37498e-07
2.78042e-07
1.59695e-06
1.21194e-06
6.63067e-07
1.40975e-06
7.77745e-07
1.2173e-06
8.13952e-07
1.14849e-06
8.82767e-07
2.1875e-06
0
1.21834e-06
9.69159e-07
2.1875e-06
0
2.03125e-06
0
2.03126e-06
0
1.875e-06
0
2.03125e-06
0
2.18751e-06
2.53511e-07
1.93399e-06
0
2.03125e-06
9.53238e-08
2.09217e-06
2.56977e-07
1.77427e-06
2.12813e-07
1.81844e-06
7.22643e-08
1.95898e-06
9.37498e-07
1.25e-06
3.03319e-07
1.72794e-06
1.39985e-06
7.87647e-07
1.09375e-06
9.37498e-07
1.23769e-06
7.9356e-07
1.23572e-06
9.51777e-07
2.03126e-06
0
2.03125e-06
0
2.03125e-06
0
3.79957e-07
6.6352e-07
1.14403e-06
1.71581e-06
3.15434e-07
6.40129e-07
1.39113e-06
1.73012e-06
3.01125e-07
1.09374e-06
9.37507e-07
1.72455e-06
3.06695e-07
1.81543e-06
3.7207e-07
2.03125e-06
0
1.74633e-06
2.84918e-07
1.87501e-06
0
2.1875e-06
0
1.875e-06
0
2.03125e-06
0
1.875e-06
0
2.03125e-06
7.32688e-07
1.29858e-06
0
2.1875e-06
5.59519e-07
1.31548e-06
6.34228e-07
1.24077e-06
9.37507e-07
1.09374e-06
7.58624e-07
1.27262e-06
1.7344e-06
2.96866e-07
7.38793e-07
1.29245e-06
1.66742e-06
3.63828e-07
1.68379e-06
3.47462e-07
1.65983e-06
3.7142e-07
1.41534e-06
4.59657e-07
2.03127e-06
0
1.73922e-06
2.92025e-07
2.03125e-06
0
2.03125e-06
3.63667e-07
1.98008e-06
0
2.03125e-06
3.75617e-07
1.65563e-06
3.52571e-07
1.67868e-06
3.10016e-07
1.565e-06
2.57844e-07
1.61715e-06
6.94261e-07
1.33699e-06
5.8407e-07
1.29093e-06
1.10561e-06
7.6939e-07
6.86782e-07
1.34448e-06
1.25347e-06
6.21526e-07
1.44597e-06
7.41527e-07
2.03125e-06
0
1.51315e-06
8.30601e-07
2.03125e-06
0
2.03125e-06
3.12245e-07
1.71902e-06
0
2.1875e-06
3.70624e-07
1.81687e-06
3.08313e-07
1.72293e-06
6.89633e-07
1.34161e-06
3.46631e-07
1.99712e-06
7.3714e-07
1.45036e-06
6.82129e-07
1.34912e-06
1.37991e-06
6.51342e-07
5.90393e-07
1.28462e-06
1.2549e-06
6.20093e-07
1.19904e-06
6.75956e-07
2.03125e-06
0
1.31068e-06
7.20569e-07
1.87501e-06
0
2.1875e-06
2.54288e-07
1.62071e-06
0
2.03125e-06
3.19109e-07
1.55589e-06
3.20788e-07
1.55421e-06
7.32009e-07
1.45549e-06
3.71774e-07
1.81574e-06
6.37456e-07
1.39379e-06
7.30859e-07
1.45664e-06
1.37823e-06
6.53017e-07
6.76187e-07
1.35506e-06
1.43879e-06
7.4871e-07
1.17898e-06
6.96013e-07
1.87501e-06
0
1.45806e-06
7.29437e-07
2.03125e-06
0
2.03127e-06
3.32248e-07
2.01148e-06
3.64996e-07
1.66627e-06
2.42933e-07
1.94455e-06
3.58744e-07
1.67252e-06
6.16625e-07
1.4146e-06
2.81843e-07
1.59317e-06
1.38651e-06
6.44716e-07
6.75789e-07
1.35548e-06
1.44815e-06
7.39369e-07
1.46039e-06
7.27088e-07
1.87501e-06
0
1.24965e-06
6.25332e-07
2.03127e-06
0
1.39236e-06
1.01273e-06
1.81366e-06
0
2.18752e-06
3.12372e-07
1.71886e-06
3.25379e-07
1.70589e-06
3.45142e-07
1.68609e-06
3.56879e-07
1.67439e-06
7.08862e-07
1.47862e-06
3.18376e-07
1.55664e-06
7.17122e-07
1.4704e-06
7.55537e-07
1.43194e-06
1.29347e-06
7.37797e-07
6.92826e-07
1.3384e-06
1.29079e-06
7.40476e-07
1.46739e-06
7.20091e-07
2.03127e-06
0
1.2692e-06
7.62063e-07
2.03123e-06
0
2.03127e-06
2.80506e-07
1.90697e-06
0
1.87501e-06
3.70241e-07
1.66099e-06
3.72379e-07
1.97139e-06
6.78458e-07
1.35277e-06
2.4721e-07
1.6278e-06
6.69183e-07
1.36208e-06
3.6598e-07
1.66525e-06
1.47054e-06
8.73226e-07
7.48997e-07
1.43848e-06
1.46714e-06
7.20377e-07
1.24354e-06
6.31436e-07
2.18752e-06
0
1.41036e-06
6.20909e-07
2.03123e-06
0
1.46387e-06
1.09125e-06
1.66363e-06
0
2.18752e-06
3.65015e-07
1.82246e-06
0
2.03127e-06
2.73358e-07
1.60166e-06
3.52762e-07
1.67847e-06
3.4657e-07
1.6847e-06
3.21755e-07
1.55322e-06
6.81727e-07
1.34954e-06
3.57983e-07
1.8295e-06
1.43837e-06
7.4915e-07
6.99904e-07
1.33136e-06
1.23955e-06
6.35424e-07
1.35282e-06
6.7845e-07
1.26788e-06
7.63353e-07
1.30468e-06
7.26585e-07
1.87498e-06
0
1.28996e-06
7.41303e-07
1.87501e-06
0
2.03123e-06
3.67321e-07
1.97645e-06
0
2.03123e-06
2.7728e-07
1.75399e-06
3.06762e-07
1.72447e-06
6.97646e-07
1.33362e-06
2.71619e-07
1.9159e-06
6.89715e-07
1.49777e-06
3.68361e-07
1.6629e-06
1.51706e-06
8.26674e-07
6.79275e-07
1.35199e-06
1.317e-06
8.70484e-07
1.25171e-06
6.23307e-07
1.25049e-06
8.10961e-07
1.09093e-06
1.25203e-06
1.68935e-06
3.70344e-07
1.81714e-06
2.13702e-07
1.81756e-06
3.13821e-07
1.71741e-06
3.26865e-07
1.7044e-06
3.42086e-07
1.68914e-06
3.23743e-07
1.55127e-06
3.19234e-07
1.71203e-06
