histogram cpu_inclusive
/Code/DEFAULT_MODULE/rwrapup_,/Machine,/Process,/SyncObject
518 6.4 0  -1
NaN
NaN
NaN
NaN
NaN
NaN
NaN
NaN
NaN
NaN
NaN
NaN
NaN
NaN
NaN
NaN
NaN
NaN
NaN
NaN
NaN
NaN
NaN
NaN
NaN
NaN
NaN
NaN
NaN
NaN
NaN
NaN
NaN
NaN
NaN
NaN
NaN
NaN
NaN
NaN
NaN
NaN
NaN
NaN
NaN
NaN
0
0
0
0.179672
0
0
0
0.179788
0
0
0
0.179364
0
0
0
0.180148
0
0
0
0.179286
0
0
0
0.179409
0
0
0
0.179605
0
0
0
0.179609
0
0
0
0.179137
0
0
0
0.179777
0
0
0
0.179594
0
0
0
0.179186
0
0
0
0.179261
0
0
0
0.179369
0
0
0
0.178897
0
0
0
0.179223
0
0
0.00325282
0.175963
0
0
0.0221067
0.157505
0
0
0.0473831
0.132406
0
0
0.0950276
0.0845484
0
0
0.132028
0.0471596
0
0
0.178882
0
0
0
0.179181
0
0
0
0.178643
0
0
0
0.178784
0
0
0
0.179309
0
0
0.00327712
0.17597
0
0
0.0257886
0.153373
0
0
0.0421475
0.137269
0
0
0.11226
0.0676545
0
0
0.162856
0.0164173
0
0
0.17915
0
0
0
0.179669
0
0
0
0.178984
0
0
0
0.179187
0
0
0
0.179182
0
0
0
0
0.178891
0
0
0
0.17939
0
0
0
0.179315
0
0
0
0.179204
0
0
0
0.178877
0
0
0
0.179261
0
0
0.0629767
0.11624
0
0
0.120683
0.0586938
0
0
0.158423
0.0211349
0
0
0.179199
0
0
0
0.17898
0
0
0
0.179057
0
0
0
0.179262
0
0
0
0.179017
0
0
0
0.179107
0
0
0.0598073
0.119311
0
0
0.0618043
0.117404
0
0
0.0594915
0.119635
0
0
0.125085
0.0538623
0
0
0.179518
0
0
0
0.179261
0
0
0
0.179259
0
0
0.0379177
0.141541
0
0
0.0513546
0.127576
0
0
0.060831
0.117952
0
0
0.0610756
0.118057
0
0
0.144781
0.0343134
0
0
0.17881
0
0
0
0.178968
0
0
0
0.17912
0
0
0.0442783
0.135296
0
0
0.0489084
0.130351
0
0
0.0611753
0.117852
0
0
0.0637289
0.116158
0
0
0.155433
0.023852
0
0
0.179366
0
0
0
0.179015
0
0
0.00805043
0.171118
0
0
0.0553109
0.123756
0
0
0.0546303
0.124305
0
0
0.0467557
0.13257
0
0
0.10245
0.0766683
0
0
0.179236
0
0
0
0.179043
0
0
0
0.179337
0
0
0.020776
0.158691
0
0
0.0613684
0.11741
0
0
0.0598328
0.118966
0
0
0.0568088
0.122426
0
0
0.102044
0.0768728
0
0
0.162597
0.0173329
0
0
0.178691
0
0
0
0.179346
0
0
0.00433414
0.175432
0
0
0.0430316
0.136726
0
0
0.0462336
0.132924
0
0
0.0608477
0.118138
0
0
0.060233
0.119365
0
0
0.126302
0.05339
0
0
0.178683
0
0
0
0.179306
0
0
0
0.179381
0
0
0.0207501
0.15817
0
0
0.0604058
0.118545
0
0
0.0600434
0.119079
0
0
0.0524638
0.126519
0
0
0.0569381
0.121908
0
0
0.104656
0.0743872
0
0
0.179367
0
0
0
0.178938
0
0
0
0.179037
0
0
0.0115748
0.168008
0
0
0.0489422
0.130132
0
0
0.0603997
0.118668
0
0
0.0532338
0.125809
0
0
0.0617184
0.117216
0
0
0.128123
0.0510649
0
0
0.179136
0
0
0
0.179174
0
0
0
0.178967
0
0
0.0302414
0.148632
0
0
0.0144694
0.164654
0
0
0.0289429
0.150176
0
0
0.0309999
0.147788
0
0.0125514
