histogram cpu
/Code/DEFAULT_MODULE/rnvem2d_,/Machine,/Process,/SyncObject
518 6.4 0  -1
NaN
NaN
NaN
NaN
NaN
NaN
NaN
NaN
NaN
NaN
NaN
NaN
NaN
NaN
NaN
NaN
NaN
NaN
NaN
NaN
NaN
NaN
NaN
NaN
NaN
NaN
NaN
NaN
NaN
NaN
NaN
NaN
NaN
NaN
NaN
NaN
NaN
NaN
NaN
NaN
NaN
NaN
NaN
NaN
NaN
NaN
0
0
0
0.172647
0
0
0
0.17274
0
0
0
0.172494
0
0
0
0.172449
0
0
0
0.172134
0
0
0
0.17176
0
0
0
0.172227
0
0
0
0.172175
0
0
0
0.171774
0
0
0
0.172228
0
0
0.0168877
0.155379
0
0
0.0221995
0.150076
0
0
0.0564054
0.11577
0
0
0.076525
0.0958089
0
0
0.102363
0.0697991
0
0
0.118537
0.0538817
0
0
0.14758
0.0244107
0
0
0.161338
0.0110138
0
0
0.172139
0
0
0
0.172217
0
0
0
0.171892
0
0
0
0.171993
0
0
0
0.171877
0
0
0.00773087
0.164201
0
0
0.0229882
0.14917
0
0
0.0384525
0.133386
0
0
0.0891933
0.0825825
0
0
0.116096
0.0557906
0
0
0.169329
0.00227202
0
0
0.171859
0
0
0
0.171989
0
0
0
0.17192
0
0
0
0.171962
0
0
0.00663211
0.16515
0
0
0.0187281
0.153206
0
0
0.0386725
0.133425
0
0
0
0
0.172235
0
0
0
0.171858
0
0
0.0184762
0.153984
0
0
0.0492507
0.122446
0
0
0.0827185
0.0896105
0
0
0.12154
0.0505639
0
0
0.147329
0.0244515
0
0
0.166235
0.00568284
0
0
0.171949
0
0
0
0.172219
0
0
0
0.172095
0
0
0
0.171787
0
0
0.0249931
0.147106
0
0
0.0647658
0.107193
0
0
0.0611022
0.110786
0
0
0.0713109
0.100816
0
0
0.117693
0.0544815
0
0
0.159326
0.0126014
0
0
0.17169
0
0
0.0158251
0.156637
0
0
0.0295672
0.142707
0
0
0.0559132
0.115991
0
0
0.0574027
0.114476
0
0
0.0979821
0.0738986
0
0
0.134644
0.0373308
0
0
0.169633
0.00198226
0
0
0.1723
0
0
0.022896
0.149597
0
0
0.0387618
0.133031
0
0
0.0449764
0.127051
0
0
0.0570927
0.114241
0
0
0.0952124
0.0768638
0
0
0.130139
0.0420134
0
0
0.171676
0
0
0
0.171758
0
0
0.0186412
0.153276
0
0
0.0398664
0.131908
0
0
0.0583896
0.113223
0
0
0.0632473
0.108642
0
0
0.106922
0.0649944
0
0
0.164118
0.00823998
0
0
0.171485
0
0
0.00444297
0.167682
0
0
0.0278312
0.1443
0
0
0.0491611
0.122633
0
0
0.0574739
0.114334
0
0
0.0703607
0.101393
0
0
0.106321
0.0653024
0
0
0.153639
0.0183459
0
0
0.171908
0
0
0.00512299
0.167099
0
0
0.0263339
0.145251
0
0
0.0431471
0.128978
0
0
0.0579664
0.114029
0
0
0.0567882
0.115161
0
0
0.0966294
0.0755934
0
0
0.127777
0.0441674
0
0
0.169455
0.00240811
0
0
0.171753
0
0
0.0111547
0.160677
0
0
0.0293059
0.14262
0
0
0.0488963
0.123347
0
0
0.0542149
0.118048
0
0
0.0730385
0.0988196
0
0
0.082217
0.0896136
0
0
0.127577
0.0444096
0
0
0.162172
0.00986252
0
0
0.17217
0
0
0.00742156
0.164758
0
0
0.0274367
0.144409
0
0
0.044555
0.127494
0
0
0.0544873
0.117458
0
0
0.0588442
0.113211
0
0
0.0953909
0.0769273
0
0
0.138887
0.0328694
0
0
0.169436
0.00243254
0
0
0.172093
0
0
0.0101774
0.161961
0
0
0.029603
0.142429
0
0
0.0526822
0.119325
0
0
0.0290782
0.143344
0
0.0125979
0.076043
0.0840599
0
0.0165656
0.0960713
0.0592414
0
0.0267981
0.135289
0.00972874
0
0.0221261
