histogram procedure_calls
/Code/DEFAULT_MODULE/rsetup_,/Machine,/Process,/SyncObject
518 6.4 0  -1
NaN
NaN
NaN
NaN
NaN
NaN
NaN
NaN
NaN
NaN
NaN
NaN
NaN
NaN
NaN
NaN
NaN
NaN
NaN
NaN
NaN
NaN
NaN
NaN
NaN
NaN
NaN
NaN
NaN
NaN
NaN
NaN
NaN
NaN
NaN
NaN
NaN
NaN
NaN
NaN
NaN
NaN
NaN
NaN
NaN
NaN
0
0
0.15625
0
0
0
0.15625
0
0
0
0.15625
0
0
0
0.15625
0
0
0
0.15625
0
0
0
0.15625
0
0
0
0.15625
0
0
0
0.15625
0
0
0
0.15625
0
0
0
0.15625
0
0
0
0.15625
0
0
0.0472021
0.109048
0
0
0.15625
0
0
0
0.15625
0
0
0
0.15625
0
0
0
0.15625
0
0
0
0.15625
0
0
0
0.15625
0
0
0
0.15625
0
0
0
0.15625
0
0
0
0.15625
0
0
0
0.15625
0
0
0
0.15625
0
0
0.0458194
0.110431
0
0
0.0308967
0.125353
0
0
0.0186054
0.137645
0
0
0.15625
0
0
0
0.15625
0
0
0
0.15625
0
0
0
0.15625
0
0
0
0.15625
0
0
0
0.15625
0
0
0
0.15625
0
0
0
0.15625
0
0
0.0210819
0.135168
0
0
0.15625
0
0
0
0
0
0.15625
0
0
0
0.15625
0
0
0
0.15625
0
0
0.103829
0.0524212
0
0
0.109431
0.0468192
0
0
0.15625
0
0
0
0.15625
0
0
0
0.15625
0
0
0
0.15625
0
0
0
0.15625
0
0
0
0.15625
0
0
0
0.15625
0
0
0.107278
0.0489724
0
0
0.0807058
0.0755442
0
0
0.108241
0.0480089
0
0
0.15625
0
0
0
0.15625
0
0
0
0.15625
0
0
0
0.15625
0
0
0.049023
0.107227
0
0
0.053166
0.103084
0
0
0.0506361
0.105614
0
0
0.0527319
0.103518
0
0
0.15625
0
0
0
0.15625
0
0
0
0.15625
0
0
0
0.15625
0
0
0.0528078
0.103442
0
0
0.0495385
0.106712
0
0
0.0439545
0.112296
0
0
0.0536258
0.102624
0
0
0.15625
0
0
0
0.15625
0
0
0
0.15625
0
0
0
0.15625
0
0
0.0525503
0.1037
0
0
0.0523362
0.103914
0
0
0.0406156
0.115634
0
0
0.0523846
0.103865
0
0
0.15625
0
0
0
0.15625
0
0
0
0.15625
0
0
0
0.15625
0
0
0.0523022
0.103948
0
0
0.052698
0.103552
0
0
0.0523387
0.103911
0
0
0.0501113
0.106139
0
0
0.15625
0
0
0
0.15625
0
0
0
0.15625
0
0
0
0.15625
0
0
0.0543074
0.101943
0
0
0.0536179
0.102632
0
0
0.0537127
0.102537
0
0
0.0477198
0.10853
0
0
0.15625
0
0
0
0.15625
0
0
0
0.15625
0
0
0
0.15625
0
0
0
0.15625
0
0
0.0538417
0.102408
0
0
0.0513443
0.104906
0
0
0.0530862
0.103164
0
0
0.0531963
0.103054
0
0
0.15625
0
0
0
0.15625
0
0
0
0.15625
0
0
0
0.15625
0
0
0
0.15625
0
0
0.0541809
0.102069
0
0
0.0435372
0.112713
0
0
0.0527779
0.103472
0
0
0.0506801
0.10557
0
0
0.15625
0
0
0
0.15625
0
0
0
0.15625
0
0
0
0.15625
0
0
0
0.15625
0
0
0.0525679
0.103682
0
0
0.0526884
0.103562
0
0
0.0263935
0.129856
0
0.0266246
0.129625
0
0
0.0243014
0.131949
0
0
0.0264869
0.129763
0
0
0.0247247
0.131525
