histogram procedure_calls
/Code/DEFAULT_MODULE/ldtx42d_,/Machine,/Process,/SyncObject
518 6.4 0  -1
NaN
NaN
NaN
NaN
NaN
NaN
NaN
NaN
NaN
NaN
NaN
NaN
NaN
NaN
NaN
NaN
NaN
NaN
NaN
NaN
NaN
NaN
NaN
NaN
NaN
NaN
NaN
NaN
NaN
NaN
NaN
NaN
NaN
NaN
NaN
NaN
NaN
NaN
NaN
NaN
NaN
NaN
NaN
NaN
NaN
NaN
0
0
0
0
0
0.15625
0
0
0
0.15625
0
0
0
0.15625
0
0
0
0.15625
0
0
0
0.15625
0
0
0
0.15625
0
0
0
0.15625
0
0
0
0.15625
0
0
0
0.15625
0
0
0
0.15625
0
0
0
0.15625
0
0
0.0746967
0.0815533
0
0
0.15625
0
0
0
0.15625
0
0
0
0.15625
0
0
0
0.15625
0
0
0
0.15625
0
0
0
0.15625
0
0
0
0.15625
0
0
0
0.15625
0
0
0
0.15625
0
0
0
0.15625
0
0
0
0.15625
0
0
0
0.15625
0
0
0.043013
0.113237
0
0
0.0463268
0.109923
0
0
0.15625
0
0
0
0.15625
0
0
0
0.15625
0
0
0
0.15625
0
0
0
0.15625
0
0
0
0.15625
0
0
0
0.15625
0
0
0.0403555
0.115895
0
0
0.0434401
0.11281
0
0
0.0415079
0.114742
0
0
0
0
0.15625
0
0
0
0.15625
0
0
0
0.15625
0
0
0.0973956
0.0588544
0
0
0.108391
0.0478594
0
0
0.15625
0
0
0
0.15625
0
0
0
0.15625
0
0
0
0.15625
0
0
0
0.15625
0
0
0
0.15625
0
0
0
0.15625
0
0
0.105715
0.0505348
0
0
0.106883
0.0493667
0
0
0.105159
0.0510906
0
0
0.15625
0
0
0
0.15625
0
0
0
0.15625
0
0
0
0.15625
0
0
0.0523315
0.103918
0
0
0.0524235
0.103827
0
0
0.0520396
0.10421
0
0
0.0516767
0.104573
0
0
0.15625
0
0
0
0.15625
0
0
0
0.15625
0
0
0
0.15625
0
0
0.0536878
0.102562
0
0
0.046457
0.109793
0
0
0.0512879
0.104962
0
0
0.0523997
0.10385
0
0
0.15625
0
0
0
0.15625
0
0
0
0.15625
0
0
0
0.15625
0
0
0.0489017
0.107348
0
0
0.0530525
0.103198
0
0
0.0493405
0.106909
0
0
0.15625
0
0
0
0.15625
0
0
0
0.15625
0
0
0
0.15625
0
0
0.0540368
0.102213
0
0
0.0513678
0.104882
0
0
0.0516615
0.104588
0
0
0.0465343
0.109716
0
0
0.15625
0
0
0
0.15625
0
0
0
0.15625
0
0
0
0.15625
0
0
0
0.15625
0
0
0.0527646
0.103485
0
0
0.0544987
0.101751
0
0
0.0496176
0.106632
0
0
0.0538675
0.102382
0
0
0.15625
0
0
0
0.15625
0
0
0
0.15625
0
0
0
0.15625
0
0
0.0530165
0.103234
0
0
0.0482011
0.108049
0
0
0.0522405
0.104009
0
0
0.0534788
0.102771
0
0
0.0529512
0.103299
0
0
0.15625
0
0
0
0.15625
0
0
0
0.15625
0
0
0
0.15625
0
0
0.053981
0.102269
0
0
0.0495218
0.106728
0
0
0.0503857
0.105864
0
0
0.0432379
0.113012
0
0
0.15625
0
0
0
0.15625
0
0
0
0.15625
0
0
0
0.15625
0
0
0
0.15625
0
0
0.0464933
0.109757
0
0
0.0534545
0.102795
0
0
0.0267831
0.129467
0
0
0.026598
0.129652
0
0.0234652
0.132785
0
0
0.0263799
0.12987
0
0
0.0259107
0.130339
0
