histogram procedure_calls
/Code/DEFAULT_MODULE/main_output_control_,/Machine,/Process,/SyncObject
518 6.4 0  -1
NaN
NaN
NaN
NaN
NaN
NaN
NaN
NaN
NaN
NaN
NaN
NaN
NaN
NaN
NaN
NaN
NaN
NaN
NaN
NaN
NaN
NaN
NaN
NaN
NaN
NaN
NaN
NaN
NaN
NaN
NaN
NaN
NaN
NaN
NaN
NaN
NaN
NaN
NaN
NaN
NaN
NaN
NaN
NaN
NaN
NaN
0.15625
0
0
0.15625
0
0
0
0
0.15625
0
0
0
0.15625
0
0
0
0.15625
0
0
0
0.15625
0
0
0
0.15625
0
0
0
0.15625
0
0
0
0.15625
0
0
0.0918741
0.0643759
0
0
0.15625
0
0
0
0.15625
0
0
0
0.15625
0
0
0
0.15625
0
0
0
0.15625
0
0
0
0.15625
0
0
0
0.15625
0
0
0
0.15625
0
0
0
0.15625
0
0
0
0.15625
0
0
0
0.15625
0
0
0
0.15625
0
0
0
0.15625
0
0
0.0463164
0.109934
0
0
0.0405225
0.115728
0
0
0.15625
0
0
0
0.15625
0
0
0
0.15625
0
0
0
0.15625
0
0
0
0.15625
0
0
0
0.15625
0
0
0
0.15625
0
0
0
0.15625
0
0
0.0442618
0.111988
0
0
0.0434278
0.112822
0
0
0.15625
0
0
0
0.15625
0
0
0
0
0.104311
0.0519386
0
0
0.106624
0.0496262
0
0
0.105724
0.0505257
0
0
0.15625
0
0
0
0.15625
0
0
0
0.15625
0
0
0
0.15625
0
0
0
0.15625
0
0
0
0.15625
0
0
0
0.15625
0
0
0.107349
0.0489005
0
0
0.104867
0.0513826
0
0
0.10376
0.0524895
0
0
0.15625
0
0
0
0.15625
0
0
0
0.15625
0
0
0
0.15625
0
0
0
0.15625
0
0
0.0536997
0.10255
0
0
0.0283681
0.127882
0
0
0.052934
0.103316
0
0
0.15625
0
0
0
0.15625
0
0
0
0.15625
0
0
0
0.15625
0
0
0.0533391
0.102911
0
0
0.0529456
0.103304
0
0
0.0479925
0.108258
0
0
0.0531696
0.10308
0
0
0.15625
0
0
0
0.15625
0
0
0
0.15625
0
0
0
0.15625
0
0
0.0525822
0.103668
0
0
0.0493159
0.106934
0
0
0.0477135
0.108537
0
0
0.0495867
0.106663
0
0
0.15625
0
0
0
0.15625
0
0
0
0.15625
0
0
0
0.15625
0
0
0.0477327
0.108517
0
0
0.0490697
0.10718
0
0
0.0508985
0.105352
0
0
0.0449316
0.111318
0
0
0.15625
0
0
0
0.15625
0
0
0
0.15625
0
0
0
0.15625
0
0
0.0509247
0.105325
0
0
0.0514963
0.104754
0
0
0.0511407
0.105109
0
0
0.0331748
0.123075
0
0
0.15625
0
0
0
0.15625
0
0
0
0.15625
0
0
0
0.15625
0
0
0.0524635
0.103786
0
0
0.0517684
0.104482
0
0
0.0473914
0.108859
0
0
0.0536143
0.102636
0
0
0.15625
0
0
0
0.15625
0
0
0
0.15625
0
0
0
0.15625
0
0
0
0.15625
0
0
0
0.15625
0
0
0.0527595
0.10349
0
0
0.049507
0.106743
0
0
0.0506267
0.105623
0
0
0.0474995
0.10875
0
0
0.15625
0
0
0
0.15625
0
0
0
0.15625
0
0
0
0.15625
0
0
0.0539589
0.102291
0
0
0.0495682
0.106682
0
0
0.0532033
0.103047
0
0
0.0477417
0.108508
0
0
0.0524552
0.103795
0
0.026449
0.129801
0
0
0.0126544
0.143596
0
0
0.0252767
0.130973
0
0
0.0271246
0.129125
0
0
