histogram cpu
/Code/DEFAULT_MODULE/lcros2d_,/Machine,/Process,/SyncObject
518 6.4 0  -1
NaN
NaN
NaN
NaN
NaN
NaN
NaN
NaN
NaN
NaN
NaN
NaN
NaN
NaN
NaN
NaN
NaN
NaN
NaN
NaN
NaN
NaN
NaN
NaN
NaN
NaN
NaN
NaN
NaN
NaN
NaN
NaN
NaN
NaN
NaN
NaN
NaN
NaN
NaN
NaN
NaN
NaN
NaN
NaN
NaN
NaN
0
0
0
0
0.00193656
0.00997578
0
0
0
0.0119236
0
0
0
0.0119312
0
0
0
0.0120033
0
0
0
0.0119047
0
0
0
0.0120069
0
0
0
0.0118953
0
0
0.00110072
0.0108255
0
0
0.00112886
0.0107363
0
0
0.00152837
0.0104088
0
0
0.00192247
0.0100086
0
0
0.00193934
0.0100003
0
0
0.00512674
0.00675623
0
0
0.0074976
0.00437851
0
0
0.0120236
0
0
0
0.0119275
0
0
0
0.0118998
0
0
0
0.0119041
0
0
0
0.01191
0
0
0
0.0121577
0
0
0
0.0119055
0
0
0.000550407
0.0113158
0
0
0.000585221
0.0112653
0
0
0.00196123
0.0099586
0
0
0.0046584
0.00726957
0
0
0.00490444
0.00715056
0
0
0.0090429
0.00285961
0
0
0.0119022
0
0
0
0.0119998
0
0
0
0.0118449
0
0
0
0.0119144
0
0
0.00057298
0.011262
0
0
0.0005489
0.0114077
0
0
0.000497723
0.011497
0
0
0.00467282
0.00724062
0
0
0.0045509
0.00735051
0
0
0
0.00126302
0.0106934
0
0
0.00130505
0.0105395
0
0
0.00123629
0.0106245
0
0
0.0080712
0.00376397
0
0
0.00876874
0.00306625
0
0
0.0107573
0.00120054
0
0
0.011893
0
0
0
0.0118949
0
0
0
0.0119263
0
0
0
0.0119034
0
0
0.00128521
0.0106043
0
0
0.00124782
0.0105963
0
0
0.00132932
0.010629
0
0
0.00131488
0.0106576
0
0
0.00855681
0.00326286
0
0
0.00509908
0.0067339
0
0
0.0118777
0
0
0
0.0119026
0
0
0.000646454
0.011229
0
0
0.000651129
0.0112916
0
0
0.00399309
0.00796517
0
0
0.0052244
0.00665406
0
0
0.00521329
0.00670875
0
0
0.0063846
0.00546399
0
0
0.0119309
0
0
0.000659524
0.0111774
0
0
0.000624421
0.0113015
0
0
0.00404658
0.00784372
0
0
0.00351938
0.00838688
0
0
0.00517934
0.00671708
0
0
0.00523622
0.00662845
0
0
0.00869471
0.00329998
0
0
0.0118292
0
0
0.000629094
0.0112233
0
0
0.0006652
0.0114913
0
0
0.00369663
0.00818041
0
0
0.00401696
0.00787089
0
0
0.00508749
0.00685638
0
0
0.0047319
0.00718158
0
0
0.011887
0
0
0
0.0118548
0
0
0.000623025
0.0112559
0
0
0.000663678
0.0112374
0
0
0.00389312
0.00800956
0
0
0.00391834
0.00798933
0
0
0.00488618
0.00703087
0
0
0.00467407
0.00726481
0
0
0.0118849
0
0
0
0.0118572
0
0
0.000642815
0.0112358
0
0
0.000610201
0.0112861
0
0
0.00399783
0.0078956
0
0
0.00411744
0.00774173
0
0
0.00505114
0.00677763
0
0
0.00535694
0.00653776
0
0
0.00852615
0.00332467
0
0
0.0118426
0
0
0.000634373
0.0112252
0
0
0.000510394
0.0114082
0
0
0.000655536
0.0113033
0
0
0.00362644
0.00819376
0
0
0.00394564
0.00791121
0
0
0.00532875
0.00659404
0
0
0.00527682
0.00660634
0
0
0.00528404
0.00657766
0
0
0.0120191
0
0
0
0.0118505
0
0
0.000655071
0.0112159
0
0
0.000663234
0.0112562
0
0
0.00373277
0.00810427
0
0
0.00382713
0.00810184
0
0
0.00466535
0.00722831
0
0
0.0049127
0.00702104
0
0
0.0119443
0
0
0
0.0118436
0
0
0.000604955
0.0113137
0
0
0.000649401
0.0112872
0
0
0.000573505
0.0112862
0
0
0.00406702
0.00787447
0
0
0.00202893
0.00986562
0
0.000327799
0.00330061
0.00827419
0
0.000287213
0.00510457
0.00653079
0
0.00199369
0.00987195
0
0
0.00196685
0.0099496
0
