histogram procedure_calls
/Code/DEFAULT_MODULE/ldtvolu_,/Machine,/Process,/SyncObject
518 6.4 0  -1
NaN
NaN
NaN
NaN
NaN
NaN
NaN
NaN
NaN
NaN
NaN
NaN
NaN
NaN
NaN
NaN
NaN
NaN
NaN
NaN
NaN
NaN
NaN
NaN
NaN
NaN
NaN
NaN
NaN
NaN
NaN
NaN
NaN
NaN
NaN
NaN
NaN
NaN
NaN
NaN
NaN
NaN
NaN
NaN
NaN
NaN
0
0
0
0
0
0.15625
0
0
0
0.15625
0
0
0
0.15625
0
0
0
0.15625
0
0
0
0.15625
0
0
0
0.15625
0
0
0
0.15625
0
0
0
0.15625
0
0
0
0.15625
0
0
0
0.15625
0
0
0
0.15625
0
0
0
0.15625
0
0
0.0517672
0.104483
0
0
0.0884564
0.0677936
0
0
0.15625
0
0
0
0.15625
0
0
0
0.15625
0
0
0
0.15625
0
0
0
0.15625
0
0
0
0.15625
0
0
0
0.15625
0
0
0
0.15625
0
0
0
0.15625
0
0
0
0.15625
0
0
0.0430087
0.113241
0
0
0.0463226
0.109927
0
0
0.0451142
0.111136
0
0
0.15625
0
0
0
0.15625
0
0
0
0.15625
0
0
0
0.15625
0
0
0
0.15625
0
0
0
0.15625
0
0
0
0.15625
0
0
0.0434359
0.112814
0
0
0.0415036
0.114746
0
0
0
0
0.15625
0
0
0
0.15625
0
0
0
0.15625
0
0
0.0973908
0.0588592
0
0
0.108386
0.0478638
0
0
0.0978773
0.0583727
0
0
0.15625
0
0
0
0.15625
0
0
0
0.15625
0
0
0
0.15625
0
0
0
0.15625
0
0
0
0.15625
0
0
0
0.15625
0
0
0
0.15625
0
0
0.105155
0.051095
0
0
0.0503348
0.105915
0
0
0.15625
0
0
0
0.15625
0
0
0
0.15625
0
0
0
0.15625
0
0
0.0524214
0.103829
0
0
0.0520375
0.104213
0
0
0.0516745
0.104575
0
0
0.0538878
0.102362
0
0
0.15625
0
0
0
0.15625
0
0
0
0.15625
0
0
0
0.15625
0
0
0.0464548
0.109795
0
0
0.0512759
0.104974
0
0
0.0523975
0.103852
0
0
0.0526681
0.103582
0
0
0.15625
0
0
0
0.15625
0
0
0
0.15625
0
0
0.0488995
0.107351
0
0
0.0530504
0.1032
0
0
0.0493384
0.106912
0
0
0.0440315
0.112218
0
0
0.15625
0
0
0
0.15625
0
0
0
0.15625
0
0
0
0.15625
0
0
0.0513657
0.104884
0
0
0.0516594
0.104591
0
0
0.046532
0.109718
0
0
0.0428806
0.113369
0
0
0.15625
0
0
0
0.15625
0
0
0
0.15625
0
0
0
0.15625
0
0
0.0527625
0.103488
0
0
0.0544966
0.101753
0
0
0.0496154
0.106635
0
0
0.0538654
0.102385
0
0
0.0527244
0.103526
0
0
0.15625
0
0
0
0.15625
0
0
0
0.15625
0
0
0
0.15625
0
0
0.0481989
0.108051
0
0
0.0522384
0.104012
0
0
0.0534767
0.102773
0
0
0.0529491
0.103301
0
0
0.0532174
0.103033
0
0
0.15625
0
0
0
0.15625
0
0
0
0.15625
0
0
0
0.15625
0
0
0.0495196
0.10673
0
0
0.0503835
0.105867
0
0
0.0432356
0.113014
0
0
0.046792
0.109458
0
0
0.15625
0
0
0
0.15625
0
0
0
0.15625
0
0
0
0.15625
0
0
0
0.15625
0
0
0.0534525
0.102798
0
0
0.0267819
0.129468
0
0
0.0265969
0.129653
0
0
0.0242726
0.131977
0
0.0263788
0.129871
0
0
0.0259096
0.13034
0
