histogram procedure_calls
/Code/DEFAULT_MODULE/rbcve2d_,/Machine,/Process,/SyncObject
518 6.4 0  -1
NaN
NaN
NaN
NaN
NaN
NaN
NaN
NaN
NaN
NaN
NaN
NaN
NaN
NaN
NaN
NaN
NaN
NaN
NaN
NaN
NaN
NaN
NaN
NaN
NaN
NaN
NaN
NaN
NaN
NaN
NaN
NaN
NaN
NaN
NaN
NaN
NaN
NaN
NaN
NaN
NaN
NaN
NaN
NaN
NaN
NaN
0
0
0
0.15625
0
0
0
0.15625
0
0
0
0.15625
0
0
0
0.15625
0
0
0
0.15625
0
0
0
0.15625
0
0
0
0.15625
0
0
0
0.15625
0
0
0
0.15625
0
0
0
0.15625
0
0
0
0.15625
0
0
0
0.15625
0
0
0
0.15625
0
0
0
0.15625
0
0
0
0.15625
0
0
0
0.15625
0
0
0.0911064
0.0651436
0
0
0.0637361
0.0925139
0
0
0.15625
0
0
0
0.15625
0
0
0
0.15625
0
0
0
0.15625
0
0
0
0.15625
0
0
0
0.15625
0
0
0
0.15625
0
0
0
0.15625
0
0
0.0457755
0.110474
0
0
0.0474775
0.108773
0
0
0.0368787
0.119371
0
0
0.15625
0
0
0
0.15625
0
0
0
0.15625
0
0
0
0.15625
0
0
0
0.15625
0
0
0
0.15625
0
0
0
0.15625
0
0
0
0
0.15625
0
0
0
0.15625
0
0
0
0.15625
0
0
0
0.15625
0
0
0
0.15625
0
0
0
0.15625
0
0
0.106538
0.0497119
0
0
0.105294
0.0509564
0
0
0.15625
0
0
0
0.15625
0
0
0
0.15625
0
0
0
0.15625
0
0
0
0.15625
0
0
0
0.15625
0
0
0
0.15625
0
0
0.052256
0.103994
0
0
0.0539715
0.102278
0
0
0.0519764
0.104274
0
0
0.15625
0
0
0
0.15625
0
0
0
0.15625
0
0
0
0.15625
0
0
0.0523871
0.103863
0
0
0.0449333
0.111317
0
0
0.0532475
0.103003
0
0
0.05336
0.10289
0
0
0.15625
0
0
0
0.15625
0
0
0
0.15625
0
0
0
0.15625
0
0
0.0522699
0.10398
0
0
0.042728
0.113522
0
0
0.0534679
0.102782
0
0
0.15625
0
0
0
0.15625
0
0
0
0.15625
0
0
0
0.15625
0
0
0.0533805
0.102869
0
0
0.0525206
0.103729
0
0
0.0477927
0.108457
0
0
0.0408331
0.115417
0
0
0.15625
0
0
0
0.15625
0
0
0
0.15625
0
0
0
0.15625
0
0
0.052469
0.103781
0
0
0.0537206
0.102529
0
0
0.0523729
0.103877
0
0
0.0496048
0.106645
0
0
0.15625
0
0
0
0.15625
0
0
0
0.15625
0
0
0
0.15625
0
0
0.0528722
0.103378
0
0
0.0517983
0.104452
0
0
0.0404164
0.115834
0
0
0.0532037
0.103046
0
0
0.0524839
0.103766
0
0
0.15625
0
0
0
0.15625
0
0
0
0.15625
0
0
0
0.15625
0
0
0.0493881
0.106862
0
0
0.052828
0.103422
0
0
0.0524569
0.103793
0
0
0.0458937
0.110356
0
0
0.049827
0.106423
0
0
0.15625
0
0
0
0.15625
0
0
0
0.15625
0
0
0
0.15625
0
0
0.0497161
0.106534
0
0
0.0536489
0.102601
0
0
0.0527888
0.103461
0
0
0.0465427
0.109707
0
0
0.0539796
0.10227
0
0
0.15625
0
0
0
0.15625
0
0
0
0.15625
0
0
0
0.15625
0
0
0.0264593
0.129791
0
0
0.0126653
0.143585
0
0
0.0252864
0.130964
0
0
0.0271349
0.129115
0
0.0202283
