histogram cpu_inclusive
/Code/DEFAULT_MODULE/lagrangian_control_,/Machine,/Process,/SyncObject
518 6.4 0  -1
NaN
NaN
NaN
NaN
NaN
NaN
NaN
NaN
NaN
NaN
NaN
NaN
NaN
NaN
NaN
NaN
NaN
NaN
NaN
NaN
NaN
NaN
NaN
NaN
NaN
NaN
NaN
NaN
NaN
NaN
NaN
NaN
NaN
NaN
NaN
NaN
NaN
NaN
NaN
NaN
NaN
NaN
NaN
NaN
NaN
NaN
0.506687
0.683072
0
0.0393112
0.93799
0.760814
0
0
0.852749
0.883728
0
0
0.779015
0.925169
0.0328926
0
0.707
0.957733
0.0716871
0
0.765173
0.939057
0.0314006
0
0.813318
0.913951
0.0105857
0
0.855645
0.881829
0
0
0.917064
0.819736
0
0.0415951
0.938814
0.756929
0
0.0740356
0.963842
0.700494
0
0.119024
0.973562
0.646505
0
0.163748
0.973199
0.60118
0
0.252175
0.955913
0.532029
0
0.27711
0.967261
0.494841
0
0.356538
0.939116
0.445591
0
0.370261
0.961279
0.408677
0
0.438534
0.967268
0.337691
0
0.473962
0.97342
0.294159
0
0.525633
0.9629
0.255685
0
0.590356
0.952251
0.202657
0
0.68969
0.954234
0.098291
0
0.795786
0.910713
0.0367752
0.0228405
0.864136
0.855692
0
0.0523863
0.948936
0.744045
0
0.129882
0.973542
0.641881
0
0.227038
0.973746
0.54506
0
0.336085
0.979259
0.429141
0
0.418195
0.987842
0.339539
0
0.540073
0.968381
0.240928
0
0.602578
0.975666
0.170013
0
0.704836
0.958682
0.0845195
0
0.804653
0.914885
0.0291238
0.0275991
0.869102
0.852099
0
0.0543227
0.956833
0.73754
0
0.135982
0.974555
0.639183
0
0.227074
0.968363
0.461063
0.0881463
0.00663786
0.00714202
0.900307
0.834375
0.00923647
0.0618002
0.928401
0.759905
0
0.124468
0.958764
0.666627
0
0.23313
0.971877
0.547498
0
0.320465
0.981944
0.449052
0
0.403872
0.97694
0.368965
0
0.516295
0.978554
0.257533
0
0.635887
0.98596
0.130144
0
0.722368
0.961145
0.0701512
0
0.814822
0.897091
0.0405015
0.0244406
0.911192
0.816042
0.00280018
0.0919493
0.944493
0.71808
0
0.151631
0.981694
0.620796
0
0.143833
0.974378
0.634337
0
0.25617
0.97931
0.518909
0
0.370378
0.98707
0.396989
0
0.50859
0.9567
0.288298
0
0.636557
0.927972
0.190499
0.0368545
0.731011
0.881181
0.106897
0.0415711
0.84591
0.83083
0.0371466
0.122662
0.895491
0.737657
0
0.164728
0.990654
0.599722
0
0.289912
0.988902
0.476777
0
0.414897
0.992816
0.348955
0
0.560082
0.941192
0.256873
0.0045713
0.666964
0.916572
0.169028
0.0496563
0.758716
0.863055
0.0862906
0.0819644
0.847521
0.828938
0
0.135714
0.924342
0.698625
0
0.182621
0.977359
0.599663
0
0.298768
0.982555
0.479103
0
0.417472
0.99105
0.349156
0
0.531117
0.958951
0.268784
0.00511432
0.661439
0.914847
0.18058
0.0459601
0.758123
0.861299
0.0969408
0.0831681
0.849312
0.821628
0.00848199
0.126226
0.937407
0.697498
0
0.208252
0.982412
0.571716
0
0.340199
0.982941
0.439174
0
0.465469
0.976459
0.318421
0
0.601794
0.939116
0.222176
0.0196742
0.704938
0.901998
0.137344
0.0587892
0.790794
0.855205
0.0592513
0.104138
0.876237
0.783903
0
0.130927
0.973341
0.661737
0
0.252433
0.986648
0.52554
0
0.356706
0.981733
0.427127
0
0.471296
0.981637
0.312576
0
0.595909
0.93972
0.230834
0.0251183
0.702562
0.892774
0.14536
0.0540101
0.769781
0.863041
0.0803745
0.0944245
0.856918
0.814776
0
0.0821197
0.9609
0.725006
0
0.184792
0.989998
0.592044
0
0.302607
0.97843
0.487628
0
0.417629
0.985013
0.366748
0
0.544307
0.956029
0.268806
0
0.664613
0.92874
0.175999
0.0362477
0.720024
0.883278
0.131118
0.0683107
0.802036
0.848462
0.0510011
0.118224
0.877493
0.77394
0
0.124577
0.98302
0.661507
0
0.239611
0.993836
0.536916
0
0.263876
0.992868
0.514954
0
0.391041
0.981487
0.399036
0
0.516231
0.960122
0.298931
0
0.631634
0.932034
0.208908
0.0289043
0.71945
0.885649
0.137485
0.0620577
0.787031
0.857304
0.0665635
0.100636
0.86953
0.804412
0
0.129469
0.952619
0.690525
0
0.208657
0.985053
0.578713
0
0.326366
0.984521
0.46371
0
0.440539
0.991643
0.341976
0
0.546202
0.963382
0.265586
0.00396735
0.659992
0.923787
0.189312
0.0318089
0.736072
0.881499
0.125599
0.075226
0.804403
0.849457
0.0471513
0.102114
0.895607
0.778383
0
0.157228
0.941834
0.675402
0.0189597
0.26008
0.933412
0.563652
0.0184464
0.379244
0.922296
0.455488
0.0583933
0.470214
0.894893
0.352546
0.0865225
0.578455
0.880699
0.230237
