histogram cpu
/Code/DEFAULT_MODULE/gxare2d_,/Machine,/Process,/SyncObject
518 6.4 0  -1
NaN
NaN
NaN
NaN
NaN
NaN
NaN
NaN
NaN
NaN
NaN
NaN
NaN
NaN
NaN
NaN
NaN
NaN
NaN
NaN
NaN
NaN
NaN
NaN
NaN
NaN
NaN
NaN
NaN
NaN
NaN
NaN
NaN
NaN
NaN
NaN
NaN
NaN
NaN
NaN
NaN
NaN
NaN
NaN
NaN
NaN
0
0.0407687
0
0
0
0.0410325
0
0
0
0.0407672
0
0
0
0.0406476
0
0
0
0.0345462
0.00634493
0
0
0.0406514
0
0
0
0.0409397
0
0
0
0.0406208
0
0
0
0.0409687
0
0
0
0.0408619
0
0
0
0.0409822
0
0
0
0.0407759
0
0
0
0.0408272
0
0
0
0.0408172
0
0
0
0.0406103
0
0
0
0.0410191
0
0
0
0.0405022
0
0
0
0.0408036
0
0
0
0.0407334
0
0
0
0.0408311
0
0
0.011311
0.029503
0
0
0.0353749
0.00560801
0
0
0.0407606
0
0
0
0.0406501
0
0
0
0.0407501
0
0
0
0.0407855
0
0
0
0.0406764
0
0
0
0.0405253
0
0
0.00749199
0.0333272
0
0
0.0103301
0.0305318
0
0
0.0111885
0.0295901
0
0
0.040762
0
0
0
0.0406973
0
0
0
0.0407772
0
0
0
0.0407642
0
0
0
0.0406963
0
0
0
0.0341171
0.0062432
0.000472644
0
0
0.0406708
0
0
0
0.0408754
0
0
0
0.0406124
0
0
0
0.0407799
0
0
0
0.04087
0
0
0
0.0406514
0
0
0.00951641
0.0314069
0
0
0.0273811
0.0133436
0
0
0.027636
0.0131988
0
0
0.0398784
0.000882498
0
0
0.0406863
0
0
0
0.0409158
0
0
0
0.0405595
0
0
0
0.0406282
0
0
0
0.0407876
0
0
0.0130697
0.0277058
0
0
0.0130978
0.0275193
0
0
0.0112853
0.0297243
0
0
0.0323747
0.00849432
0
0
0.0407761
0
0
0
0.0406981
0
0
0
0.0408177
0
0
0.0109992
0.029912
0
0
0.0139652
0.026728
0
0
0.0114868
0.0292409
0
0
0.0128785
0.0277415
0
0
0.0406197
0
0
0
0.0406855
0
0
0
0.0406039
0
0
0
0.0407761
0
0
0.0106652
0.030271
0
0
0.0136496
0.0270449
0
0
0.0139625
0.0268282
0
0
0.013844
0.026871
0
0
0.0376819
0.00313118
0
0
0.0409755
0
0
0
0.0406298
0
0
0
0.0406411
0
0
0.0113696
0.0292372
0
0
0.0135771
0.0270939
0
0
0.0133887
0.0274154
0
0
0.0211123
0.0199255
0
0
0.0409192
0
0
0
0.0407198
0
0
0
0.0406137
0
0
0.00966225
0.0312605
0
0
0.0110953
0.0296087
0
0
0.0120923
0.0285396
0
0
0.0132613
0.0273664
0
0
0.0148714
0.0257852
0
0
0.0407261
0
0
0
0.0407362
0
0
0
0.0407565
0
0
0
0.0406954
0
0
0.0118446
0.0288728
0
0
0.0137171
0.0271308
0
0
0.0138339
0.0267854
0
0
0.0107819
0.030084
0
0
0.0237726
0.0170727
0
0
0.0406697
0
0
0
0.0406417
0
0
0
0.0406295
0
0
0.00371182
0.0369669
0
0
0.00683143
0.0339986
0
0
0.013813
0.0269494
0
0
0.0131288
0.0275609
0
0
0.0139392
0.0266597
0
0
0.0220073
0.0187679
0
0
0.0407827
0
0
0
0.0407216
0
0
0
0.0406927
0
0
0
0.040572
0
0
0.0121412
0.0286409
0
0
0.0135803
0.0269771
0
0
0.0114708
0.0294078
0
0
0.0101166
0.0305966
0
0
0.0280577
0.0126925
0
0
0.0409093
0
0
0
0.0406501
0
0
0.00698974
0.0339947
0
0
0.0069046
0.0338635
0
0
0.00629079
0.0344114
0
0
0.00689314
0.0340204
0
0
0.00638427
0.0342217
