histogram cpu
/Code/DEFAULT_MODULE/rdvol2d_,/Machine,/Process,/SyncObject
518 6.4 0  -1
NaN
NaN
NaN
NaN
NaN
NaN
NaN
NaN
NaN
NaN
NaN
NaN
NaN
NaN
NaN
NaN
NaN
NaN
NaN
NaN
NaN
NaN
NaN
NaN
NaN
NaN
NaN
NaN
NaN
NaN
NaN
NaN
NaN
NaN
NaN
NaN
NaN
NaN
NaN
NaN
NaN
NaN
NaN
NaN
NaN
NaN
0
0
0.0737986
0
0
0
0.0738514
0
0
0
0.0737795
0
0
0
0.0736513
0
0
0
0.0736502
0
0
0
0.0737366
0
0
0
0.0735203
0
0
0
0.0736699
0
0
0
0.0735375
0
0
0
0.0737226
0
0
0
0.0736288
0
0
0
0.0735783
0
0
0
0.0738274
0
0
0
0.0738211
0
0
0
0.0734625
0
0
0
0.0736326
0
0
0
0.0735016
0
0
0.0153658
0.0583131
0
0
0.0219076
0.0515405
0
0
0.0299641
0.043576
0
0
0.0465921
0.0267838
0
0
0.0735223
0
0
0
0.0733481
0
0
0
0.0734206
0
0
0
0.0736763
0
0
0
0.0736821
0
0
0
0.0735235
0
0
0.00550065
0.0681141
0
0
0.0206954
0.0524574
0
0
0.0261562
0.0475389
0
0
0.0551887
0.0183457
0
0
0.0734277
0
0
0
0.0736807
0
0
0
0.0735106
0
0
0
0.073553
0
0
0
0.0734019
0
0
0
0
0.0733045
0
0
0
0.0740966
0
0
0
0.073508
0
0
0
0.0734389
0
0
0
0.0735539
0
0
0
0.0733513
0
0
0.0128785
0.0607252
0
0
0.0486365
0.0247923
0
0
0.0565151
0.0171452
0
0
0.0689091
0.00460517
0
0
0.0731814
0
0
0
0.0733739
0
0
0
0.0734511
0
0
0
0.0737569
0
0
0
0.0734133
0
0
0
0.0733927
0
0
0.0246493
0.0487309
0
0
0.0255336
0.0480659
0
0
0.0397213
0.033742
0
0
0.0733382
0
0
0
0.0733483
0
0
0
0.0733489
0
0
0.0115591
0.0620619
0
0
0.025231
0.0481393
0
0
0.0245807
0.0489366
0
0
0.0181877
0.055084
0
0
0.0481
0.0255829
0
0
0.0734812
0
0
0
0.0734437
0
0
0
0.0735149
0
0
0.0128196
0.0606819
0
0
0.0246336
0.0486938
0
0
0.0244482
0.0490645
0
0
0.0234304
0.04994
0
0
0.0506439
0.0229422
0
0
0.0735444
0
0
0
0.0733227
0
0
0
0.0732094
0
0
0.0209264
0.0526412
0
0
0.0213952
0.0519883
0
0
0.0244478
0.0487419
0
0
0.0379604
0.0354332
0
0
0.0666655
0.00666076
0
0
0.0733894
0
0
0
0.0734371
0
0
0.00500348
0.0688199
0
0
0.0220254
0.0516752
0
0
0.0212893
0.0521925
0
0
0.0251658
0.0482535
0
0
0.0253742
0.0478555
0
0
0.0714499
0.00204325
0
0
0.0736356
0
0
0
0.0734109
0
0
0
0.0733179
0
0
0.0142148
0.0593284
0
0
0.022117
0.051239
0
0
0.0248191
0.0486305
0
0
0.0249374
0.0486922
0
0
0.043508
0.029851
0
0
0.0731409
0
0
0
0.0733906
0
0
0
0.0733489
0
0
0.00166258
0.0717125
0
0
0.0241311
0.0494568
0
0
0.0219375
0.0514608
0
0
0.0245526
0.0489787
0
0
0.024551
0.0487967
0
0
0.0368401
0.0366691
0
0
0.0695612
0.00411189
0
0
0.0732809
0
0
0
0.0734097
0
0
0
0.0732744
0
0
0.014009
0.059375
0
0
0.0254692
0.047748
0
0
0.0171872
0.0559895
0
0
0.0237642
0.0497504
0
0
0.0423915
0.0310378
0
0
0.0732863
0
0
0
0.0732964
0
0
0
0.0733364
0
0
0.0123339
0.0610186
0
0
0.0124891
0.060979
0
0
0.0121516
0.0612706
0
0
0.0123403
0.0613894
0
0.00691848
0.0427431
