histogram procedure_calls
/Code/DEFAULT_MODULE/lbcsu2d_,/Machine,/Process,/SyncObject
518 6.4 0  -1
NaN
NaN
NaN
NaN
NaN
NaN
NaN
NaN
NaN
NaN
NaN
NaN
NaN
NaN
NaN
NaN
NaN
NaN
NaN
NaN
NaN
NaN
NaN
NaN
NaN
NaN
NaN
NaN
NaN
NaN
NaN
NaN
NaN
NaN
NaN
NaN
NaN
NaN
NaN
NaN
NaN
NaN
NaN
NaN
NaN
NaN
0.15625
0
0
0.15625
0
0
0
0
0.15625
0
0
0
0.15625
0
0
0
0.15625
0
0
0
0.15625
0
0
0
0.15625
0
0
0
0.15625
0
0
0
0.15625
0
0
0.0918268
0.0644232
0
0
0.15625
0
0
0
0.15625
0
0
0
0.15625
0
0
0
0.15625
0
0
0
0.15625
0
0
0
0.15625
0
0
0
0.15625
0
0
0
0.15625
0
0
0
0.15625
0
0
0
0.15625
0
0
0
0.15625
0
0
0
0.15625
0
0
0
0.15625
0
0
0.0462939
0.109956
0
0
0.0405003
0.11575
0
0
0.15625
0
0
0
0.15625
0
0
0
0.15625
0
0
0
0.15625
0
0
0
0.15625
0
0
0
0.15625
0
0
0
0.15625
0
0
0
0.15625
0
0
0.0442403
0.11201
0
0
0.0434058
0.112844
0
0
0.15625
0
0
0
0.15625
0
0
0
0
0.104288
0.0519618
0
0
0.106602
0.0496484
0
0
0.1057
0.0505496
0
0
0.15625
0
0
0
0.15625
0
0
0
0.15625
0
0
0
0.15625
0
0
0
0.15625
0
0
0
0.15625
0
0
0
0.15625
0
0
0.107327
0.048923
0
0
0.104844
0.0514061
0
0
0.103738
0.0525122
0
0
0.105541
0.0507093
0
0
0.15625
0
0
0
0.15625
0
0
0
0.15625
0
0
0
0.15625
0
0
0.0536882
0.102562
0
0
0.0283549
0.127895
0
0
0.0529232
0.103327
0
0
0.15625
0
0
0
0.15625
0
0
0
0.15625
0
0
0
0.15625
0
0
0.0533277
0.102922
0
0
0.0529341
0.103316
0
0
0.047981
0.108269
0
0
0.0531587
0.103091
0
0
0.15625
0
0
0
0.15625
0
0
0
0.15625
0
0
0
0.15625
0
0
0.0525707
0.103679
0
0
0.0493045
0.106945
0
0
0.047702
0.108548
0
0
0.0495728
0.106677
0
0
0.15625
0
0
0
0.15625
0
0
0
0.15625
0
0
0
0.15625
0
0
0.0477213
0.108529
0
0
0.0490583
0.107192
0
0
0.0508875
0.105363
0
0
0.04492
0.11133
0
0
0.15625
0
0
0
0.15625
0
0
0
0.15625
0
0
0
0.15625
0
0
0.0509109
0.105339
0
0
0.0514851
0.104765
0
0
0.0511271
0.105123
0
0
0.0331621
0.123088
0
0
0.15625
0
0
0
0.15625
0
0
0
0.15625
0
0
0
0.15625
0
0
0
0.15625
0
0
0.0517573
0.104493
0
0
0.0473799
0.10887
0
0
0.0536035
0.102647
0
0
0.15625
0
0
0
0.15625
0
0
0
0.15625
0
0
0
0.15625
0
0
0
0.15625
0
0
0
0.15625
0
0
0.0527483
0.103502
0
0
0.0494958
0.106754
0
0
0.0506154
0.105635
0
0
0.0474854
0.108765
0
0
0.15625
0
0
0
0.15625
0
0
0
0.15625
0
0
0
0.15625
0
0
0.0539476
0.102302
0
0
0.0495539
0.106696
0
0
0.0531919
0.103058
0
0
0.0477302
0.10852
0
0
0.0524438
0.103806
0
0.0264433
0.129807
0
0
0.0126484
0.143602
0
0
0.0252712
0.130979
0
0
0.0271189
0.129131
0
0
