histogram cpu_inclusive
/Code/DEFAULT_MODULE/MAIN_,/Machine,/Process,/SyncObject
890 0.8 0  -1
NaN
NaN
NaN
NaN
NaN
NaN
NaN
NaN
NaN
NaN
NaN
NaN
NaN
NaN
NaN
NaN
NaN
NaN
NaN
NaN
NaN
NaN
NaN
NaN
NaN
NaN
NaN
NaN
NaN
NaN
NaN
NaN
NaN
NaN
NaN
NaN
NaN
NaN
NaN
NaN
NaN
NaN
NaN
NaN
NaN
NaN
NaN
NaN
NaN
NaN
NaN
NaN
NaN
NaN
NaN
NaN
NaN
NaN
NaN
NaN
NaN
NaN
NaN
NaN
NaN
NaN
NaN
NaN
NaN
NaN
NaN
NaN
NaN
NaN
NaN
NaN
NaN
NaN
NaN
NaN
NaN
NaN
NaN
NaN
NaN
NaN
NaN
NaN
NaN
NaN
NaN
NaN
NaN
NaN
NaN
NaN
NaN
NaN
NaN
NaN
NaN
NaN
NaN
NaN
NaN
NaN
NaN
NaN
NaN
NaN
NaN
NaN
NaN
NaN
NaN
NaN
NaN
NaN
NaN
NaN
NaN
NaN
NaN
NaN
NaN
NaN
NaN
NaN
NaN
NaN
NaN
NaN
NaN
NaN
NaN
NaN
NaN
NaN
NaN
NaN
NaN
NaN
NaN
NaN
NaN
NaN
NaN
NaN
NaN
NaN
NaN
NaN
NaN
NaN
NaN
NaN
NaN
NaN
0.401078
0.216754
0.300059
0.378404
0.562964
0.550862
0.397928
0.2323
0.423905
0.392396
0.513311
0.299995
0.397922
0.484767
0.388948
0.353515
0.260129
0.236872
0.366403
0.429285
0.216607
0.497206
0.535984
0.419615
0.528144
0.485333
0.498365
0.512064
0.378564
0.542901
0.535603
0.487437
0.542024
0.443559
0.603028
0.578405
0.55233
0.349332
0.357266
0.919247
0.71923
0.523748
0.35786
0.541881
0.438336
0.480694
0.507513
0.446918
0.544676
0.489087
0.483964
0.504639
0.458616
0.419886
0.487331
0.397147
0.491297
0.437521
0.440174
0.428438
0.481491
0.478472
0.434308
0.527636
0.41814
0.483837
0.479551
0.435005
0.520604
0.524809
0.581568
0.482024
0.427364
0.357522
0.490798
0.472566
0.529109
0.426963
0.43596
0.398418
0.464003
0.514786
0.422563
0.509386
0.355615
0.53131
0.475113
0.426922
0.523751
0.435285
0.480977
0.479899
0.467919
0.525582
0.406262
0.398845
0.502357
0.436451
0.539014
0.447874
0.450818
0.496811
0.358956
0.373267
0.20139
0.457526
0.43292
0.0498823
0.0459868
0.137218
0.126059
0.174947
0.163698
0.545985
0.448074
0.467345
0.509703
0.44359
0.554404
0.452033
0.457866
0.522787
0.435968
0.400009
0.456138
0.433264
0.518905
0.439648
0.527335
0.440904
0.469004
0.493688
0.443778
0.537414
0.468224
0.481383
0.498933
0.434305
0.545151
0.463934
0.479638
0.44754
0.43216
0.528655
0.485021
0.451278
0.426217
0.455897
0.521027
0.290323
0.481827
0.327008
0.340197
0.527555
0.239697
0.385897
0.472824
0.436497
0.48013
0.395989
0.474628
0.498301
0.379533
0.532421
0.457011
0.397198
0.453537
0.54441
0.422551
0.506404
0.443028
0.497649
0.464294
0.542574
0.456163
0.46523
0.539763
0.449957
0.527668
0.45238
0.461411
0.510247
0.446457
0.543768
0.484849
0.433016
0.52524
0.450516
0.538953
0.470478
0.465045
0.541925
0.43836
0.526943
0.45553
0.485228
0.508911
0.442128
0.543866
0.483358
0.4462
0.536721
0.442162
0.537062
0.482558
0.473896
0.465946
0.448041
0.539219
0.467168
0.465985
0.542226
0.445964
0.553899
0.449928
0.454564
0.516629
0.439694
0.539909
0.429158
0.521758
0.505373
0.431053
0.557435
0.462855
0.459
0.526911
0.441475
0.538945
0.4829
0.453089
0.482326
0.394298
0.540797
0.42414
0.478646
0.494141
0.449976
0.533583
0.407297
0.47671
0.509867
0.441412
0.541941
0.482046
0.470834
0.49492
0.45319
0.519589
0.285098
0.243671
0.267169
0.309764
0.529433
0.460506
0.246829
0.51289
0.628284
0.352831
0.546754
0.358822
0.295459
0.430035
0.389408
0.496307
0.403545
0.415446
0.475831
0.441563
0.428216
0.412051
0.445154
0.435051
0.531807
0.47837
0.445684
0.466716
0.457784
0.552366
0.470059
0.454921
0.522225
0.469511
0.389218
0.50342
0.455141
0.54144
0.455311
0.546694
0.482266
0.475551
0.541104
0.45458
0.529013
0.457315
0.462945
0.533023
0.4498
0.551483
0.484303
0.450677
0.493156
0.477612
0.534292
0.455613
0.461785
0.522074
0.448148
0.54475
0.450008
0.465486
0.523556
0.46282
0.532431
0.226866
0.435223
0.438358
0.445889
0.441391
0.389522
0.432688
0.429433
0.224336
0.252218
0.331099
0.346134
0.498082
0.545618
0.446887
0.501101
0.53045
0.460697
0.545372
0.445715
0.50094
0.531149
0.447748
0.321088
0.334541
0.331838
0.306359
0.439415
0.463495
0.569312
0.476842
0.416856
0.560686
0.521147
0.419435
0.548219
0.542076
0.450655
0.532227
0.454269
0.509351
0.533885
0.449797
0.516918
0.448384
0.51027
0.543758
0.44982
0.529785
0.447082
0.510572
0.557248
0.572863
0.611783
0.748718
0.51768
0.558652
0.436008
0.46418
0.542474
0.413906
0.538615
0.541266
0.460806
0.545408
0.483603
0.447619
0.488021
0.474082
0.561659
0.459831
0.448886
0.538408
0.461434
0.545797
0.483373
0.450399
0.543073
0.461548
0.540638
0.483196
0.481938
0.543677
0.457735
0.545637
0.482729
0.450538
0.5438
0.461428
0.54561
0.482487
0.420999
0.532568
0.46205
0.545479
0.482439
0.41324
0.543965
0.460759
0.513302
0.43808
0.420828
0.543568
0.461655
0.537033
0.411062
0.471867
0.503906
0.447109
0.547706
0.459833
0.487417
0.542349
0.474941
0.544424
0.47126
0.450772
0.535931
0.474136
0.538369
0.448416
0.463854
0.543133
0.473334
0.544674
0.471335
0.450398
0.520084
0.498927
0.540186
0.469454
0.451076
0.543129
0.474508
0.544387
0.467735
0.451856
0.543357
0.476813
0.53957
0.470916
0.442381
0.508143
0.474708
0.534227
0.42217
0.461508
0.544004
0.461582
0.544595
0.457421
0.473194
0.543517
0.45644
0.567219
0.44481
0.449811
0.544611
0.449178
0.546356
0.496341
0.449856
0.544053
0.449791
0.546289
0.496371
0.459164
0.506424
0.472984
0.523002
0.359111
0.472027
0.521619
0.447361
0.547369
0.497353
0.397377
0.513572
0.448198
0.535815
0.532332
0.367838
0.44771
0.447535
0.540863
0.472564
0.472112
0.521469
0.448024
0.54684
0.498258
0.470141
0.516778
0.446283
0.547072
0.495829
0.448346
0.43294
0.421554
0.545785
0.468732
0.00244064
0.00244064
0.00244064
0.00244064
0.00244064
0.00244064
0.00244064
0.00244064
0.00244064
0.00244064
0.00244064
0.00244064
0.00244064
0.00244064
0.00244064
0.00244064
0.00244064
0.00244064
0.00244064
0.00244064
0.00244064
0.00244064
0.00244064
0.00244064
0.00244064
0.00244064
0.00244064
0.00244064
0.319283
0.471053
0.511541
0.523902
0.51397
0.477208
0.463928
0.47367
0.417684
0.428807
0.512992
0.516358
0.490029
0.462079
0.452567
0.510413
0.518208
0.518852
0.479802
0.451075
0.485761
0.387248
0.514531
0.510234
0.420699
0.427719
0.471666
0.473886
0.367311
0.380336
0.516343
0.511948
0.279279
0.115975
0.270721
0.46199
0.464061
0.460132
0.478821
0.490073
0.492681
0.524703
0.474857
0.4712
0.488487
0.492812
0.521462
0.499654
0.460249
0.406382
0.432568
0.523088
0.498833
0.489803
0.47977
0.491105
0.507829
0.478306
0.489497
0.479541
0.50139
0.536284
0.498695
0.471437
0.404522
0.339628
0.339628
0.145022
0.133081
0.133081
0.133081
0.133081
0.133081
0.214532
0.467377
0.4845
0.478608
0.52204
0.511611
0.476833
0.490168
0.481116
0.521776
0.51177
0.47672
0.490862
0.480755
0.520375
0.506012
0.476863
0.490691
0.480512
0.521158
0.490639
0.366615
0.425307
0.528804
0.422316
0.523159
0.446605
0.463813
0.501087
0.481776
0.462287
0.449415
0.489033
0.4234
0.340474
0.364087
0.137054
0.137054
0.137054
0.137054
0.154301
0.53978
0.568945
0.510919
0.544787
0.508407
0.446749
0.54654
0.498234
0.472079
0.519378
0.447821
0.54091
0.496411
0.47205
0.520184
0.448124
0.536233
0.359782
0.554729
0.577935
0.705176
0.892734
0.889577
0.747152
0.871779
0.604542
0.629198
0.839531
0.687204
0.864626
0.873392
0.509339
0.800027
0.886641
0.884465
0.555117
0.963308
0.98614
0.974992
0.986354
0.993087
0.993317
0.989035
0.991286
0.993237
0.993284
0.993697
0.973494
0.993216
0.975581
0.989506
0.860229
0.992016
0.99297
0.993086
0.985646
0.993548
0.992946
0.992351
0.904846
0.992579
0.987658
0.991127
0.993107
0.993108
0.993045
0.916678
0.954089
0.991113
0.992583
0.880468
0.992434
0.951414
0.182437
0.182437
