histogram cpu_inclusive
/Code/DEFAULT_MODULE/main,/Machine,/Process,/SyncObject
890 0.8 0  -1
NaN
NaN
NaN
NaN
NaN
NaN
NaN
NaN
NaN
NaN
NaN
NaN
NaN
NaN
NaN
NaN
NaN
NaN
NaN
NaN
NaN
NaN
NaN
NaN
NaN
NaN
NaN
NaN
NaN
NaN
NaN
NaN
NaN
NaN
NaN
NaN
NaN
NaN
NaN
NaN
NaN
NaN
NaN
NaN
NaN
NaN
NaN
NaN
NaN
NaN
NaN
NaN
NaN
NaN
NaN
NaN
NaN
NaN
NaN
NaN
NaN
NaN
NaN
NaN
NaN
NaN
NaN
NaN
NaN
NaN
NaN
NaN
NaN
NaN
NaN
NaN
NaN
NaN
NaN
NaN
NaN
NaN
NaN
NaN
NaN
NaN
NaN
NaN
NaN
NaN
NaN
NaN
NaN
NaN
NaN
NaN
NaN
NaN
NaN
NaN
NaN
NaN
NaN
NaN
NaN
NaN
NaN
NaN
NaN
NaN
NaN
NaN
NaN
NaN
NaN
NaN
NaN
NaN
NaN
NaN
NaN
0.404603
0.466704
0.374517
0.431044
0.453526
0.537328
0.482671
0.460542
0.545397
0.447896
0.642689
0.506747
0.533947
0.453717
0.450804
0.545359
0.454621
0.458575
0.498474
0.421015
0.223712
0.470353
0.446472
0.368925
0.340079
0.476412
0.341311
0.480495
0.495746
0.409519
0.466301
0.305336
0.545863
0.387324
0.422462
0.411075
0.204016
0.401082
0.216759
0.300054
0.378383
0.562973
0.550876
0.397927
0.23229
0.423908
0.392101
0.513616
0.299986
0.39792
0.484752
0.388961
0.353536
0.260119
0.236887
0.366386
0.429301
0.216593
0.4972
0.535985
0.419611
0.528142
0.485346
0.498357
0.512069
0.37855
0.542901
0.53561
0.487438
0.54203
0.443556
0.60303
0.5784
0.552325
0.349346
0.357246
0.919251
0.719244
0.523732
0.357874
0.54189
0.438337
0.48069
0.507513
0.446912
0.544676
0.489093
0.483962
0.504639
0.458615
0.419882
0.487328
0.397146
0.491314
0.437513
0.440175
0.428437
0.481492
0.478472
0.434301
0.527649
0.418129
0.483843
0.47955
0.434996
0.520606
0.524806
0.581577
0.482024
0.427363
0.35751
0.490823
0.472552
0.529115
0.426962
0.43596
0.398427
0.463995
0.514784
0.422563
0.50939
0.355614
0.53131
0.475114
0.426915
0.523759
0.435287
0.480968
0.479899
0.467916
0.525587
0.406258
0.398836
0.502364
0.436455
0.539018
0.44787
0.45081
0.496816
0.35896
0.373278
0.201379
0.457517
0.432944
0.0498814
0.045983
0.137217
0.126054
0.174953
0.163682
0.545989
0.448079
0.467336
0.509707
0.443588
0.554406
0.452035
0.45786
0.522789
0.435973
0.400005
0.456142
0.433261
0.518909
0.439641
0.527341
0.440903
0.469
0.493692
0.443772
0.537418
0.468226
0.481379
0.498939
0.434298
0.545155
0.463937
0.479632
0.447542
0.432158
0.528653
0.485032
0.451268
0.426223
0.455893
0.52103
0.290328
0.481816
0.327026
0.34019
0.527561
0.239682
0.385901
0.472826
0.436499
0.48013
0.39598
0.474624
0.498311
0.379533
0.532422
0.457012
0.397197
0.453534
0.544407
0.422548
0.506408
0.443025
0.497654
0.46429
0.542578
0.456156
0.465232
0.539769
0.449952
0.527672
0.452381
0.461405
0.510249
0.446465
0.54376
0.484852
0.433005
0.525256
0.450508
0.538953
0.470488
0.465029
0.541931
0.43837
0.526936
0.455529
0.485234
0.508905
0.442132
0.54386
0.48336
0.446195
0.536727
0.44217
0.537054
0.482562
0.47389
0.465949
0.448038
0.53922
0.467172
0.465977
0.542235
0.445961
0.553902
0.449929
0.454557
0.516633
0.439701
0.539912
0.429149
0.521756
0.505376
0.431049
0.557439
0.462857
0.459003
0.526905
0.441474
0.538946
0.482912
0.453071
0.482331
0.394315
0.540776
0.424144
0.478643
0.494147
0.449978
0.533578
0.407299
0.476707
0.509869
0.441416
0.541945
0.482038
0.470831
0.494933
0.453183
0.519592
0.285102
0.243664
0.267191
0.309747
0.529422
0.460509
0.246831
0.51289
0.628285
0.352824
0.54676
0.358843
0.29544
0.430036
0.389409
0.496303
0.403549
0.415448
0.475826
0.441565
0.428223
0.412048
0.445147
0.435053
0.531806
0.478381
0.445669
0.466719
0.457785
0.552375
0.47005
0.454913
0.522232
0.469522
0.389205
0.503425
0.455132
0.541445
0.455311
0.546694
0.482268
0.475543
0.541109
0.454581
0.529015
0.457316
0.462946
0.533017
0.4498
0.551485
0.484306
0.450667
0.493163
0.477612
0.534294
0.455613
0.461779
0.522077
0.448147
0.544752
0.450018
0.46547
0.523561
0.462819
0.53245
0.226848
0.435226
0.438355
0.445882
0.441412
0.389511
0.432688
0.429421
0.224356
0.252204
0.331118
0.346123
0.498078
0.54562
0.446885
0.501107
0.530449
0.460693
0.545364
0.445722
0.500937
0.531155
0.447757
0.321071
0.334558
0.331838
0.306354
0.439409
0.463506
0.569309
0.476827
0.41686
0.560688
0.52116
0.419429
0.548211
0.54208
0.450652
0.532248
0.45425
0.509349
0.533888
0.449795
0.516921
0.448381
0.510269
0.543762
0.449817
0.529789
0.447079
0.51057
0.557248
0.57286
0.611777
0.748727
0.517679
0.558657
0.436008
0.464176
0.54248
0.413901
0.538614
0.54127
0.46082
0.545392
0.483605
0.447616
0.488022
0.474078
0.561663
0.459833
0.4489
0.538393
0.46143
0.545799
0.483375
0.450395
0.543077
0.461544
0.540641
0.483196
0.481936
0.543682
0.457749
0.545621
0.482731
0.450535
0.543821
0.461407
0.545612
0.48249
0.420994
0.53257
0.462046
0.545482
0.482443
0.413234
0.543968
0.460757
0.513306
0.438082
0.42084
0.543553
0.461652
0.537037
0.41106
0.471866
0.503906
0.447112
0.547703
0.459854
0.487397
0.542351
0.474939
0.544427
0.471261
0.450769
0.535934
0.474132
0.538374
0.448416
0.463851
0.543136
0.473331
0.544676
0.471336
0.450396
0.520084
0.498926
0.540189
0.469455
0.451072
0.543133
0.474504
0.54439
0.467737
0.451852
0.54336
0.476827
0.539555
0.470918
0.442377
0.508146
0.474722
0.534213
0.422168
0.461522
0.543989
0.461578
0.5446
0.457421
0.473191
0.54352
0.456436
0.567224
0.444829
0.449788
0.544615
0.449174
0.546358
0.496343
0.449852
0.544057
0.449786
0.546291
0.496373
0.459162
0.506426
0.472982
0.523001
0.359118
0.472022
0.521617
0.447364
0.547365
0.497354
0.397382
0.513566
0.448202
0.535812
0.532332
0.367845
0.447726
0.447517
0.540858
0.472567
0.472112
0.521467
0.448045
0.546817
0.498261
0.470142
0.516776
0.446286
0.547067
0.49583
0.448349
0.432941
0.421549
0.545787
0.468752
0.00244064
0.00244064
0.00244064
0.00244064
0.00244064
0.00244064
0.00244064
0.00244064
0.00244064
0.00244064
0.00244064
0.00244064
0.00244064
0.00244064
0.00244064
0.00244064
0.00244064
0.00244064
0.00244064
0.00244064
0.00244064
0.00244064
0.00244064
0.00244064
0.00244064
0.00244064
0.00244064
0.00244064
0.319254
0.471073
0.511531
0.523898
0.513969
0.477211
0.463926
0.47367
0.417689
0.428803
0.512988
0.516361
0.490029
0.462081
0.452566
0.510409
0.518211
0.518851
0.479806
0.451075
0.485759
0.387258
0.514515
0.510245
0.420699
0.427719
0.471663
0.473888
0.367318
0.380328
0.51634
0.511962
0.279301
0.115966
0.270699
0.46199
0.46406
0.460142
0.478821
0.490065
0.492677
0.524706
0.474868
0.471199
0.488478
0.492809
0.52147
0.499659
0.46024
0.406386
0.432559
0.523089
0.498834
0.489803
0.479771
0.491102
0.507832
0.478305
0.489497
0.479543
0.501385
0.536286
0.498696
0.471438
0.404528
0.339628
0.339628
0.145032
0.133081
0.133081
0.133081
0.133081
0.133081
0.214516
0.467375
0.484501
0.478605
0.52204
0.511613
0.476835
0.490181
0.481098
0.521776
0.511773
0.476722
0.490875
0.480737
0.520375
0.506014
0.476861
0.490692
0.480509
0.521158
0.490646
0.366614
0.425298
0.528814
0.422308
0.523164
0.446605
0.463811
0.501088
0.481776
0.462289
0.449411
0.489037
0.423401
0.340474
0.364101
0.137054
0.137054
0.137054
0.137054
0.154282
0.539779
0.568944
0.510922
0.544785
0.508408
0.446753
0.546535
0.498237
0.47208
0.519396
0.447806
0.540905
0.496414
0.472051
0.520181
0.448128
0.536248
0.359781
0.55471
0.577929
0.705167
0.892733
0.889584
0.747146
0.871773
0.604544
0.629224
0.83952
0.687213
0.864625
0.873373
0.509361
0.799987
0.886661
0.884499
0.555118
0.962814
0.986116
0.975034
0.986349
0.993055
0.993324
0.989028
0.991263
0.993277
0.993278
0.993711
0.973452
0.993266
0.975522
0.989626
0.860178
0.992424
0.993007
0.993086
0.985608
0.993548
0.992946
0.992392
0.90481
0.992612
0.98762
0.991166
0.99307
0.993147
0.993007
0.91672
0.954049
0.99115
0.992583
0.88043
0.992431
0.951491
0.182421
0.182421
