histogram cpu
/Code,/Machine,/Process,/SyncObject
890 0.8 0  -1
NaN
NaN
NaN
NaN
NaN
NaN
NaN
NaN
NaN
NaN
NaN
NaN
NaN
NaN
NaN
NaN
NaN
NaN
NaN
NaN
NaN
NaN
NaN
NaN
NaN
NaN
NaN
NaN
NaN
NaN
NaN
NaN
NaN
NaN
NaN
NaN
NaN
NaN
NaN
NaN
NaN
NaN
NaN
NaN
NaN
NaN
NaN
NaN
NaN
NaN
NaN
NaN
NaN
NaN
NaN
NaN
0.399105
0.21953
0.0232542
0.178179
0.407225
0.32884
0.550808
0.482105
0.533327
0.538778
0.396942
0.578453
0.513226
0.458765
0.537073
0.445372
0.505911
0.517443
0.458816
0.54355
0.509721
0.432867
0.527362
0.454192
0.544809
0.446018
0.498683
0.533004
0.36433
0.501938
0.403207
0.518485
0.557755
0.539779
0.452484
0.54202
0.471172
0.463159
0.545771
0.452436
0.543582
0.471811
0.467515
0.532084
0.554844
0.560788
0.445139
0.4586
0.519175
0.455779
0.527112
0.446895
0.464842
0.532964
0.448511
0.545167
0.488359
0.463867
0.526753
0.449361
0.532548
0.490931
0.473034
0.520506
0.372503
0.39249
0.466671
0.374525
0.431055
0.453527
0.537325
0.482693
0.460522
0.545396
0.447894
0.642678
0.506746
0.533957
0.453718
0.450807
0.545371
0.454628
0.458557
0.498467
0.421029
0.223697
0.470377
0.44644
0.368957
0.340042
0.476428
0.341298
0.480488
0.495756
0.409506
0.466346
0.305307
0.545876
0.387322
0.422445
0.41112
0.20398
0.401098
0.21677
0.300043
0.378336
0.562991
0.550903
0.397926
0.232268
0.423911
0.392094
0.513646
0.299967
0.397929
0.484727
0.388972
0.353582
0.260085
0.236923
0.366345
0.429337
0.216566
0.497178
0.535993
0.419594
0.52814
0.485375
0.498343
0.512075
0.378518
0.5429
0.535626
0.487444
0.542048
0.443546
0.603034
0.578391
0.552306
0.349379
0.3572
0.919261
0.719275
0.523746
0.357854
0.541909
0.438339
0.480681
0.507515
0.446896
0.544676
0.489115
0.483958
0.504636
0.458607
0.419874
0.487332
0.397144
0.491345
0.437495
0.440177
0.428436
0.481493
0.478471
0.434284
0.527671
0.418107
0.483861
0.479547
0.434986
0.520599
0.524812
0.581595
0.482024
0.427357
0.35748
0.490877
0.472523
0.529119
0.426964
0.435966
0.398454
0.463965
0.514789
0.422557
0.509397
0.355615
0.531295
0.475121
0.426913
0.523766
0.435286
0.480966
0.479895
0.467913
0.525597
0.406253
0.398811
0.502381
0.436451
0.539025
0.447876
0.450792
0.496821
0.358961
0.373318
0.201348
0.457501
0.432995
0.0498781
0.0459744
0.137214
0.126043
0.17497
0.163648
0.545996
0.448081
0.467324
0.509714
0.443581
0.554413
0.452041
0.457841
0.522793
0.435983
0.4
0.456152
0.433236
0.518919
0.439636
0.527354
0.440904
0.468989
0.493693
0.443768
0.537431
0.468227
0.481367
0.49894
0.434293
0.545164
0.463945
0.479618
0.447547
0.432152
0.528665
0.485029
0.451255
0.426235
0.455886
0.521059
0.290307
0.481811
0.327066
0.340158
0.527596
0.239657
0.385878
0.472843
0.436493
0.48013
0.395973
0.474616
0.498321
0.379534
0.532425
0.457014
0.397195
0.453527
0.544417
0.422535
0.50642
0.443016
0.497654
0.46429
0.542583
0.456159
0.465207
0.539783
0.449829
0.527803
0.452384
0.461399
0.510246
0.446461
0.543763
0.484859
0.432981
0.525272
0.450518
0.538951
0.470483
0.465022
0.541936
0.438371
0.526939
0.455534
0.485215
0.508912
0.442141
0.543847
0.483373
0.446174
0.53675
0.442158
0.537055
0.482578
0.473866
0.465957
0.448033
0.539222
0.467189
0.465952
0.542255
0.445965
0.553896
0.449929
0.454542
0.516642
0.439696
0.539916
0.42915
0.521751
0.505394
0.431032
0.557449
0.462868
0.458981
0.526911
0.441483
0.538948
0.48291
0.453061
0.482333
0.394329
0.540758
0.424144
0.478638
0.494168
0.449972
0.533567
0.407311
0.476698
0.509868
0.441436
0.541924
0.482049
0.470815
0.494945
0.453182
0.519603
0.28511
0.243652
0.267215
0.309739
0.529387
0.460516
0.246835
0.512893
0.628294
0.352806
0.546767
0.35886
0.295428
0.430028
0.389419
0.496292
0.403568
0.415453
0.475805
0.44157
0.428219
0.412062
0.445131
0.435055
0.531805
0.478388
0.445662
0.46672
0.457784
0.552369
0.470063
0.454903
0.522236
0.469528
0.389205
0.503431
0.455114
0.541451
0.455312
0.546695
0.482281
0.475518
0.541127
0.454583
0.529002
0.457336
0.462921
0.533033
0.449779
0.551498
0.484313
0.450655
0.493176
0.4776
0.53431
0.455606
0.461756
0.522103
0.448135
0.544756
0.450022
0.465465
0.523564
0.462807
0.532511
0.226785
0.435257
0.438327
0.44591
0.441396
0.389528
0.432687
0.429417
0.224378
0.25219
0.331104
0.346137
0.498065
0.545623
0.446882
0.501079
0.530486
0.460683
0.545366
0.445719
0.500927
0.531168
0.447779
0.321054
0.334572
0.33184
0.306345
0.439393
0.463495
0.569304
0.476852
0.416845
0.56069
0.521153
0.419417
0.548228
0.542089
0.450626
0.532255
0.454245
0.509365
0.533896
0.449787
0.51691
0.448394
0.510265
0.543771
0.449807
0.52978
0.447089
0.510548
0.557265
0.572858
0.611763
0.748749
0.517675
0.558668
0.435988
0.464186
0.542476
0.413907
0.538613
0.54126
0.460812
0.545416
0.483608
0.447612
0.488024
0.474069
0.561672
0.459816
0.448891
0.538419
0.461422
0.545805
0.483379
0.450385
0.543067
0.461555
0.540645
0.483178
0.481929
0.543691
0.45774
0.545628
0.482751
0.450508
0.543829
0.461399
0.545636
0.482496
0.420982
0.53256
0.462056
0.545487
0.482432
0.413239
0.543958
0.460752
0.513331
0.438084
0.42081
0.54358
0.461644
0.537031
0.411055
0.471863
0.503925
0.447099
0.547693
0.45986
0.48741
0.542358
0.474915
0.54445
0.471246
0.450759
0.535941
0.474126
0.538401
0.448414
0.463825
0.543162
0.473323
0.544684
0.471338
0.450389
0.520087
0.498921
0.540196
0.469457
0.451063
0.54314
0.474497
0.544396
0.467722
0.451861
0.543366
0.476802
0.539562
0.47094
0.442371
0.508148
0.474699
0.534243
0.422164
0.461496
0.543997
0.461569
0.544627
0.457401
0.473184
0.543548
0.456424
0.567218
0.444829
0.449797
0.544625
0.449163
0.546345
0.496366
0.449825
0.544065
0.449777
0.546315
0.496376
0.459139
0.506447
0.472959
0.52302
0.359134
0.471992
0.521612
0.44739
0.547356
0.497358
0.39739
0.513556
0.448208
0.535804
0.532332
0.367841
0.447719
0.447536
0.54085
0.472554
0.472131
0.521461
0.448034
0.546826
0.498265
0.470144
0.516771
0.446294
0.547057
0.495816
0.448353
0.432945
0.421554
0.545775
0.468797
0.00244131
0.00244131
0.00244131
0.00244131
0.00244131
0.00244131
0.00244131
0.00244131
0.00244131
0.00244131
0.00244131
0.00244131
0.00244131
0.00244131
0.00244131
0.00244131
0.00244131
0.00244131
0.00244131
0.00244131
0.00244131
0.00244131
0.00244131
0.00244131
0.00244131
0.00244131
0.00244131
0.00244131
0.319206
0.471069
0.511524
0.523911
0.513966
0.477219
0.463923
0.473671
0.417698
0.428796
0.512968
0.51637
0.490038
0.462073
0.452568
0.510409
0.518205
0.518839
0.479826
0.45107
0.485758
0.387284
0.514472
0.51027
0.420695
0.42771
0.471657
0.473903
0.36734
0.380303
0.516334
0.511966
0.279327
0.115967
0.270675
0.462001
0.464051
0.460133
0.478814
0.490081
0.492679
0.52471
0.474864
0.471192
0.488492
0.492804
0.521462
0.499661
0.460245
0.406392
0.432554
0.523083
0.498826
0.48981
0.479778
0.491092
0.507849
0.478304
0.489496
0.479538
0.501374
0.536294
0.498695
0.471451
0.404538
0.339628
0.339628
0.145051
0.133081
0.133081
0.133081
0.133081
0.133081
0.214485
0.467376
0.484511
0.478572
0.522056
0.511617
0.476833
0.49018
0.481078
0.521776
0.511782
0.476732
0.490865
0.480748
0.520377
0.506015
0.476843
0.490698
0.480524
0.521166
0.490635
0.366627
0.425279
0.528832
0.422293
0.523169
0.446589
0.463815
0.501111
0.481753
0.462303
0.449389
0.489045
0.423401
0.340489
0.364113
0.137054
0.137054
0.137054
0.137054
0.154245
0.539797
0.568923
0.510946
0.5448
0.508374
0.446759
0.546525
0.498241
0.472102
0.519391
0.447813
0.540896
0.4964
0.472053
0.520176
0.448135
0.536257
0.359763
0.554725
0.577899
0.705185
0.892713
0.889581
0.74715
0.871799
0.604541
0.629167
0.83957
0.687159
0.864662
0.873409
0.509296
0.800015
0.886661
0.884492
0.555117
0.962808
0.986112
0.975
0.986384
0.993055
0.993324
0.989028
0.991264
0.993277
0.993278
0.99371
0.973454
0.993268
0.97552
0.98964
0.860163
0.99243
0.993007
0.993087
0.985607
0.993549
0.992946
0.992363
0.904846
0.992568
0.987658
0.991166
0.99307
0.993147
0.993005
0.916728
0.953572
0.99111
0.992618
0.880459
0.992878
0.951531
0.182437
0.182437
