histogram observed_cost
/Code,/Machine,/Process,/SyncObject
890 0.8 0  -1
NaN
NaN
NaN
NaN
NaN
NaN
NaN
NaN
NaN
NaN
NaN
NaN
NaN
NaN
NaN
NaN
NaN
NaN
NaN
NaN
NaN
NaN
NaN
NaN
NaN
NaN
NaN
NaN
NaN
NaN
NaN
NaN
NaN
NaN
NaN
NaN
NaN
NaN
NaN
NaN
NaN
NaN
NaN
NaN
NaN
NaN
NaN
NaN
NaN
NaN
NaN
NaN
NaN
NaN
NaN
NaN
NaN
NaN
NaN
NaN
NaN
NaN
NaN
NaN
NaN
NaN
NaN
NaN
NaN
NaN
NaN
NaN
NaN
NaN
NaN
NaN
NaN
NaN
NaN
0.794968
1.00006
1
1.00008
1.00002
1.00004
1
1.00008
1.00002
1.00006
1.00002
1.00006
1.00008
1
1.00008
1.00001
1.00008
1
1.00008
1
1.00008
1.00001
1.00008
1.00002
1.00006
1.00001
1.00007
1.00008
1
1.00004
1.00004
1.00008
1
1.00008
1
1.00008
1
1.00008
1
1.00008
1
1.00008
1
1.00008
1
1.00008
1.00001
1.00008
1
1.00008
1.00001
1.00008
1
1.00008
1.00002
1.00006
1.00001
1.00007
1.00008
1
1.00002
1.00007
1
1.00008
1
1.00002
1.00007
1
1.00008
1
1.00008
1
1.00008
1
1.00002
1.00006
1
1.00008
1
1
1.00008
1
1
1.00008
1.00004
1.00004
1
1.00008
1
1.00007
1.00001
1
1.00008
1
1.00007
1.00001
1
1.00001
1.00007
1
1.00008
1
1.00008
1
1.00008
1
1.00008
1
1.00008
1.00001
1.00007
1
1.00008
1.00008
1
1.00008
1
1.00008
1.00001
1.00008
1.00008
1
1.00008
1
1.00008
1
1.00008
1
1.00008
1
1.00008
1
1.00008
1
1.00008
1
1.00008
1
1.00008
1
1.00008
1
1.00008
1
1.00008
1
1.00008
1
1.00008
1
1.00008
1
1.00008
1
1.00008
1
1.00008
1
1.00007
1.00001
1.00008
1
1.00007
1.00001
1.00008
1
1.00007
1.00001
1.00008
1
1.00007
1.00001
1.00008
1
1.00001
1.00008
1.00008
1
1.00004
1.00004
1.00008
1
1
1.00004
1.00004
1.00006
1.00014
1.00009
1.00032
1.00039
1.00046
1.00038
1.00004
1.00004
1.00004
1.00008
1
1.00007
1.00001
1.00008
1
1.00007
1.00001
1.00008
1
1.00004
1.00004
1.00008
1
1.00004
1.00004
1.00008
1
1.00007
1.00001
1.00008
1
1.00008
1
1.00008
1
1.00007
1.00001
1.00008
1
1.00007
1.00001
1.00008
1
1
1.00008
1
1.00008
1
1
1.00008
1
1.00008
1
1.00008
1
1.00008
1
1.00008
1
1.00008
1
1.00008
1
1.00008
1
1.00008
1.00001
1.00007
1.00001
1.00008
1.00001
1.00007
1
1.00008
1.00001
1.00007
1
1.00008
1.00002
1.00006
1.00001
1.00008
1.00008
1
1.00007
1.00001
1.00008
1
1.00008
1
1.00008
1
1.00008
1.00001
1.00007
1
1.00008
1
1.00008
1
1.00008
1.00001
1.00007
1.00001
1.00007
1.00002
1.00006
1.00004
1.00004
1.00008
1
1.00007
1.00001
1.00008
1
1.00007
1.00001
1.00008
1
1.00008
1
1.00008
1
1.00008
1
1.00008
1
1.00008
1
1.00008
1
1.00008
1
1.00008
1
1.00008
1
1.00008
1
1.00008
1.00001
1.00007
1
1.00001
1.00007
1
1.00008
1
1
1.00008
1.00008
1
1.00004
1.00004
1
1.00008
1
1.00007
1.00001
1.00001
1.00007
1
1.00008
1
1.00008
1
1.00008
1.00001
1.00007
1
1.00008
1.00001
1.00007
1.00001
1.00008
1.00001
1.00007
1
1.00008
1.00001
1.00007
1.00001
1.00007
1.00002
1.00007
1.00004
1.00004
1.00008
1
1.00007
1.00001
1.00008
1
1.00008
1
1.00008
1
1.00008
1
1.00008
1
1.00008
1
1.00008
1
1.00008
1.00001
1.0006
1.0011
1.00017
1
1.00008
1
1.00008
1
1
1.00007
1.00001
1
1.00008
1
1.00008
1.00008
1
1.00004
1.00004
1.00008
1
1.00008
1
1.00008
1
1
1.00004
1.00005
1.00008
1.00001
1.00007
1.00001
1.00008
1
1.00007
1.00001
1.00008
1
1.00008
1
1.00008
1
1.00008
1.00001
1.00007
1
1.00008
1.00008
1
1.00004
1.00005
1.00008
1
1.00008
1.00008
1
1.00008
1
1.00008
1
1.00008
1
1.00008
1
1.00008
1.00001
1.00007
1
1.00008
1.00008
1
1.00003
1.00006
1.00008
1
1.00008
1
1.00008
1
1.00008
1
1.00008
1
1.00008
1.00001
1.00007
1
1.00008
1.00008
1
1.00007
1.00001
1.00008
1
1.00008
1
1.00008
1
1.00008
1
1.00008
1
1.00008
1
1.00008
1
1.00008
1
1.00008
1
1.00008
1
1.00008
1
1.00008
1.00001
1.00007
1
1.00008
1.00008
1
1
1.00008
1.00008
1
1.00008
1
1.00008
1
1.00008
1
1.00008
1
1.00008
1.00001
1.00007
1
1.00008
1.00008
1
1.00007
1.00001
1.00008
1
1.00008
1
1.00008
1
1.00008
1
1.00008
1
1.00008
1
1.00008
1
1.00008
1.00001
1.00007
1
1.00008
1.00001
1.00007
1
1.00008
1.00008
1
1.00007
1.00001
1.00008
1
1.00007
1.00001
1.00008
1
1.00008
1
1.00008
1
1.00008
1
1.00008
1
1.00007
1.00001
1.00008
1
1.00008
1
1.00008
1
1.00008
1
1.00008
1
1.00008
1.0001
1.00079
1.00099
1
1.00007
1
1
1
1
1
1
1
1
1
1
1
1
1
1
1
1
1
1
1
1
1
1
1
1
1
1
1
1
1
1.00005
1.00003
1.00005
1.00003
1.00005
1.00003
1.00005
1.00003
1.00005
1.00003
1.00005
1.00003
1.00005
1.00003
1.00005
1.00004
1.00005
1.00003
1.00005
1.00004
1.00005
1.00003
1.00005
1.00003
1.00005
1.00003
1.00005
1.00003
1.00004
1.00004
1.00005
1.00004
1
1.00005
1.00007
1
1.00005
1.00007
1.00005
1.00006
1.00005
1.00007
1.00005
1.00005
1.00005
1.00011
1.00007
1.00004
1.00006
1.00006
1.00007
1.00002
1.00005
1.00009
1.00007
1.00004
1.00006
1.00006
1.00007
1.00005
1.00006
1.00005
1.00007
1.00002
1.00004
1.00004
1.00002
1.00002
1.00002
1.00002
1.00002
1.00002
1.00005
1.00013
1.00007
1.00013
1.00005
1.00014
1.00006
1.00013
1.00005
1.00014
1.00006
1.00013
1.00007
1.00013
1.00007
1.00014
1.00007
1.00013
1.00006
1.00013
1.0001
1.00008
1.00005
1.00013
1.00005
1.00014
1.00006
1.00013
1.00006
1.00013
1.00006
1.00013
1.00004
1.0001
1.00005
1.00008
1.00001
1.00001
1.00001
1.00001
1.00001
1.00015
1.00014
1.00003
1.00017
1.00004
1.00013
1.00007
1.00014
1.00003
1.00015
1.00005
1.00015
1.00005
1.00012
1.00008
1.00014
1.00012
1.00004
1.00007
1.00015
1.00014
1.00019
1.00017
1.00008
1.00017
1.00015
1.00008
1.00015
1.00015
1.00021
1.00016
1.00007
1.00013
1.00011
1.00013
1.00013
1.00014
1.00016
1.00014
1.00016
1.00015
1.00015
1.00016
1.00016
1.00015
1.00016
1.00015
1.00016
1.00016
1.00014
1.00017
1.00015
1.00019
1.00018
1.00015
1.0002
1.00015
1.00019
1.00018
1.00184
1.00021
1.00015
1.00019
1.00015
1.00019
1.00017
1.00017
1.00014
1.00016
1.00015
1.00015
1.00014
1.00015
1.00015
1.00015
