histogram cpu
/Code/DEFAULT_MODULE/main_drive_routine_,/Machine,/Process,/SyncObject
890 0.8 0  -1
NaN
NaN
NaN
NaN
NaN
NaN
NaN
NaN
NaN
NaN
NaN
NaN
NaN
NaN
NaN
NaN
NaN
NaN
NaN
NaN
NaN
NaN
NaN
NaN
NaN
NaN
NaN
NaN
NaN
NaN
NaN
NaN
NaN
NaN
NaN
NaN
NaN
NaN
NaN
NaN
NaN
NaN
NaN
NaN
NaN
NaN
NaN
NaN
NaN
NaN
NaN
NaN
NaN
NaN
NaN
NaN
0.399097
0.219526
0.0232521
0.178196
0.330307
0
1.99676e-05
6.49691e-05
2.27555e-06
5.0251e-05
0
6.25104e-05
1.93015e-05
3.06919e-05
3.12717e-05
2.99721e-05
5.25266e-05
0
5.64171e-05
1.22773e-05
5.25266e-05
0
6.62357e-05
0
5.126e-05
0
6.12438e-05
2.23523e-05
2.89077e-05
0
6.12438e-05
1.45983e-05
3.79283e-05
1.24928e-05
4.62178e-05
5.126e-05
0
4.68484e-05
8.13691e-06
5.25266e-05
0
5.87851e-05
0
4.99934e-05
4.61201e-06
6.03571e-05
2.07964e-05
3.29223e-05
8.32633e-06
5.04588e-05
5.25266e-05
0
2.80611e-05
3.44492e-05
5.24521e-05
0
5.75185e-05
0
5.126e-05
0
5.99772e-05
1.84541e-06
5.31399e-05
0
5.62519e-05
0
5.37932e-05
0
4.49688e-05
8.7499e-06
4.99934e-05
0
4.65063e-05
9.7456e-06
4.75347e-05
0
6.9961e-05
1.92574e-05
2.82774e-05
5.2354e-06
5.22831e-05
4.87268e-05
0
9.87475e-06
4.63771e-05
0
4.74602e-05
0
1.00659e-05
4.74525e-05
4.14529e-06
4.71147e-05
0
6.3777e-05
0
4.74602e-05
0
1.37348e-05
4.25171e-05
2.97335e-06
4.45614e-05
0
0
5.62519e-05
0
2.71707e-06
4.72763e-05
2.53471e-05
3.463e-05
0
4.62681e-05
0
5.24364e-05
1.0074e-05
1.47905e-07
4.85789e-05
0
4.37349e-05
1.12504e-05
0
1.18012e-05
3.69256e-05
0
5.50598e-05
0
4.99934e-05
0
5.7444e-05
1.42e-06
4.73813e-05
0
5.99772e-05
5.21659e-06
4.10515e-05
3.03398e-06
5.82098e-05
4.74602e-05
0
5.62519e-05
0
4.62681e-05
3.45587e-06
5.2796e-05
4.99934e-05
0
6.00517e-05
0
4.99934e-05
0
6.12438e-05
7.47807e-07
4.7979e-05
0
5.37187e-05
2.80637e-06
4.47283e-05
0
6.3777e-05
0
5.37187e-05
0
5.87851e-05
0
4.74602e-05
0
5.49853e-05
0
4.62681e-05
0
5.87851e-05
0
4.99934e-05
0
5.49853e-05
1.62584e-07
4.98308e-05
0
5.75185e-05
2.57322e-06
4.61536e-05
0
4.60401e-05
8.94516e-06
4.50015e-05
0
4.98314e-05
8.95367e-06
4.62681e-05
0
4.60014e-05
1.14426e-05
5.126e-05
0
4.50399e-05
1.12119e-05
4.62681e-05
0
4.48418e-06
5.42264e-05
4.88013e-05
0
2.52241e-05
3.34865e-05
4.88013e-05
0
0
2.43389e-05
3.43717e-05
3.74764e-05
0
0
0
0
0
1.09488e-06
2.14059e-05
2.3975e-05
3.10848e-05
4.74602e-05
0
4.96551e-05
1.15887e-05
4.75347e-05
0
4.69839e-05
1.04601e-05
5.00679e-05
0
2.45325e-05
3.54447e-05
4.99934e-05
0
2.45681e-05
3.29503e-05
4.74602e-05
0
4.9092e-05
1.21518e-05
4.88013e-05
0
5.62519e-05
3.18179e-07
4.96752e-05
0
4.77179e-05
1.12492e-05
4.85447e-05
0
5.02483e-05
1.09954e-05
4.87268e-05
0
1.31562e-06
5.7395e-05
0
5.00679e-05
0
0
5.87106e-05
0
5.126e-05
0
5.73165e-05
2.02003e-07
4.50015e-05
0
5.49853e-05
5.80263e-07
4.81465e-05
0
5.87851e-05
6.31147e-07
5.04833e-05
1.45527e-07
5.49853e-05
4.90901e-06
4.6351e-05
4.41823e-06
5.30257e-05
4.65263e-06
4.66074e-05
9.68243e-07
5.78168e-05
1.19593e-05
3.43088e-05
1.18059e-06
5.753e-05
1.58426e-05
3.16921e-05
3.63679e-06
5.13485e-05
4.62681e-05
0
4.32504e-05
1.04683e-05
4.75347e-05
0
5.46574e-05
3.27929e-07
4.72496e-05
2.10584e-07
5.73139e-05
3.56513e-06
4.53663e-05
1.8325e-06
5.19607e-05
2.12822e-06
4.65986e-05
8.33796e-07
5.54181e-05
1.24357e-05
3.5099e-05
5.00248e-06
4.87162e-05
1.47369e-05
3.39899e-05
2.5752e-05
3.17665e-05
5.126e-05
0
4.76515e-05
1.10591e-05
4.75347e-05
0
4.3908e-05
1.09645e-05
4.63809e-05
0
5.62519e-05
8.38866e-07
4.78879e-05
0
5.75185e-05
7.97942e-07
4.67368e-05
0
5.56872e-05
4.90181e-07
5.00679e-05
0
5.71466e-05
2.97411e-07
4.59555e-05
3.12643e-07
5.74153e-05
1.03181e-07
5.37187e-05
0
5.49853e-05
4.19463e-06
4.20735e-05
0
5.42578e-06
5.46259e-05
0
4.8233e-05
4.93758e-07
2.6635e-06
4.97886e-05
4.75347e-05
0
2.52467e-05
6.72895e-05
0
4.74602e-05
0
4.32344e-05
1.17509e-05
1.23709e-05
3.51638e-05
0
5.75185e-05
1.09637e-06
4.76304e-05
0
5.99772e-05
4.50204e-06
4.6758e-05
0
5.87851e-05
4.36908e-06
4.56243e-05
4.03451e-06
5.34095e-05
4.9012e-06
5.13507e-05
1.9585e-06
5.68266e-05
4.01778e-06
4.22503e-05
4.87375e-06
5.13781e-05
1.54734e-05
3.19868e-05
2.56357e-05
3.31493e-05
4.99934e-05
0
4.54071e-05
1.12496e-05
4.58633e-05
0
5.99772e-05
4.0137e-07
4.58667e-05
8.40505e-07
5.91367e-05
1.68386e-06
4.57763e-05
1.58779e-06
5.59307e-05
1.58313e-06
4.34184e-05
2.1427e-06
5.91011e-05
1.47268e-05
2.65494e-05
7.80218e-07
2.17205e-05
1.59716e-06
5.71134e-05
3.86655e-07
4.96067e-05
0
0
4.58762e-05
1.03756e-05
1.66688e-06
4.8401e-05
1.85884e-06
5.4393e-05
4.74602e-05
0
2.73619e-05
3.38819e-05
4.75347e-05
0
5.87106e-05
0
4.99934e-05
0
0
2.39844e-05
3.60673e-05
4.52022e-05
4.07588e-06
4.36891e-05
1.40268e-05
4.79781e-05
1.71188e-06
4.12586e-05
1.38705e-05
4.44124e-05
2.19884e-06
5.27864e-05
1.84687e-06
4.44212e-05
2.29033e-06
5.57233e-05
1.32893e-05
3.24091e-05
2.18379e-06
5.49539e-05
5.03742e-05
9.90915e-07
2.53731e-05
3.42911e-05
4.55901e-05
2.36266e-06
5.95576e-05
4.55916e-05
2.15985e-06
5.28254e-05
2.20121e-06
5.40507e-05
2.15197e-06
5.29078e-05
1.85142e-06
4.56088e-05
2.13922e-06
5.33324e-05
1.34392e-05
3.48758e-05
2.18111e-06
5.59573e-05
4.68403e-05
7.72746e-07
2.08385e-05
4.27276e-05
4.56318e-05
2.16861e-06
5.40833e-05
2.06686e-06
5.17263e-05
2.34935e-06
5.88944e-05
1.91582e-06
4.80776e-05
2.09852e-06
5.33649e-05
1.33748e-05
3.36817e-05
2.09434e-06
5.47458e-05
4.6872e-05
1.70959e-06
4.37149e-05
1.22339e-05
4.73203e-05
2.12993e-06
5.41219e-05
1.74877e-06
4.45193e-05
2.02175e-06
5.16969e-05
1.83757e-06
4.69637e-05
1.97277e-06
5.04793e-05
1.68565e-06
4.33159e-05
6.80255e-07
5.43795e-05
0
4.99877e-05
5.68867e-09
5.62519e-05
2.29531e-06
4.38983e-05
2.7908e-06
5.40187e-05
1.25525e-05
3.56912e-05
2.65694e-06
5.34697e-05
4.63189e-05
0
2.71531e-06
5.46812e-05
4.51235e-05
2.89351e-06
5.58916e-05
2.33092e-06
4.51293e-05
2.8206e-06
5.46979e-05
2.45071e-06
4.75427e-05
2.68876e-06
5.28468e-05
1.25935e-05
3.68496e-05
2.86738e-06
5.82346e-05
4.51433e-05
2.31665e-06
4.58262e-05
1.4522e-05
5.11055e-05
2.75808e-06
5.47604e-05
1.7065e-06
4.57537e-05
1.97878e-06
5.3081e-05
1.74448e-06
4.69823e-05
2.14169e-06
5.78355e-05
1.63196e-06
4.46361e-05
1.35677e-06
5.77156e-05
1.29897e-05
3.54499e-05
1.32028e-06
5.6513e-05
1.4225e-05
3.54536e-05
1.25272e-06
5.4812e-05
4.63807e-05
1.05165e-06
4.55e-05
1.33045e-05
4.7383e-05
2.72746e-07
4.36194e-05
1.13369e-05
4.49129e-05
1.17565e-07
5.60999e-05
1.52003e-07
4.9933e-05
1.34879e-07
6.35218e-05
1.80678e-07
4.73925e-05
1.4217e-07
4.85803e-05
1.13627e-05
4.61609e-05
1.41465e-07
5.60744e-05
1.77472e-07
4.85727e-05
1.54105e-07
5.70149e-05
5.03632e-07
4.61118e-05
1.56324e-07
5.977e-05
3.14019e-05
9.49381e-06
1.92886e-05
1.48311e-06
4.22667e-05
4.40503e-07
4.40503e-07
4.40503e-07
4.40503e-07
4.40503e-07
4.40503e-07
4.40503e-07
4.40503e-07
4.40503e-07
4.40503e-07
4.40503e-07
4.40503e-07
4.40503e-07
4.40503e-07
4.40503e-07
4.40503e-07
4.40503e-07
4.40503e-07
4.40503e-07
4.40503e-07
4.40503e-07
4.40503e-07
4.40503e-07
4.40503e-07
4.40503e-07
4.40503e-07
4.40503e-07
4.40503e-07
1.67959e-07
2.82672e-05
1.92675e-05
3.3471e-05
2.27809e-05
2.97436e-05
2.02498e-05
3.27078e-05
2.22775e-05
2.8982e-05
1.97448e-05
3.34519e-05
2.28e-05
2.83995e-05
2.04018e-05
3.26957e-05
3.15033e-05
2.6139e-05
1.46406e-05
3.27244e-05
3.02411e-05
2.65087e-05
1.42379e-05
3.48948e-05
2.26237e-05
2.95589e-05
1.91679e-05
3.48854e-05
2.26331e-05
2.38849e-05
2.48419e-05
3.12925e-05
2.49594e-05
0
1.69514e-05
2.30582e-05
0
1.66781e-05
2.47576e-05
1.55648e-05
1.54937e-05
1.77405e-05
2.50439e-05
1.51106e-05
1.45991e-05
1.72069e-05
3.70984e-05
1.94555e-05
1.47711e-05
2.11292e-05
1.73739e-05
1.92199e-05
8.0812e-06
2.03776e-05
2.62526e-05
1.77827e-05
1.5614e-05
2.2818e-05
1.7364e-05
1.92313e-05
1.72105e-05
2.27991e-05
1.45168e-05
1.92344e-05
8.64054e-06
2.00967e-05
2.00967e-05
7.85047e-06
7.10071e-06
7.10071e-06
7.10071e-06
7.10071e-06
7.10071e-06
1.38434e-05
2.86653e-05
1.12453e-05
3.03386e-05
7.67025e-06
3.22649e-05
6.24948e-06
2.63096e-05
8.39246e-06
3.53424e-05
6.23112e-06
2.62534e-05
7.18571e-06
3.02907e-05
6.46889e-06
2.72822e-05
7.90669e-06
3.45682e-05
1.03248e-05
2.53373e-05
1.8111e-05
2.00556e-05
7.43424e-06
2.50503e-05
9.15429e-06
3.08553e-05
8.27973e-06
2.79301e-05
8.85712e-06
2.98859e-05
8.2913e-06
2.7993e-05
6.18205e-06
2.70633e-05
1.66671e-05
3.3832e-05
0
0
0
0
2.06392e-06
4.74819e-05
4.13348e-05
3.88975e-07
5.07722e-05
4.87828e-07
4.08073e-05
3.94389e-07
4.95082e-05
4.85205e-07
3.83658e-05
3.77197e-07
4.95019e-05
5.50795e-06
3.59043e-05
3.55455e-07
5.32587e-05
4.31285e-05
1.14093e-06
2.09509e-06
5.19555e-05
4.0109e-05
4.30594e-05
5.40373e-05
2.08606e-06
5.20998e-05
4.20011e-05
1.97836e-06
4.95978e-05
4.04437e-05
5.11813e-05
4.55965e-05
2.08919e-06
4.92425e-05
4.37614e-05
5.2512e-05
4.31926e-05
4.00387e-05
5.35757e-05
4.14062e-05
5.35854e-05
4.75927e-05
4.25276e-05
4.99086e-05
4.38012e-05
5.24264e-05
4.383e-05
4.99244e-05
4.31848e-05
5.10225e-05
4.27692e-05
5.34435e-05
4.08742e-05
5.35984e-05
4.01631e-05
5.10974e-05
4.49992e-05
5.2546e-05
4.64498e-05
5.98258e-05
4.87739e-05
4.99704e-05
4.26331e-05
5.23334e-05
4.14058e-05
5.11416e-05
4.25708e-05
5.49105e-05
4.01082e-05
5.36289e-05
4.26035e-05
5.21156e-05
4.27768e-05
4.74769e-05
1.59228e-05
1.59228e-05
