histogram cpu_inclusive
/Code,/Machine,/Process,/SyncObject
890 0.8 0  -1
NaN
NaN
NaN
NaN
NaN
NaN
NaN
NaN
NaN
NaN
NaN
NaN
NaN
NaN
NaN
NaN
NaN
NaN
NaN
NaN
NaN
NaN
NaN
NaN
NaN
NaN
NaN
NaN
NaN
NaN
NaN
NaN
NaN
NaN
NaN
NaN
NaN
NaN
NaN
NaN
NaN
NaN
NaN
NaN
NaN
NaN
NaN
NaN
NaN
NaN
NaN
NaN
NaN
NaN
NaN
NaN
NaN
NaN
NaN
NaN
NaN
NaN
NaN
NaN
NaN
NaN
NaN
NaN
NaN
NaN
NaN
NaN
NaN
NaN
NaN
NaN
NaN
NaN
NaN
NaN
NaN
NaN
NaN
NaN
NaN
0.501933
0.403219
0.518491
0.557739
0.539781
0.452482
0.542018
0.471166
0.463169
0.545771
0.452435
0.54358
0.471805
0.467522
0.532083
0.554853
0.560774
0.445138
0.458606
0.519176
0.455778
0.527107
0.446894
0.464849
0.532964
0.448512
0.545166
0.488353
0.463873
0.526754
0.449362
0.532552
0.490921
0.473039
0.520505
0.372497
0.392491
0.466688
0.374521
0.431049
0.453526
0.537328
0.482682
0.460531
0.545398
0.447895
0.642682
0.506746
0.533952
0.453718
0.450807
0.545363
0.454625
0.458566
0.498472
0.421021
0.223705
0.470364
0.446458
0.368939
0.340061
0.47642
0.341304
0.480491
0.495753
0.409513
0.466322
0.305322
0.545869
0.387325
0.422453
0.411095
0.203999
0.40109
0.216764
0.300046
0.378361
0.562983
0.55089
0.397927
0.232277
0.42391
0.392087
0.513641
0.299975
0.397925
0.484741
0.388965
0.353559
0.260104
0.236905
0.366361
0.429323
0.216577
0.497191
0.535986
0.419605
0.528141
0.48536
0.498348
0.512071
0.378537
0.542899
0.535618
0.487443
0.542035
0.443551
0.603032
0.578395
0.552315
0.349366
0.35722
0.91926
0.719256
0.523742
0.357861
0.541899
0.438341
0.480685
0.507515
0.446903
0.544675
0.489103
0.48396
0.504641
0.45861
0.419878
0.487327
0.397145
0.491332
0.437504
0.440176
0.428436
0.481492
0.478471
0.434292
0.52766
0.418117
0.483853
0.479548
0.434989
0.520605
0.524806
0.581586
0.482024
0.42736
0.357495
0.490853
0.472538
0.529117
0.426962
0.435962
0.398439
0.463982
0.514784
0.422561
0.509394
0.355613
0.531307
0.475115
0.426911
0.523762
0.435289
0.48097
0.479894
0.467913
0.525592
0.406255
0.398823
0.502372
0.436455
0.539022
0.447875
0.450792
0.496825
0.358961
0.373291
0.201371
0.457511
0.432968
0.0498796
0.0459786
0.137216
0.126049
0.174963
0.163665
0.545992
0.448071
0.467339
0.509709
0.443585
0.55441
0.45204
0.457848
0.522792
0.435978
0.400002
0.45615
0.433245
0.518916
0.439638
0.527347
0.440904
0.468994
0.493692
0.44377
0.537427
0.468224
0.481373
0.49894
0.434295
0.54516
0.463934
0.479632
0.447537
0.432165
0.528652
0.485036
0.451261
0.426229
0.45589
0.52104
0.290322
0.481809
0.327044
0.34018
0.527575
0.239668
0.385894
0.472835
0.436496
0.48013
0.395977
0.47462
0.498316
0.379534
0.532423
0.457013
0.397196
0.45353
0.544408
0.422546
0.506414
0.44302
0.497654
0.46429
0.542581
0.456153
0.465223
0.539776
0.449823
0.527805
0.452383
0.461397
0.510252
0.446463
0.543762
0.484856
0.432992
0.525265
0.450518
0.538952
0.470481
0.465021
0.541938
0.43837
0.526938
0.455526
0.485229
0.508909
0.442136
0.543854
0.483362
0.446189
0.536734
0.442169
0.537054
0.482575
0.473874
0.465952
0.448035
0.539221
0.467176
0.465969
0.542244
0.445959
0.553904
0.449929
0.454549
0.516638
0.439698
0.539914
0.429149
0.521754
0.50538
0.431046
0.557444
0.462867
0.458987
0.526908
0.441475
0.538947
0.482915
0.453071
0.482328
0.394322
0.540761
0.424149
0.47864
0.494153
0.449979
0.533572
0.4073
0.476712
0.509864
0.441421
0.541939
0.482049
0.470818
0.49494
0.453183
0.519597
0.285106
0.243653
0.267208
0.309738
0.529409
0.460513
0.246833
0.512887
0.628289
0.352815
0.546767
0.358856
0.295429
0.430037
0.389409
0.496297
0.403554
0.41545
0.47582
0.441567
0.428221
0.412055
0.445139
0.435055
0.531805
0.478385
0.445661
0.466724
0.457785
0.552368
0.470061
0.454913
0.522229
0.469525
0.389192
0.503445
0.455106
0.541461
0.455311
0.546695
0.482261
0.475543
0.541123
0.454582
0.529
0.457316
0.462948
0.533012
0.449798
0.551497
0.48431
0.450665
0.49317
0.477601
0.534307
0.455605
0.461762
0.52208
0.448156
0.544753
0.45002
0.465453
0.523578
0.462807
0.532472
0.226825
0.435251
0.438331
0.445906
0.441395
0.389511
0.432705
0.42942
0.224367
0.252197
0.331102
0.346139
0.498072
0.545602
0.446902
0.501083
0.530476
0.460688
0.545365
0.445721
0.500932
0.531143
0.447787
0.321062
0.334547
0.331857
0.306331
0.43942
0.463491
0.569308
0.476848
0.416852
0.560688
0.521148
0.419424
0.548228
0.542084
0.45063
0.532251
0.454248
0.509366
0.533892
0.449791
0.516905
0.448379
0.510286
0.543766
0.449812
0.529776
0.447093
0.510549
0.557248
0.57286
0.611788
0.748738
0.517659
0.55868
0.435989
0.46419
0.54247
0.413913
0.538613
0.541256
0.460816
0.545413
0.483607
0.447614
0.488022
0.474073
0.561649
0.459834
0.448897
0.538415
0.461426
0.545802
0.483376
0.45039
0.543063
0.461559
0.540642
0.483178
0.481932
0.543686
0.457744
0.545625
0.48275
0.450512
0.543825
0.461403
0.545633
0.482493
0.420988
0.532556
0.46206
0.545484
0.482428
0.413246
0.543954
0.460754
0.513328
0.438082
0.420815
0.543558
0.461666
0.537025
0.411057
0.471864
0.503925
0.447096
0.547698
0.459857
0.487413
0.542354
0.474919
0.544447
0.471244
0.450764
0.535937
0.474129
0.538378
0.448415
0.463847
0.543159
0.473327
0.544679
0.47132
0.450411
0.520086
0.498923
0.540193
0.469456
0.451068
0.543137
0.4745
0.544393
0.467721
0.451866
0.543363
0.476806
0.539559
0.470938
0.442374
0.508147
0.474702
0.534237
0.422166
0.4615
0.543993
0.461574
0.544622
0.457401
0.473188
0.543543
0.45643
0.567212
0.444829
0.449802
0.54462
0.449168
0.546342
0.496364
0.449828
0.544061
0.449782
0.546312
0.496356
0.45916
0.506446
0.472962
0.52302
0.359126
0.471998
0.521614
0.447386
0.547342
0.497375
0.397386
0.513561
0.448205
0.535808
0.532332
0.367834
0.447723
0.447536
0.540854
0.472551
0.472131
0.521464
0.44803
0.546813
0.498262
0.470162
0.516773
0.44629
0.547063
0.495814
0.448351
0.432943
0.42156
0.545772
0.468775
0.00244064
0.00244064
0.00244064
0.00244064
0.00244064
0.00244064
0.00244064
0.00244064
0.00244064
0.00244064
0.00244064
0.00244064
0.00244064
0.00244064
0.00244064
0.00244064
0.00244064
0.00244064
0.00244064
0.00244064
0.00244064
0.00244064
0.00244064
0.00244064
0.00244064
0.00244064
0.00244064
0.00244064
0.319241
0.471073
0.511529
0.523908
0.513956
0.477219
0.463932
0.47367
0.417693
0.4288
0.512972
0.516368
0.490038
0.462071
0.452557
0.510405
0.518213
0.518848
0.479822
0.45107
0.485749
0.387279
0.514495
0.510259
0.420695
0.427711
0.471661
0.473901
0.367333
0.380311
0.516337
0.511963
0.27931
0.115967
0.270691
0.462002
0.464052
0.460132
0.478818
0.490077
0.492683
0.524708
0.474862
0.471194
0.48849
0.492807
0.521462
0.499659
0.460244
0.406388
0.432554
0.523079
0.498836
0.489811
0.479776
0.491087
0.507843
0.478315
0.489488
0.479534
0.501389
0.536291
0.498694
0.47145
0.404533
0.339628
0.339628
0.145041
0.133081
0.133081
0.133081
0.133081
0.133081
0.214501
0.467373
0.484502
0.478602
0.52204
0.511611
0.476818
0.490186
0.481111
0.521776
0.511776
0.476717
0.490861
0.480734
0.520376
0.50602
0.476872
0.490678
0.480511
0.521173
0.490651
0.366602
0.425299
0.528813
0.422315
0.523169
0.4466
0.463793
0.501089
0.481781
0.462302
0.449392
0.489041
0.423401
0.340489
0.364099
0.137054
0.137054
0.137054
0.137054
0.154264
0.539797
0.568924
0.510943
0.544765
0.50841
0.446755
0.54653
0.498239
0.4721
0.519394
0.44781
0.5409
0.496398
0.472052
0.520179
0.448132
0.536261
0.359763
0.554726
0.577904
0.705159
0.89275
0.889574
0.747157
0.871787
0.604541
0.629178
0.839563
0.687167
0.864663
0.873391
0.50931
0.80002
0.886661
0.884476
0.555118
0.962827
0.986076
0.975035
0.986386
0.993055
0.993324
0.989028
0.991264
0.993276
0.993278
0.993711
0.973452
0.993267
0.975522
0.989633
0.860169
0.992431
0.993007
0.993085
0.985608
0.99355
0.992945
0.99236
0.904846
0.992572
0.987656
0.991167
0.993068
0.993147
0.993007
0.916723
0.953576
0.991111
0.992618
0.88046
0.992874
0.951494
0.182437
0.182437
