histogram io_bytes
/Code,/Machine,/Process,/SyncObject
890 0.8 0  -1
NaN
NaN
NaN
NaN
NaN
NaN
NaN
NaN
NaN
NaN
NaN
NaN
NaN
NaN
NaN
NaN
NaN
NaN
NaN
NaN
NaN
NaN
NaN
NaN
NaN
NaN
NaN
NaN
NaN
NaN
NaN
NaN
NaN
NaN
NaN
NaN
NaN
NaN
NaN
NaN
NaN
NaN
NaN
NaN
NaN
NaN
NaN
NaN
NaN
NaN
NaN
NaN
NaN
NaN
NaN
NaN
20931.1
682573
86788.7
512321
352926
693182
417251
0
0
38.75
0
0
7.01973
31.7303
0
0
38.75
0
0
0
38.75
0
0
0
38.75
0
0
8.86486
29.8851
0
0
10.7797
27.9703
0
0
38.75
0
0
0
38.75
0
0
0
38.75
0
0
6.81471
31.9353
0
0
38.75
0
0
0
38.75
0
0
0
38.75
0
0
0
38.75
0
0
0
38.75
0
0
0
38.75
0
0
0
38.75
0
0
8.56159
30.1884
0
0
38.75
0
0
0
0
38.75
0
0
0
0
38.75
0
0
0
38.75
0
0
0
0
38.75
0
0
0
0
2.11753
36.6325
0
0
0
38.75
0
0
0
0
38.75
0
0
0
0
0.579399
38.1706
0
0
0
38.75
0
0
0
38.75
0
0
4.37959
34.3704
0
0
38.75
0
0
0
38.75
0
0
38.75
0
0
0
38.75
0
0
0
38.75
0
0
2.29766
36.4523
0
0
0
38.75
0
0
0
38.75
0
0
0
38.75
0
0
0
38.75
0
0
0.204623
38.5454
0
0
0
38.75
0
0
0
38.75
0
0
0
38.75
0
0
0
38.75
0
0
0
38.75
0
0
0
38.75
0
0
0
38.75
0
0
0
0
38.75
514752
1.08834e+06
1.19918e+06
1.2308e+06
1.85459e+06
1.52284e+06
168486
0
0
38.75
0
0
0
38.75
0
0
0
38.75
0
0
0
38.75
0
0
0
38.75
0
0
0
38.75
0
0
0
38.75
0
0
0
38.75
0
0
0
38.75
0
0
0
0
38.75
0
0
0
0
38.75
0
0
0
38.75
0
0
0
38.75
0
0
0
38.6048
0.145193
0
3.71621
35.0338
0
0
3.52667
35.2233
0
0
0.78986
37.9601
0
0
3.6854
35.0646
0
0
38.75
0
0
0
38.75
0
0
0
38.5218
0.228203
0
2.67779
36.0722
0
0
1.69778
37.0522
0
0
0
38.75
0
0
3.61029
35.1397
0
0
38.75
0
0
0
38.75
0
0
0
38.75
0
0
0
38.75
0
0
0.655801
38.0942
0
0
0
38.75
0
0
0
38.4093
0.340734
0
0
38.75
0
0
3.51829
35.2317
0
0
0
0
38.3626
0.387427
0
0
38.75
0
0
0
0
38.75
0
0
0
0
38.75
0
0
0
38.75
0
0
3.40881
35.3412
0
0
3.3918
35.3582
0
0
3.38148
35.3685
0
0
3.36997
35.38
0
0
3.35889
35.3911
0
0
38.75
0
0
0
38.75
0
0
0
38.75
0
0
1.38025
37.3697
0
0
1.36833
37.3817
0
0
4.30507
2.70176e+06
4.20953e+06
667728
0
0
0
38.75
0
0
0
0
1.2954
37.4546
0
0
38.75
0
0
0
38.75
0
0
0
38.75
0
0
0
0
36.9113
1.83873
0
1.56468
37.1853
0
0
1.55677
37.1932
0
0
1.54939
37.2006
0
0
1.54342
37.2066
0
1.53773
37.2123
0
0
1.52956
37.2204
0
1.52841
37.2216
0
0
1.51905
37.2309
0
0
1.5143
37.2357
0
0
1.50692
37.2431
0
1.50296
37.247
0
0
1.49558
37.2544
0
0
1.49158
37.2584
0
0
1.48767
37.2623
0
0
1.48105
37.269
0
1.47777
37.2722
0
0
1.12116
37.6288
0
0
1.46737
37.2826
0
0
1.46181
37.2882
0
0
1.45415
37.2958
0
0
0
38.7483
0.00174155
0
1.92811
36.8219
0
0
1.9218
36.8282
0
1.91756
36.8324
0
0
1.91053
36.8395
0
0
1.90581
36.8442
0
0
1.90222
36.8478
0
0
1.89641
36.8536
0
1.89433
36.8557
0
0
1.88776
36.8622
0
0
1.39607
37.3539
0
0
1.38992
37.3601
0
0
1.36946
37.3805
0
0
0.893772
37.8562
0
0
0.88982
37.8602
0
0.884006
37.866
0
0
0.854331
37.6814
0.214268
0
0
38.6514
0.0986174
0
0
38.6482
0.101774
0
0
38.6368
0.113183
0
0
38.6342
0.115764
0
0
38.6301
0.11989
0
0
38.6217
0.128256
0
133869
3.57305e+06
3.8721e+06
0
0
0
0
0
0
0
0
0
0
0
0
0
0
0
0
0
0
0
0
0
0
0
0
0
0
0
0
0
0
0
23.7893
16.2107
0
0
22.3132
15.1868
0
0
22.307
15.193
0
0
23.2805
16.7195
0
0
23.2791
16.7209
0
0
22.7573
14.7427
0
0
22.751
14.749
0
0
19.6103
20.3897
0
0
0
16.9501
23.0499
0
0
0
16.3693
21.1307
0
0
16.6277
20.8723
0
17.7319
22.2681
0
0
17.2244
22.7756
0
0
16.1415
21.3585
0
0
16.1352
21.3648
0
0
17.2073
22.7927
0
0
0
5.63088
5.97519
5.97519
5.97519
5.97519
5.97519
4.49317
0
7.20526
30.2947
0
0
7.20053
30.2995
0
0
7.67554
32.3245
0
0
7.66951
32.3305
0
0
7.18404
30.316
0
0
8.5848
28.9152
0
0
9.14969
30.8503
0
0
9.14325
30.8568
0
0
7.62856
29.8714
0
0
0
0
0
0
37.1493
0.350717
0
0
39.62
0.380037
0
0
39.6134
0.386585
0
0
37.1346
0.365449
0
36.5244
0.975645
0
1.60106
38.3989
1.57912
38.4209
0
1.4893
36.0107
0
1.37559
36.1244
0.583662
39.4163
0
0.0685145
39.9315
0.0744409
37.0349
0.390623
37.103
0.397014
39.574
0.425954
39.5709
0.429143
37.0936
0.406391
37.0893
0.410702
40
1.0577
38.9423
0.977614
36.5224
0.517083
36.9829
0.548877
39.4511
0.548847
39.4512
100847
7.39415e+06
84025.4
39.5417
0.458341
39.5381
0.461947
37.0651
0.434856
37.0597
0.440344
39.5311
1.99621
38.4727
4212.5
110582
110582
