histogram io_wait
/Code,/Machine,/Process,/SyncObject
890 0.8 0  -1
NaN
NaN
NaN
NaN
NaN
NaN
NaN
NaN
NaN
NaN
NaN
NaN
NaN
NaN
NaN
NaN
NaN
NaN
NaN
NaN
NaN
NaN
NaN
NaN
NaN
NaN
NaN
NaN
NaN
NaN
NaN
NaN
NaN
NaN
NaN
NaN
NaN
NaN
NaN
NaN
NaN
NaN
NaN
NaN
NaN
NaN
NaN
NaN
NaN
NaN
NaN
NaN
NaN
NaN
NaN
NaN
NaN
NaN
NaN
NaN
NaN
NaN
NaN
NaN
NaN
NaN
NaN
NaN
NaN
NaN
NaN
NaN
NaN
NaN
NaN
NaN
NaN
NaN
NaN
NaN
NaN
NaN
NaN
NaN
NaN
0
0
4.79576e-05
0.000124542
0
0
0.00017875
0
0
0
0.00018125
0
0
0
0.00018625
0
0
2.98687e-05
0.000140131
0
0
0.00015125
0
0
0
0.00017375
0
0
0
0.00018625
0
0
0
0.00018875
0
0
0
0.00018125
0
0
0
0.00018
0
0
0
0.0001825
0
0
3.33915e-05
0.000117858
0
0
0.000185
0
0
0
0
0.0002225
0
0
0
0
0.000125
0
0
0
0.00015625
0
0
0
0
0.0001575
0
0
0
0
7.96322e-06
0.000138287
0
0
0
0.00020125
0
0
0
0
0.0001325
0
0
0
0
2.29275e-06
0.000152707
0
0
0
0.00019125
0
0
0
0.00018875
0
0
2.1723e-05
0.000170777
0
0
0.00017125
0
0
0
0.00019125
0
0
0.00012375
0
0
0
0.00018
0
0
0
0.00018125
0
0
1.05701e-05
0.00016818
0
0
0
0.150179
0
0
0
0.000182502
0
0
0
0.000191247
0
0
0
0.000176253
0
0
9.38031e-07
0.000182803
0
0
0
0.000173748
0
0
0
0.000191256
0
0
0
0.000192504
0
0
0
0.00018999
0
0
0
0.000195
0
0
0
0.000187512
0
0
0
0.000179987
0
0
0
0
0.000182502
0.00631157
0.0135176
0.0132849
0.0136771
0.0197326
0.0174289
0.00207618
0
0
0.000184998
0
0
0
0.000184998
0
0
0
0.00018375
0
0
0
0.000191238
0
0
0
0.000192504
0
0
0
0.000184998
0
0
0
0.000175014
0
0
0
0.000197496
0
0
0
0.000188742
0
0
0
0
0.000174996
0
0
0
0
0.00017751
0
0
0
0.000187494
0
0
0
0.000191256
0
0
0
0.000189263
7.27241e-07
0
1.84447e-05
0.00017406
0
0
1.54389e-05
0.000154565
0
0
3.72942e-06
0.000180021
0
0
1.7578e-05
0.00016742
0
0
0.000174995
0
0
0
0.000191256
0
0
0
0.000190113
1.14308e-06
0
1.31982e-05
0.00017804
0
0
8.14464e-06
0.00017812
0
0
0
0.000179987
0
0
1.6639e-05
0.000162119
0
0
0.000187494
0
0
0
0.000178758
0
0
0
0.000184998
0
0
0
0.000191256
0
0
2.9883e-06
0.000174503
0
0
0
0.000188742
0
0
0
0.000179645
1.60876e-06
0
0
0.000184998
0
0
1.73483e-05
0.000173908
0
0
0
0
0.000180662
1.84025e-06
0
0
0.000240002
0
0
0
0
0.00018375
0
0
0
0
0.000170004
0
0
0
0.000188742
0
0
1.59286e-05
0.000165325
0
0
1.6395e-05
0.000171099
0
0
1.66727e-05
0.000174584
0
0
1.62899e-05
0.000171204
0
0
1.51539e-05
0.000159842
0
0
0.000182502
0
0
0
0.000171252
0
0
0
0.000186246
0
0
6.61788e-06
0.000179647
0
0
6.29602e-06
0.000172443
0
0
2.39622e-05
0.155162
0.145232
0.00739039
0
0
0
0.000161231
0
0
0
0
5.79317e-06
0.000167954
0
0
0.000175014
0
0
0
0.000178739
0
0
0
0.000181273
0
0
0
0
0.000139303
6.95143e-06
0
7.41105e-06
0.00017632
0
0
7.52453e-06
0.000179969
0
0
7.08984e-06
0.00017042
0
0
7.36042e-06
0.000177637
0
8.32437e-06
0.00020167
0
0
6.85045e-06
0.000166897
0
6.35361e-06
0.000154914
0
0
5.87268e-06
0.000144108
0
0
6.87965e-06
0.000169364
0
0
7.04145e-06
0.000174231
0
5.61702e-06
0.000139371
0
0
7.13202e-06
0.000177866
0
0
7.49796e-06
0.000187521
0
0
7.47688e-06
0.000187505
0
0
6.87183e-06
0.000173134
0
7.33198e-06
0.000185154
0
0
5.27249e-06
0.000177229
0
0
7.04503e-06
0.000179219
0
0
6.5944e-06
0.00016842
0
0
7.30843e-06
0.000187673
0
0
0
0.000188744
1.67532e-08
0
8.45044e-06
0.000161535
0
0
8.73307e-06
0.00016751
0
9.2092e-06
0.000177055
0
0
8.7442e-06
0.000168766
0
0
8.90559e-06
0.00017233
0
0
8.89066e-06
0.000172382
0
0
7.27147e-06
0.000141442
0
7.99857e-06
0.000155765
0
0
9.12582e-06
0.000178368
0
0
7.01729e-06
0.000188002
0
0
6.62756e-06
0.00017837
0
0
6.52977e-06
0.000178468
0
0
4.25889e-06
0.000180739
0
0
4.15378e-06
0.000177082
0
4.15546e-06
0.000178347
0
0
4.18171e-06
0.000184786
1.05907e-06
0
0
0.000168282
4.36322e-07
0
0
0.000177036
4.73781e-07
0
0
0.000165767
4.92876e-07
0
0
0.000175709
5.34453e-07
0
0
0.00018568
5.84425e-07
0
0
0.00018189
6.12044e-07
0
0.00385756
0.0362507
0.0402643
0
0
0
0
0
0
0
0
0
0
0
0
0
0
0
0
0
0
0
0
0
0
0
0
0
0
0
0
0
0
0
0.000111478
7.59783e-05
0
0
0.000104883
7.13979e-05
0
0
0.000109285
7.44461e-05
0
0
9.96846e-05
7.16043e-05
0
0
0.00010254
7.36661e-05
0
0
8.04313e-05
5.21145e-05
0
0
0.000109201
7.08055e-05
0
0
8.331e-05
8.66378e-05
0
0
0
7.46924e-05
0.000101588
0
0
0
7.80144e-05
0.000100725
0
0
7.64715e-05
9.60094e-05
0
7.64526e-05
9.60284e-05
0
0
7.80499e-05
0.000103223
0
0
6.77897e-05
8.97156e-05
0
0
7.42061e-05
9.82748e-05
0
0
7.63699e-05
0.000101177
0
0
0
2.53387e-05
2.68893e-05
2.68893e-05
2.68893e-05
2.68893e-05
2.68893e-05
2.02211e-05
0
3.5294e-05
0.000148437
0
0
3.5271e-05
0.00014846
0
0
3.71775e-05
0.000156612
0
0
3.54628e-05
0.000149535
0
0
3.56611e-05
0.000150529
0
0
4.06376e-05
0.00013691
0
0
3.88653e-05
0.000131082
0
0
4.11381e-05
0.000138868
0
0
4.01713e-05
0.000157344
0
0
0
0
0
0
0.000194404
1.844e-06
0
0
0.000181978
1.75367e-06
0
0
0.000186965
1.83291e-06
0
0
0.000189384
1.87223e-06
0
0.000233729
6.25377e-06
0
5.09683e-06
0.000122383
5.67046e-06
0.000138126
0
5.65132e-06
0.000136804
0
4.71671e-06
0.000124029
2.25532e-06
0.000152791
0
2.98111e-07
0.000178441
3.4687e-07
0.000176523
1.8696e-06
0.000296772
3.18884e-06
0.000180587
1.95204e-06
0.000195387
2.12768e-06
0.00019286
2.12155e-06
0.00019409
2.15815e-06
0.000186265
5.18047e-06
0.000191068
4.16311e-06
0.000155801
2.69722e-06
0.000193551
2.71897e-06
0.000196063
2.70125e-06
0.000194814
0.00104527
0.0768864
0.000877076
0.000192739
2.24272e-06
0.000193973
2.27524e-06
0.000192712
2.26981e-06
0.000174203
2.0777e-06
0.000197621
9.74366e-06
0.000186399
0.00145278
0.038182
0.038182
