histogram sync_wait
/Code,/Machine,/Process,/SyncObject
890 0.8 0  -1
NaN
NaN
NaN
NaN
NaN
NaN
NaN
NaN
NaN
NaN
NaN
NaN
NaN
NaN
NaN
NaN
NaN
NaN
NaN
NaN
NaN
NaN
NaN
NaN
NaN
NaN
NaN
NaN
NaN
NaN
NaN
NaN
NaN
NaN
NaN
NaN
NaN
NaN
NaN
NaN
NaN
NaN
NaN
NaN
NaN
NaN
NaN
NaN
NaN
NaN
NaN
NaN
NaN
NaN
NaN
NaN
NaN
NaN
NaN
NaN
NaN
NaN
NaN
NaN
NaN
NaN
NaN
NaN
NaN
NaN
NaN
NaN
NaN
NaN
NaN
NaN
NaN
NaN
NaN
NaN
NaN
NaN
NaN
NaN
NaN
0
0
5.3532e-05
0.000138968
0
0
0.00019625
0
0
0
0.0001975
0
0
0
0.0002025
0
0
3.27369e-05
0.000153513
0
0
0.0001675
0
0
0
0.00019
0
0
0
0.00020375
0
0
0
0.000205
0
0
0
0.00019875
0
0
0
0.00019625
0
0
0
0.0002
0
0
3.72677e-05
0.000131482
0
0
0.0002025
0
0
0
0
0.00023875
0
0
0
0
0.00014375
0
0
0
0.0001725
0
0
0
0
0.000175
0
0
0
0
8.86039e-06
0.00015364
0
0
0
0.00021875
0
0
0
0
0.00014875
0
0
0
0
2.54515e-06
0.000168705
0
0
0
0.00020875
0
0
0
0.000205
0
0
2.37134e-05
0.000186286
0
0
0.0001875
0
0
0
0.0002075
0
0
0.00014125
0
0
0
0.00019625
0
0
0
0.0001975
0
0
1.15448e-05
0.000183455
0
0
0
0.150196
0
0
0
0.000200002
0
0
0
0.000207499
0
0
0
0.000192504
0
0
1.03698e-06
0.000198955
0
0
0
0.000190008
0
0
0
0.000207499
0
0
0
0.000208747
0
0
0
0.000206251
0
0
0
0.000216253
0
0
0
0.000203755
0
0
0
0.000196248
0
0
0
0
0.000198744
0.00581489
0.0135627
0.0135277
0.0139218
0.0200047
0.0211192
0.00209158
0
0
0.000203755
0
0
0
0.000203736
0
0
0
0.000200011
0
0
0
0.000208747
0
0
0
0.000209995
0
0
0
0.000201259
0
0
0
0.000191238
0
0
0
0.000215005
0
0
0
0.000205003
0
0
0
0
0.000192504
0
0
0
0
0.000193752
0
0
0
0.000203736
0
0
0
0.000207499
0
0
0
0.000205469
7.82169e-07
0
2.00106e-05
0.000188755
0
0
1.70392e-05
0.000170455
0
0
4.06658e-06
0.000195926
0
0
1.91311e-05
0.000182128
0
0
0.000191256
0
0
0
0.000207499
0
0
0
0.000207507
1.23922e-06
0
1.44148e-05
0.000194332
0
0
8.91707e-06
0.000194838
0
0
0
0.000196248
0
0
1.81582e-05
0.000176842
0
0
0.000203755
0
0
0
0.000194982
0
0
0
0.000202507
0
0
0
0.000208747
0
0
3.26934e-06
0.000190483
0
0
0
0.000205003
0
0
0
0.000195751
1.74551e-06
0
0
0.000202507
0
0
1.88299e-05
0.000188669
0
0
0
0
0.000197983
2.00909e-06
0
0
0.000256263
0
0
0
0
0.000199992
0
0
0
0
0.000186246
0
0
0
0.000205003
0
0
1.7473e-05
0.000181271
0
0
1.79337e-05
0.000187069
0
0
1.80968e-05
0.000189402
0
0
1.77103e-05
0.000186044
0
0
1.65692e-05
0.000174687
0
0
0.000198744
0
0
0
0.00018876
0
0
0
0.000202488
0
0
7.20303e-06
0.000195304
0
0
6.87658e-06
0.000188124
0
0
6.40522e-06
0.154979
0.145813
0.00747816
0
0
0
0.000178777
0
0
0
0
6.34136e-06
0.000183648
0
0
0.000191256
0
0
0
0.000194982
0
0
0
0.000197515
0
0
0
0
0.000157157
7.83658e-06
0
8.07146e-06
0.000191939
0
0
8.18018e-06
0.000195556
0
0
7.69308e-06
0.00018483
0
0
8.01042e-06
0.00019323
0
8.97247e-06
0.000217264
0
0
7.49463e-06
0.000182495
0
7.04698e-06
0.00017173
0
0
6.51344e-06
0.000159746
0
0
7.51728e-06
0.000184968
0
0
7.67608e-06
0.000189839
0
6.24948e-06
0.000154981
0
0
7.85823e-06
0.000195878
0
0
8.17512e-06
0.000204353
0
0
8.10365e-06
0.00020312
0
0
7.4958e-06
0.000188752
0
8.0045e-06
0.000202027
0
0
5.7808e-06
0.000194193
0
0
7.66316e-06
0.000194844
0
0
7.20998e-06
0.000184046
0
0
7.92261e-06
0.000203339
0
0
0
0.000206218
1.44317e-08
0
9.32437e-06
0.000178169
0
0
9.54333e-06
0.00018298
0
1.00142e-05
0.000192455
0
0
9.54794e-06
0.000184204
0
0
9.70923e-06
0.000187806
0
0
9.69098e-06
0.000187824
0
0
8.1307e-06
0.000158092
0
8.79546e-06
0.000171211
0
0
9.92201e-06
0.000193851
0
0
7.60435e-06
0.00020362
0
0
7.25862e-06
0.000195248
0
0
7.10679e-06
0.000194133
0
0
4.63744e-06
0.00019664
0
0
4.52976e-06
0.000192948
0
4.52902e-06
0.000194215
0
0
4.56999e-06
0.000201776
1.15238e-06
0
0
0.000184523
4.75196e-07
0
0
0.000193239
5.13494e-07
0
0
0.000181964
5.37627e-07
0
0
0.000191943
5.79976e-07
0
0
0.000203101
6.35418e-07
0
0
0.000198081
6.62783e-07
0
0.00385083
0.0366884
0.040802
0
0
0
0
0
0
0
0
0
0
0
0
0
0
0
0
0
0
0
0
0
0
0
0
0
0
0
0
0
0
0
0.000121186
8.25878e-05
0
0
0.000114506
7.79426e-05
0
0
0.000118994
8.10537e-05
0
0
0.000109834
7.88889e-05
0
0
0.000112039
8.0484e-05
0
0
9.0245e-05
5.84686e-05
0
0
0.000119058
7.71905e-05
0
0
9.13126e-05
9.49519e-05
0
0
0
8.15778e-05
0.000110945
0
0
0
8.51076e-05
0.000109874
0
0
8.36764e-05
0.000105047
0
8.36887e-05
0.000105109
0
0
8.55604e-05
0.000113147
0
0
7.53288e-05
9.96853e-05
0
0
8.11976e-05
0.000107526
0
0
8.33601e-05
0.00011043
0
0
0
2.78039e-05
2.95047e-05
2.95047e-05
2.95047e-05
2.95047e-05
2.95047e-05
2.21874e-05
0
3.84178e-05
0.000161556
0
0
3.83927e-05
0.000161581
0
0
4.05407e-05
0.000170758
0
0
3.85803e-05
0.00016266
0
0
3.87901e-05
0.000163717
0
0
4.43418e-05
0.000149373
0
0
4.26019e-05
0.000143663
0
0
4.51433e-05
0.000152372
0
0
4.34789e-05
0.000170278
0
0
0
0
0
0
0.000211753
2.00451e-06
0
0
0.000198069
1.9047e-06
0
0
0.000204234
1.99829e-06
0
0
0.000205472
2.02709e-06
0
0.000250787
6.70528e-06
0
5.75207e-06
0.000138044
6.31103e-06
0.000153653
0
6.35185e-06
0.000153687
0
5.31443e-06
0.000139674
2.4939e-06
0.00016872
0
3.2922e-07
0.000194727
3.82236e-07
0.000192564
2.03587e-06
0.000312847
3.35557e-06
0.000197913
2.13552e-06
0.000211458
2.29866e-06
0.00020893
2.29434e-06
0.000212663
2.36034e-06
0.000203699
5.61519e-06
0.00020695
4.58908e-06
0.000171617
2.94184e-06
0.000210815
2.94517e-06
0.000212079
2.94401e-06
0.000212005
0.00105281
0.077334
0.000880742
0.000208798
2.42561e-06
0.000210031
2.45931e-06
0.000211273
2.48411e-06
0.000190257
2.26552e-06
0.000213676
1.06024e-05
0.000203236
0.00140222
0.036834
0.036834
