histogram cpu_inclusive
/Code/DEFAULT_MODULE/main_drive_routine_,/Machine,/Process,/SyncObject
890 0.8 0  -1
NaN
NaN
NaN
NaN
NaN
NaN
NaN
NaN
NaN
NaN
NaN
NaN
NaN
NaN
NaN
NaN
NaN
NaN
NaN
NaN
NaN
NaN
NaN
NaN
NaN
NaN
NaN
NaN
NaN
NaN
NaN
NaN
NaN
NaN
NaN
NaN
NaN
NaN
NaN
NaN
NaN
NaN
NaN
NaN
NaN
NaN
NaN
NaN
NaN
NaN
NaN
NaN
NaN
NaN
NaN
NaN
0.399112
0.219535
0.0232542
0.178165
0.407234
0.32882
0.550812
0.482117
0.533317
0.53878
0.396929
0.578455
0.513233
0.458765
0.537076
0.445372
0.505904
0.517448
0.458816
0.543552
0.509735
0.432845
0.527365
0.454194
0.544809
0.446018
0.498674
0.533012
0.364337
0.501941
0.403196
0.518479
0.557769
0.539778
0.452486
0.542022
0.471178
0.463149
0.545771
0.452438
0.543584
0.471817
0.467507
0.532084
0.554837
0.560801
0.445139
0.458594
0.519175
0.455778
0.527118
0.446895
0.464837
0.532964
0.448509
0.545166
0.488368
0.463862
0.526753
0.449359
0.532546
0.490939
0.47303
0.520505
0.372509
0.39249
0.466657
0.37453
0.431058
0.453526
0.537326
0.482703
0.460512
0.545397
0.447893
0.642673
0.506746
0.533962
0.453717
0.450809
0.545375
0.454632
0.458549
0.498465
0.421034
0.223691
0.470388
0.446426
0.368972
0.340025
0.476435
0.341293
0.480483
0.495762
0.409499
0.466366
0.305293
0.545882
0.387322
0.422437
0.41114
0.203967
0.401102
0.216774
0.300038
0.37832
0.562994
0.550917
0.397925
0.232259
0.423912
0.392099
0.513651
0.299958
0.397933
0.484716
0.388978
0.353601
0.260073
0.236938
0.366328
0.429353
0.216553
0.49717
0.535995
0.419589
0.528139
0.485387
0.498336
0.512078
0.378505
0.5429
0.535632
0.487447
0.542054
0.443541
0.603036
0.578387
0.552299
0.349394
0.35718
0.919264
0.719289
0.523754
0.357843
0.541917
0.43834
0.480677
0.507514
0.446891
0.544676
0.489123
0.483956
0.504636
0.458605
0.41987
0.487331
0.397143
0.49136
0.437488
0.440177
0.428436
0.481493
0.478471
0.434277
0.52768
0.418097
0.483869
0.479546
0.43498
0.520599
0.524811
0.581603
0.482023
0.427355
0.357467
0.490902
0.47251
0.529121
0.426963
0.435968
0.398464
0.463955
0.51479
0.422556
0.5094
0.355614
0.531292
0.475123
0.42691
0.523769
0.435288
0.480963
0.479895
0.467911
0.525602
0.40625
0.398802
0.502387
0.436451
0.539028
0.447877
0.450785
0.496824
0.358961
0.373333
0.201338
0.457492
0.433019
0.0498768
0.045971
0.137213
0.126039
0.174974
0.163635
0.545999
0.448082
0.467319
0.509597
0.4437
0.554416
0.452041
0.457835
0.522796
0.435987
0.399998
0.456155
0.433229
0.518922
0.439634
0.527359
0.440904
0.468984
0.493693
0.443767
0.537435
0.468229
0.481363
0.498941
0.434291
0.545167
0.463948
0.479614
0.447547
0.43215
0.528668
0.485032
0.451249
0.42624
0.455883
0.521067
0.290303
0.481805
0.327084
0.340146
0.527608
0.239646
0.385873
0.47285
0.436491
0.48013
0.39597
0.474612
0.498325
0.379534
0.532426
0.457015
0.397194
0.453524
0.544418
0.422533
0.506424
0.443013
0.497655
0.46429
0.542586
0.456157
0.4652
0.539789
0.449831
0.527804
0.452386
0.461393
0.510249
0.446459
0.543765
0.484862
0.43297
0.525279
0.450518
0.53895
0.470485
0.465015
0.541941
0.438371
0.52694
0.455532
0.485212
0.508915
0.442145
0.54384
0.483376
0.446168
0.536757
0.442157
0.537056
0.482581
0.47386
0.465959
0.448031
0.539222
0.467192
0.465945
0.542263
0.445963
0.553898
0.449929
0.454536
0.516646
0.439694
0.539918
0.42915
0.521749
0.505397
0.431028
0.557454
0.462869
0.458975
0.526913
0.441483
0.538949
0.482913
0.453053
0.482338
0.394336
0.540746
0.424147
0.478636
0.494172
0.449974
0.533562
0.407313
0.476695
0.50987
0.44144
0.541918
0.48205
0.470813
0.494949
0.453182
0.519608
0.285113
0.243644
0.267229
0.309731
0.529376
0.460519
0.246836
0.512892
0.628297
0.352798
0.546773
0.35887
0.295419
0.43003
0.389419
0.496288
0.403572
0.415454
0.4758
0.441572
0.428217
0.412068
0.445124
0.435056
0.531804
0.478391
0.445655
0.466724
0.457784
0.55237
0.470064
0.454896
0.52224
0.469531
0.389201
0.503435
0.455106
0.541455
0.455313
0.546695
0.482282
0.47551
0.541133
0.454583
0.529004
0.457337
0.462915
0.533036
0.449778
0.551499
0.484317
0.450646
0.493182
0.477599
0.534312
0.455607
0.461749
0.522107
0.448134
0.544757
0.450023
0.465458
0.52357
0.462805
0.532529
0.226766
0.43526
0.438324
0.445913
0.441398
0.389527
0.432687
0.429415
0.224387
0.252185
0.331105
0.346135
0.49806
0.545624
0.446881
0.501075
0.530493
0.46068
0.545367
0.445718
0.500923
0.531174
0.447788
0.321047
0.334578
0.331841
0.306341
0.439387
0.463498
0.569302
0.476855
0.416839
0.560692
0.521157
0.419412
0.548228
0.542093
0.450622
0.532259
0.454243
0.509364
0.5339
0.449784
0.516912
0.448391
0.510264
0.543774
0.449804
0.529784
0.447087
0.510547
0.557264
0.572857
0.611756
0.748759
0.517672
0.558674
0.435986
0.464183
0.542481
0.413902
0.538613
0.541264
0.460809
0.545419
0.483609
0.447611
0.488025
0.474066
0.561676
0.459816
0.448888
0.538423
0.461418
0.545807
0.48338
0.450381
0.543071
0.461552
0.540647
0.483179
0.481926
0.543694
0.457737
0.54563
0.482753
0.450503
0.543833
0.461395
0.545638
0.482498
0.420978
0.532563
0.462052
0.545489
0.482436
0.413234
0.543962
0.46075
0.513334
0.438084
0.420806
0.543583
0.461641
0.537037
0.411052
0.471861
0.503926
0.447101
0.547688
0.459863
0.487407
0.542361
0.474912
0.544453
0.471247
0.450756
0.535944
0.474124
0.538404
0.448413
0.463821
0.543166
0.47332
0.544686
0.471339
0.450387
0.520088
0.498919
0.540198
0.469459
0.451059
0.543143
0.474494
0.5444
0.467723
0.451857
0.543369
0.4768
0.539565
0.470941
0.442369
0.50815
0.474695
0.534248
0.422162
0.461493
0.544001
0.461566
0.54463
0.4574
0.473181
0.543551
0.45642
0.567223
0.444829
0.449793
0.544629
0.449159
0.546347
0.496367
0.449821
0.544069
0.449773
0.546316
0.496379
0.459136
0.506449
0.472957
0.52302
0.35914
0.471987
0.521611
0.447391
0.547353
0.49736
0.397394
0.513551
0.44821
0.5358
0.532332
0.367848
0.447716
0.447536
0.540845
0.472558
0.472131
0.521459
0.448037
0.546823
0.498267
0.470145
0.51677
0.446296
0.547053
0.495819
0.448355
0.432946
0.421549
0.545778
0.468816
0.00244131
0.00244131
0.00244131
0.00244131
0.00244131
0.00244131
0.00244131
0.00244131
0.00244131
0.00244131
0.00244131
0.00244131
0.00244131
0.00244131
0.00244131
0.00244131
0.00244131
0.00244131
0.00244131
0.00244131
0.00244131
0.00244131
0.00244131
0.00244131
0.00244131
0.00244131
0.00244131
0.00244131
0.319186
0.471072
0.511519
0.523913
0.513965
0.477222
0.463922
0.473671
0.417701
0.428793
0.512965
0.516372
0.490039
0.462075
0.452567
0.510405
0.518207
0.518837
0.479829
0.451069
0.485757
0.387291
0.514459
0.510279
0.420695
0.42771
0.471655
0.473904
0.367346
0.380296
0.516331
0.511968
0.279341
0.115967
0.270661
0.462001
0.464051
0.460134
0.478811
0.490083
0.492675
0.524711
0.474866
0.47119
0.488493
0.492802
0.521462
0.499663
0.460246
0.406395
0.432547
0.523084
0.498826
0.48981
0.479779
0.491089
0.507851
0.478303
0.489496
0.47954
0.50137
0.536295
0.498696
0.471453
0.404543
0.339628
0.339628
0.145059
0.133081
0.133081
0.133081
0.133081
0.133081
0.214472
0.467376
0.484512
0.47857
0.522056
0.511619
0.476832
0.490181
0.481076
0.521777
0.511783
0.476731
0.490866
0.480746
0.520377
0.506016
0.476843
0.490699
0.480522
0.521166
0.490641
0.366626
0.425273
0.528839
0.422286
0.523173
0.446589
0.463812
0.501111
0.481753
0.462305
0.449386
0.489048
0.423401
0.340489
0.364124
0.137054
0.137054
0.137054
0.137054
0.15423
0.539796
0.568922
0.510948
0.5448
0.508376
0.446761
0.546521
0.498243
0.472103
0.519389
0.447816
0.540893
0.496402
0.472054
0.520175
0.448138
0.536254
0.359761
0.554724
0.577895
0.705176
0.892713
0.889588
0.747144
0.87181
0.604541
0.629158
0.839577
0.687152
0.864662
0.873425
0.509282
0.800013
0.886661
0.884505
0.555118
0.96279
0.986113
0.975
0.986382
0.993056
0.993324
0.989028
0.991264
0.993277
0.993278
0.99371
0.973452
0.993269
0.975521
0.989645
0.860158
0.992431
0.993007
0.993086
0.985607
0.993549
0.992946
0.992368
0.904846
0.992564
0.987657
0.991167
0.993068
0.993147
0.993007
0.91673
0.95357
0.991108
0.992618
0.880459
0.992878
0.951563
0.182437
0.182437
