165 0 102 0 9897 1980-01-01 
495 0 225 0 6364 1980-01-01 
86 0 260 0 9973 1980-01-01 
102 0 225 0 2998 1980-01-01 
116 0 444 0 1631 1980-01-01 
318 0 495 0 6656 1980-01-01 
188 0 165 0 3142 1980-01-02 
495 0 225 0 2775 1980-01-02 
102 0 225 0 8671 1980-01-02 
16 0 188 0 8858 1980-01-03 
86 0 260 0 1695 1980-01-03 
165 0 102 0 8927 1980-01-03 
188 0 444 0 8353 1980-01-03 
16 0 188 0 3307 1980-01-04 
116 0 444 0 8292 1980-01-04 
260 0 260 0 4341 1980-01-04 
116 0 165 0 6919 1980-01-04 
188 0 165 0 686 1980-01-04 
444 0 102 0 7795 1980-01-04 
495 0 225 0 7962 1980-01-04 
16 0 188 0 4237 1980-01-05 
116 0 444 0 4548 1980-01-05 
334 0 102 0 218 1980-01-05 
102 0 225 0 167 1980-01-05 
116 0 318 0 1332 1980-01-05 
188 0 165 0 5147 1980-01-05 
495 0 225 0 1945 1980-01-05 
188 0 165 0 3921 1980-01-06 
495 0 225 0 8457 1980-01-06 
116 0 165 0 2994 1980-01-06 
318 0 495 0 6875 1980-01-06 
188 0 165 0 791 1980-01-07 
444 0 102 0 3219 1980-01-07 
260 0 260 0 8231 1980-01-07 
102 0 225 0 1813 1980-01-08 
116 0 165 0 6778 1980-01-08 
188 0 165 0 5420 1980-01-08 
225 0 102 0 9008 1980-01-08 
495 0 225 0 7516 1980-01-08 
16 0 188 0 3707 1980-01-08 
116 0 318 0 6438 1980-01-08 
188 0 318 0 2757 1980-01-08 
225 0 102 0 3452 1980-01-08 
86 0 260 0 2259 1980-01-09 
102 0 225 0 9250 1980-01-09 
188 0 318 0 5880 1980-01-09 
495 0 225 0 8640 1980-01-09 
102 0 225 0 3121 1980-01-09 
188 0 318 0 6884 1980-01-09 
225 0 102 0 6706 1980-01-09 
318 0 495 0 8099 1980-01-09 
334 0 102 0 4955 1980-01-09 
444 0 102 0 4009 1980-01-09 
86 0 260 0 2809 1980-01-10 
188 0 334 0 8417 1980-01-10 
260 0 260 0 4367 1980-01-10 
444 0 102 0 2013 1980-01-10 
102 0 225 0 67 1980-01-10 
86 0 260 0 1752 1980-01-11 
188 0 444 0 1773 1980-01-11 
86 0 260 0 9411 1980-01-12 
225 0 102 0 653 1980-01-12 
318 0 495 0 1093 1980-01-12 
444 0 102 0 5593 1980-01-12 
495 0 225 0 7177 1980-01-12 
102 0 225 0 1199 1980-01-12 
188 0 165 0 5702 1980-01-12 
260 0 260 0 9376 1980-01-12 
495 0 225 0 1707 1980-01-12 
165 0 102 0 8459 1980-01-13 
260 0 260 0 2932 1980-01-13 
495 0 225 0 8311 1980-01-13 
102 0 225 0 7648 1980-01-13 
116 0 165 0 4310 1980-01-13 
260 0 260 0 7667 1980-01-13 
318 0 495 0 2253 1980-01-13 
86 0 260 0 569 1980-01-14 
334 0 102 0 8145 1980-01-14 
116 0 165 0 4638 1980-01-14 
188 0 334 0 9711 1980-01-15 
86 0 260 0 8124 1980-01-15 
188 0 318 0 8952 1980-01-15 
444 0 102 0 1488 1980-01-16 
495 0 225 0 5658 1980-01-16 
116 0 444 0 3909 1980-01-17 
188 0 165 0 7138 1980-01-17 
102 0 225 0 8415 1980-01-17 
225 0 102 0 4990 1980-01-17 
102 0 225 0 4474 1980-01-18 
16 0 188 0 5426 1980-01-18 
86 0 260 0 1799 1980-01-18 
102 0 225 0 2741 1980-01-18 
165 0 102 0 7794 1980-01-18 
225 0 102 0 2438 1980-01-18 
116 0 334 0 5650 1980-01-19 
165 0 102 0 2694 1980-01-19 
188 0 334 0 7201 1980-01-19 
260 0 260 0 4159 1980-01-19 
444 0 102 0 749 1980-01-19 
495 0 225 0 8991 1980-01-19 
86 0 260 0 3872 1980-01-19 
188 0 444 0 5705 1980-01-19 
116 0 334 0 5729 1980-01-20 
102 0 225 0 4834 1980-01-20 
188 0 334 0 6919 1980-01-20 
495 0 225 0 8460 1980-01-20 
16 0 188 0 1755 1980-01-21 
86 0 260 0 4458 1980-01-21 
102 0 225 0 6558 1980-01-21 
165 0 102 0 795 1980-01-21 
495 0 225 0 1813 1980-01-21 
16 0 188 0 359 1980-01-21 
116 0 165 0 2511 1980-01-21 
188 0 444 0 9556 1980-01-21 
16 0 188 0 8151 1980-01-22 
318 0 495 0 5510 1980-01-22 
495 0 225 0 9795 1980-01-22 
86 0 260 0 5527 1980-01-22 
334 0 102 0 2815 1980-01-22 
444 0 102 0 29 1980-01-22 
16 0 188 0 6785 1980-01-23 
260 0 260 0 2611 1980-01-23 
495 0 225 0 4250 1980-01-23 
16 0 188 0 9338 1980-01-24 
116 0 165 0 1154 1980-01-24 
334 0 102 0 6574 1980-01-24 
444 0 102 0 7099 1980-01-24 
102 0 225 0 9126 1980-01-24 
165 0 102 0 3845 1980-01-24 
102 0 225 0 578 1980-01-25 
495 0 225 0 1365 1980-01-25 
495 0 225 0 4117 1980-01-25 
102 0 225 0 718 1980-01-26 
116 0 444 0 904 1980-01-26 
334 0 102 0 2026 1980-01-26 
116 0 444 0 265 1980-01-26 
102 0 225 0 5289 1980-01-27 
116 0 165 0 5162 1980-01-27 
188 0 444 0 1389 1980-01-27 
225 0 102 0 1443 1980-01-27 
16 0 188 0 3505 1980-01-27 
102 0 225 0 2463 1980-01-27 
444 0 102 0 3642 1980-01-27 
16 0 188 0 9756 1980-01-28 
86 0 260 0 543 1980-01-28 
116 0 334 0 4106 1980-01-28 
165 0 102 0 1680 1980-01-28 
188 0 318 0 6406 1980-01-28 
260 0 260 0 8136 1980-01-28 
16 0 188 0 6280 1980-01-28 
116 0 318 0 550 1980-01-28 
495 0 225 0 9134 1980-01-28 
16 0 188 0 3792 1980-01-29 
495 0 225 0 6960 1980-01-29 
16 0 188 0 8601 1980-01-29 
334 0 102 0 69 1980-01-29 
102 0 225 0 4706 1980-01-30 
444 0 102 0 7626 1980-01-30 
495 0 225 0 3976 1980-01-30 
188 0 334 0 2038 1980-01-30 
16 0 188 0 3198 1980-01-31 
102 0 225 0 2314 1980-01-31 
116 0 165 0 3626 1980-01-31 
260 0 260 0 49 1980-01-31 
318 0 495 0 5505 1980-01-31 
444 0 102 0 4392 1980-01-31 
495 0 225 0 854 1980-01-31 
495 0 225 0 3021 1980-02-01 
188 0 444 0 6449 1980-02-01 
225 0 102 0 9474 1980-02-01 
260 0 260 0 739 1980-02-01 
444 0 102 0 9193 1980-02-01 
188 0 318 0 9243 1980-02-02 
86 0 260 0 729 1980-02-02 
188 0 318 0 7293 1980-02-02 
334 0 102 0 2340 1980-02-02 
495 0 225 0 9648 1980-02-03 
16 0 188 0 4556 1980-02-03 
102 0 225 0 1857 1980-02-03 
318 0 495 0 2776 1980-02-03 
495 0 225 0 8735 1980-02-03 
16 0 188 0 9160 1980-02-04 
102 0 225 0 3383 1980-02-04 
495 0 225 0 1391 1980-02-04 
225 0 102 0 5489 1980-02-04 
260 0 260 0 7342 1980-02-04 
16 0 188 0 1661 1980-02-05 
495 0 225 0 4173 1980-02-05 
16 0 188 0 7166 1980-02-05 
86 0 260 0 4609 1980-02-05 
444 0 102 0 5429 1980-02-05 
495 0 225 0 8842 1980-02-05 
16 0 188 0 7337 1980-02-06 
86 0 260 0 2288 1980-02-06 
116 0 165 0 1271 1980-02-06 
495 0 225 0 3993 1980-02-06 
102 0 225 0 3499 1980-02-07 
116 0 165 0 6891 1980-02-07 
225 0 102 0 277 1980-02-07 
334 0 102 0 9018 1980-02-07 
102 0 225 0 7062 1980-02-07 
16 0 188 0 467 1980-02-08 
86 0 260 0 6816 1980-02-08 
188 0 165 0 5175 1980-02-08 
334 0 102 0 4213 1980-02-08 
86 0 260 0 2002 1980-02-09 
225 0 102 0 5178 1980-02-09 
102 0 225 0 8657 1980-02-09 
116 0 165 0 6434 1980-02-09 
165 0 102 0 6418 1980-02-09 
495 0 225 0 1328 1980-02-09 
188 0 165 0 289 1980-02-10 
116 0 165 0 1035 1980-02-11 
260 0 260 0 3271 1980-02-11 
16 0 188 0 590 1980-02-12 
116 0 165 0 8068 1980-02-12 
165 0 102 0 7953 1980-02-12 
225 0 102 0 6279 1980-02-12 
16 0 188 0 4824 1980-02-12 
188 0 444 0 1478 1980-02-12 
86 0 260 0 7176 1980-02-13 
188 0 318 0 9856 1980-02-13 
334 0 102 0 886 1980-02-13 
102 0 225 0 4386 1980-02-14 
495 0 225 0 3769 1980-02-14 
102 0 225 0 2331 1980-02-14 
260 0 260 0 2390 1980-02-14 
334 0 102 0 6580 1980-02-14 
444 0 102 0 4584 1980-02-14 
116 0 334 0 2995 1980-02-15 
165 0 102 0 9123 1980-02-15 
188 0 165 0 1860 1980-02-15 
495 0 225 0 1956 1980-02-15 
102 0 225 0 8090 1980-02-16 
444 0 102 0 6818 1980-02-16 
102 0 225 0 1417 1980-02-16 
260 0 260 0 9910 1980-02-16 
495 0 225 0 1765 1980-02-16 
165 0 102 0 4678 1980-02-17 
225 0 102 0 6419 1980-02-17 
444 0 102 0 6065 1980-02-17 
16 0 188 0 3365 1980-02-17 
116 0 444 0 3226 1980-02-17 
116 0 444 0 6893 1980-02-18 
165 0 102 0 6486 1980-02-18 
318 0 495 0 7491 1980-02-18 
444 0 102 0 56 1980-02-18 
188 0 318 0 2092 1980-02-18 
260 0 260 0 5405 1980-02-18 
102 0 225 0 4912 1980-02-19 
116 0 165 0 9991 1980-02-19 
165 0 102 0 2707 1980-02-19 
444 0 102 0 5892 1980-02-19 
444 0 102 0 1718 1980-02-20 
495 0 225 0 9011 1980-02-20 
165 0 102 0 1696 1980-02-20 
116 0 318 0 3087 1980-02-21 
86 0 260 0 7612 1980-02-21 
102 0 225 0 8619 1980-02-21 
260 0 260 0 9837 1980-02-21 
334 0 102 0 9469 1980-02-21 
495 0 225 0 1034 1980-02-21 
16 0 188 0 325 1980-02-22 
86 0 260 0 6972 1980-02-22 
116 0 318 0 8788 1980-02-22 
188 0 165 0 1352 1980-02-22 
102 0 225 0 1131 1980-02-22 
116 0 165 0 2714 1980-02-22 
225 0 102 0 8675 1980-02-22 
260 0 260 0 260 1980-02-22 
116 0 334 0 5899 1980-02-23 
188 0 165 0 8475 1980-02-23 
334 0 102 0 9491 1980-02-23 
116 0 334 0 6225 1980-02-24 
165 0 102 0 232 1980-02-24 
225 0 102 0 6278 1980-02-24 
16 0 188 0 7573 1980-02-24 
116 0 334 0 3134 1980-02-24 
165 0 102 0 2842 1980-02-24 
188 0 318 0 494 1980-02-24 
225 0 102 0 1866 1980-02-24 
260 0 260 0 393 1980-02-24 
495 0 225 0 9539 1980-02-24 
102 0 225 0 8861 1980-02-25 
116 0 318 0 236 1980-02-25 
188 0 334 0 464 1980-02-25 
495 0 225 0 6238 1980-02-25 
16 0 188 0 1063 1980-02-25 
116 0 444 0 7602 1980-02-25 
444 0 102 0 4534 1980-02-25 
116 0 444 0 92 1980-02-26 
188 0 444 0 6785 1980-02-26 
116 0 318 0 5320 1980-02-26 
188 0 165 0 6021 1980-02-26 
495 0 225 0 3925 1980-02-26 
16 0 188 0 5122 1980-02-27 
102 0 225 0 7558 1980-02-27 
116 0 444 0 1458 1980-02-27 
260 0 260 0 8050 1980-02-27 
16 0 188 0 143 1980-02-27 
188 0 165 0 1442 1980-02-27 
16 0 188 0 6918 1980-02-28 
102 0 225 0 5286 1980-02-28 
188 0 444 0 377 1980-02-28 
444 0 102 0 7603 1980-02-28 
102 0 225 0 7882 1980-02-28 
188 0 334 0 8575 1980-02-28 
102 0 225 0 6937 1980-02-29 
334 0 102 0 4812 1980-02-29 
495 0 225 0 5945 1980-02-29 
16 0 188 0 6786 1980-03-01 
116 0 165 0 6903 1980-03-01 
260 0 260 0 9002 1980-03-01 
16 0 188 0 1014 1980-03-01 
102 0 225 0 4695 1980-03-01 
444 0 102 0 908 1980-03-01 
495 0 225 0 5454 1980-03-01 
86 0 260 0 3314 1980-03-02 
102 0 225 0 8804 1980-03-02 
225 0 102 0 4108 1980-03-02 
16 0 188 0 1266 1980-03-03 
86 0 260 0 2610 1980-03-03 
102 0 225 0 4764 1980-03-03 
16 0 188 0 1669 1980-03-04 
116 0 334 0 2101 1980-03-04 
334 0 102 0 7009 1980-03-04 
444 0 102 0 1768 1980-03-04 
188 0 444 0 7240 1980-03-04 
16 0 188 0 9698 1980-03-05 
188 0 318 0 2697 1980-03-05 
495 0 225 0 8938 1980-03-05 
102 0 225 0 4844 1980-03-07 
444 0 102 0 5933 1980-03-07 
16 0 188 0 9779 1980-03-08 
188 0 334 0 409 1980-03-08 
260 0 260 0 299 1980-03-08 
444 0 102 0 10008 1980-03-08 
16 0 188 0 1191 1980-03-08 
102 0 225 0 9297 1980-03-08 
16 0 188 0 2036 1980-03-09 
188 0 444 0 8925 1980-03-09 
334 0 102 0 3996 1980-03-09 
260 0 260 0 7759 1980-03-09 
16 0 188 0 4144 1980-03-10 
102 0 225 0 8827 1980-03-10 
495 0 225 0 6589 1980-03-10 
16 0 188 0 574 1980-03-10 
318 0 495 0 1955 1980-03-10 
16 0 188 0 1397 1980-03-11 
116 0 334 0 1151 1980-03-11 
188 0 165 0 8930 1980-03-11 
334 0 102 0 808 1980-03-11 
495 0 225 0 1013 1980-03-11 
16 0 188 0 9571 1980-03-11 
260 0 260 0 4729 1980-03-11 
16 0 188 0 9464 1980-03-12 
102 0 225 0 4870 1980-03-12 
444 0 102 0 4266 1980-03-12 
495 0 225 0 800 1980-03-12 
16 0 188 0 3453 1980-03-12 
86 0 260 0 1514 1980-03-12 
116 0 334 0 9535 1980-03-12 
165 0 102 0 1497 1980-03-12 
225 0 102 0 8915 1980-03-12 
260 0 260 0 4395 1980-03-12 
188 0 334 0 3400 1980-03-13 
334 0 102 0 9795 1980-03-13 
16 0 188 0 6818 1980-03-13 
188 0 334 0 8951 1980-03-13 
102 0 225 0 4945 1980-03-14 
165 0 102 0 2083 1980-03-14 
225 0 102 0 2079 1980-03-14 
260 0 260 0 9369 1980-03-14 
444 0 102 0 7684 1980-03-14 
495 0 225 0 740 1980-03-14 
16 0 188 0 4235 1980-03-14 
225 0 102 0 4717 1980-03-14 
495 0 225 0 629 1980-03-14 
444 0 102 0 6054 1980-03-15 
495 0 225 0 6254 1980-03-15 
334 0 102 0 1109 1980-03-15 
16 0 188 0 1732 1980-03-16 
102 0 225 0 6521 1980-03-16 
188 0 165 0 3299 1980-03-16 
444 0 102 0 3248 1980-03-16 
116 0 334 0 3012 1980-03-16 
165 0 102 0 1509 1980-03-16 
225 0 102 0 6261 1980-03-16 
16 0 188 0 417 1980-03-17 
102 0 225 0 6558 1980-03-17 
188 0 318 0 2732 1980-03-17 
260 0 260 0 8103 1980-03-17 
16 0 188 0 8394 1980-03-17 
102 0 225 0 2951 1980-03-17 
116 0 318 0 6970 1980-03-17 
334 0 102 0 668 1980-03-17 
334 0 102 0 4108 1980-03-18 
16 0 188 0 4383 1980-03-18 
86 0 260 0 2265 1980-03-18 
102 0 225 0 1518 1980-03-18 
188 0 334 0 2970 1980-03-18 
16 0 188 0 5106 1980-03-19 
116 0 334 0 1588 1980-03-19 
188 0 334 0 6836 1980-03-19 
334 0 102 0 2667 1980-03-19 
444 0 102 0 9734 1980-03-19 
116 0 444 0 953 1980-03-19 
225 0 102 0 157 1980-03-20 
225 0 102 0 5988 1980-03-20 
495 0 225 0 4574 1980-03-20 
318 0 495 0 379 1980-03-21 
16 0 188 0 6190 1980-03-22 
102 0 225 0 4406 1980-03-22 
116 0 444 0 1857 1980-03-22 
318 0 495 0 4871 1980-03-22 
86 0 260 0 7474 1980-03-22 
116 0 318 0 6210 1980-03-22 
165 0 102 0 7554 1980-03-23 
225 0 102 0 7701 1980-03-23 
260 0 260 0 7900 1980-03-23 
495 0 225 0 5087 1980-03-23 
102 0 225 0 3822 1980-03-24 
318 0 495 0 1648 1980-03-24 
495 0 225 0 8255 1980-03-24 
102 0 225 0 174 1980-03-24 
116 0 165 0 9974 1980-03-24 
165 0 102 0 4648 1980-03-24 
260 0 260 0 4724 1980-03-24 
334 0 102 0 2731 1980-03-24 
444 0 102 0 309 1980-03-24 
495 0 225 0 8694 1980-03-24 
16 0 188 0 4658 1980-03-25 
116 0 334 0 1506 1980-03-25 
188 0 165 0 334 1980-03-25 
225 0 102 0 9426 1980-03-25 
16 0 188 0 2085 1980-03-25 
102 0 225 0 3462 1980-03-25 
188 0 444 0 8741 1980-03-25 
16 0 188 0 7506 1980-03-26 
165 0 102 0 4882 1980-03-26 
334 0 102 0 3363 1980-03-26 
102 0 225 0 2721 1980-03-26 
188 0 318 0 2623 1980-03-26 
16 0 188 0 1224 1980-03-27 
86 0 260 0 9762 1980-03-27 
116 0 165 0 8539 1980-03-27 
102 0 225 0 2766 1980-03-28 
165 0 102 0 4424 1980-03-28 
188 0 334 0 3951 1980-03-28 
225 0 102 0 9492 1980-03-28 
495 0 225 0 9297 1980-03-28 
116 0 165 0 9311 1980-03-29 
188 0 334 0 9557 1980-03-29 
86 0 260 0 7596 1980-03-29 
116 0 165 0 3884 1980-03-29 
318 0 495 0 6021 1980-03-29 
16 0 188 0 2314 1980-03-30 
102 0 225 0 7576 1980-03-30 
116 0 444 0 9354 1980-03-30 
444 0 102 0 357 1980-03-30 
318 0 495 0 8246 1980-03-30 
86 0 260 0 6363 1980-03-31 
116 0 444 0 4245 1980-03-31 
495 0 225 0 2555 1980-03-31 
165 0 102 0 1069 1980-03-31 
225 0 102 0 4517 1980-03-31 
495 0 225 0 6069 1980-03-31 
86 0 260 0 8871 1980-04-01 
102 0 225 0 5754 1980-04-01 
165 0 102 0 3305 1980-04-01 
16 0 188 0 3256 1980-04-01 
86 0 260 0 6418 1980-04-01 
495 0 225 0 2322 1980-04-01 
16 0 188 0 65 1980-04-02 
86 0 260 0 9424 1980-04-02 
102 0 225 0 8394 1980-04-02 
116 0 444 0 7261 1980-04-02 
188 0 334 0 5834 1980-04-02 
116 0 318 0 3679 1980-04-02 
225 0 102 0 561 1980-04-02 
495 0 225 0 4284 1980-04-03 
188 0 334 0 8271 1980-04-03 
16 0 188 0 8085 1980-04-04 
86 0 260 0 2804 1980-04-04 
188 0 318 0 7837 1980-04-04 
334 0 102 0 896 1980-04-04 
495 0 225 0 5289 1980-04-04 
16 0 188 0 5755 1980-04-04 
102 0 225 0 2080 1980-04-04 
188 0 165 0 2509 1980-04-05 
260 0 260 0 4483 1980-04-05 
116 0 444 0 1369 1980-04-06 
165 0 102 0 8242 1980-04-06 
495 0 225 0 570 1980-04-06 
16 0 188 0 6305 1980-04-06 
116 0 318 0 3343 1980-04-06 
188 0 165 0 2240 1980-04-06 
16 0 188 0 2820 1980-04-07 
102 0 225 0 8770 1980-04-07 
188 0 444 0 5740 1980-04-07 
318 0 495 0 4840 1980-04-07 
444 0 102 0 6999 1980-04-07 
495 0 225 0 5167 1980-04-07 
116 0 444 0 2364 1980-04-07 
16 0 188 0 2923 1980-04-08 
116 0 334 0 1177 1980-04-08 
188 0 318 0 3381 1980-04-08 
318 0 495 0 4864 1980-04-08 
165 0 102 0 8197 1980-04-08 
318 0 495 0 6222 1980-04-08 
86 0 260 0 841 1980-04-09 
102 0 225 0 5510 1980-04-09 
165 0 102 0 5396 1980-04-09 
188 0 334 0 1223 1980-04-09 
444 0 102 0 5767 1980-04-09 
116 0 334 0 8581 1980-04-09 
165 0 102 0 1890 1980-04-09 
102 0 225 0 8955 1980-04-10 
116 0 444 0 4037 1980-04-10 
225 0 102 0 4808 1980-04-10 
444 0 102 0 2126 1980-04-10 
102 0 225 0 7988 1980-04-10 
116 0 318 0 2366 1980-04-10 
165 0 102 0 2430 1980-04-10 
188 0 318 0 7373 1980-04-10 
318 0 495 0 686 1980-04-10 
495 0 225 0 3745 1980-04-10 
16 0 188 0 967 1980-04-11 
16 0 188 0 7068 1980-04-11 
102 0 225 0 5163 1980-04-11 
334 0 102 0 5744 1980-04-11 
16 0 188 0 3550 1980-04-12 
86 0 260 0 2760 1980-04-12 
165 0 102 0 8441 1980-04-12 
16 0 188 0 3357 1980-04-12 
225 0 102 0 7290 1980-04-12 
16 0 188 0 7754 1980-04-13 
86 0 260 0 9911 1980-04-13 
102 0 225 0 8618 1980-04-13 
16 0 188 0 348 1980-04-13 
495 0 225 0 783 1980-04-13 
165 0 102 0 8510 1980-04-14 
334 0 102 0 4303 1980-04-14 
495 0 225 0 729 1980-04-14 
165 0 102 0 3132 1980-04-14 
86 0 260 0 1509 1980-04-15 
444 0 102 0 1929 1980-04-15 
116 0 318 0 1406 1980-04-15 
188 0 318 0 1859 1980-04-15 
334 0 102 0 2647 1980-04-15 
102 0 225 0 1578 1980-04-16 
188 0 165 0 5328 1980-04-16 
318 0 495 0 1281 1980-04-16 
334 0 102 0 2476 1980-04-16 
116 0 165 0 6428 1980-04-16 
102 0 225 0 1450 1980-04-17 
225 0 102 0 2756 1980-04-17 
334 0 102 0 9499 1980-04-17 
86 0 260 0 3151 1980-04-17 
495 0 225 0 1176 1980-04-17 
102 0 225 0 1841 1980-04-18 
260 0 260 0 9333 1980-04-18 
444 0 102 0 9609 1980-04-18 
444 0 102 0 9717 1980-04-18 
16 0 188 0 383 1980-04-19 
102 0 225 0 129 1980-04-19 
260 0 260 0 6179 1980-04-19 
318 0 495 0 307 1980-04-19 
16 0 188 0 6375 1980-04-19 
444 0 102 0 4334 1980-04-19 
188 0 165 0 6655 1980-04-20 
225 0 102 0 3386 1980-04-20 
495 0 225 0 4431 1980-04-20 
188 0 165 0 5901 1980-04-20 
225 0 102 0 6491 1980-04-20 
16 0 188 0 8626 1980-04-21 
116 0 334 0 175 1980-04-21 
16 0 188 0 9496 1980-04-21 
102 0 225 0 9355 1980-04-21 
116 0 165 0 1952 1980-04-21 
188 0 444 0 6729 1980-04-21 
444 0 102 0 6383 1980-04-21 
260 0 260 0 2632 1980-04-22 
495 0 225 0 9730 1980-04-22 
16 0 188 0 9323 1980-04-22 
188 0 165 0 7743 1980-04-22 
116 0 444 0 753 1980-04-23 
188 0 318 0 6089 1980-04-23 
116 0 444 0 3734 1980-04-23 
165 0 102 0 5303 1980-04-23 
318 0 495 0 2571 1980-04-23 
444 0 102 0 1663 1980-04-23 
188 0 334 0 6907 1980-04-24 
444 0 102 0 1708 1980-04-24 
495 0 225 0 6279 1980-04-24 
116 0 334 0 5584 1980-04-24 
260 0 260 0 2156 1980-04-24 
188 0 318 0 6940 1980-04-25 
444 0 102 0 1351 1980-04-25 
495 0 225 0 285 1980-04-25 
260 0 260 0 8046 1980-04-25 
444 0 102 0 1310 1980-04-25 
86 0 260 0 2717 1980-04-26 
116 0 318 0 8169 1980-04-26 
444 0 102 0 1279 1980-04-26 
495 0 225 0 1956 1980-04-26 
102 0 225 0 2478 1980-04-26 
495 0 225 0 5624 1980-04-26 
188 0 444 0 6995 1980-04-27 
225 0 102 0 7393 1980-04-27 
495 0 225 0 9991 1980-04-27 
86 0 260 0 5126 1980-04-27 
116 0 444 0 7211 1980-04-27 
225 0 102 0 4824 1980-04-27 
334 0 102 0 1530 1980-04-27 
86 0 260 0 8647 1980-04-28 
225 0 102 0 4173 1980-04-28 
260 0 260 0 864 1980-04-28 
495 0 225 0 156 1980-04-28 
86 0 260 0 2867 1980-04-28 
116 0 334 0 7356 1980-04-28 
188 0 334 0 7982 1980-04-28 
444 0 102 0 2219 1980-04-28 
86 0 260 0 2725 1980-04-29 
16 0 188 0 3172 1980-04-29 
86 0 260 0 551 1980-04-29 
102 0 225 0 1530 1980-04-29 
318 0 495 0 1053 1980-04-29 
188 0 444 0 1004 1980-04-30 
318 0 495 0 9846 1980-04-30 
334 0 102 0 8796 1980-04-30 
86 0 260 0 89 1980-05-01 
225 0 102 0 5764 1980-05-01 
260 0 260 0 6390 1980-05-01 
86 0 260 0 5929 1980-05-01 
495 0 225 0 3535 1980-05-01 
16 0 188 0 5517 1980-05-02 
260 0 260 0 7429 1980-05-02 
102 0 225 0 5968 1980-05-02 
444 0 102 0 2307 1980-05-02 
495 0 225 0 3417 1980-05-02 
16 0 188 0 5733 1980-05-03 
102 0 225 0 1557 1980-05-03 
116 0 444 0 9076 1980-05-03 
188 0 444 0 7375 1980-05-03 
318 0 495 0 7998 1980-05-03 
188 0 334 0 540 1980-05-03 
260 0 260 0 8426 1980-05-03 
318 0 495 0 6201 1980-05-03 
495 0 225 0 983 1980-05-03 
86 0 260 0 8800 1980-05-04 
444 0 102 0 6311 1980-05-04 
495 0 225 0 9921 1980-05-04 
116 0 165 0 2775 1980-05-04 
225 0 102 0 5513 1980-05-04 
116 0 318 0 7507 1980-05-05 
188 0 444 0 6736 1980-05-05 
495 0 225 0 1474 1980-05-05 
86 0 260 0 1845 1980-05-05 
225 0 102 0 6799 1980-05-05 
495 0 225 0 7923 1980-05-05 
188 0 165 0 9991 1980-05-06 
260 0 260 0 2181 1980-05-06 
495 0 225 0 6631 1980-05-06 
188 0 334 0 693 1980-05-06 
495 0 225 0 8406 1980-05-06 
16 0 188 0 2860 1980-05-07 
260 0 260 0 7172 1980-05-07 
188 0 165 0 2636 1980-05-07 
334 0 102 0 3757 1980-05-07 
165 0 102 0 199 1980-05-08 
260 0 260 0 358 1980-05-08 
334 0 102 0 4932 1980-05-08 
16 0 188 0 9109 1980-05-08 
86 0 260 0 2104 1980-05-08 
188 0 334 0 3444 1980-05-09 
225 0 102 0 9889 1980-05-09 
116 0 165 0 2202 1980-05-09 
225 0 102 0 4702 1980-05-09 
318 0 495 0 8238 1980-05-09 
444 0 102 0 6569 1980-05-09 
495 0 225 0 1737 1980-05-09 
86 0 260 0 157 1980-05-10 
225 0 102 0 3071 1980-05-10 
334 0 102 0 2097 1980-05-10 
102 0 225 0 7370 1980-05-11 
188 0 334 0 4548 1980-05-11 
260 0 260 0 9714 1980-05-11 
16 0 188 0 1654 1980-05-11 
225 0 102 0 628 1980-05-11 
318 0 495 0 9533 1980-05-11 
16 0 188 0 5687 1980-05-12 
86 0 260 0 4709 1980-05-12 
102 0 225 0 7108 1980-05-12 
116 0 318 0 2453 1980-05-12 
188 0 165 0 8400 1980-05-12 
334 0 102 0 279 1980-05-12 
102 0 225 0 4379 1980-05-13 
495 0 225 0 4006 1980-05-13 
102 0 225 0 3439 1980-05-13 
116 0 444 0 138 1980-05-13 
444 0 102 0 2597 1980-05-13 
116 0 318 0 9394 1980-05-14 
495 0 225 0 7420 1980-05-14 
86 0 260 0 8308 1980-05-14 
102 0 225 0 2365 1980-05-14 
116 0 444 0 864 1980-05-14 
225 0 102 0 2701 1980-05-14 
102 0 225 0 5740 1980-05-15 
225 0 102 0 2242 1980-05-15 
444 0 102 0 1155 1980-05-15 
495 0 225 0 282 1980-05-15 
225 0 102 0 836 1980-05-15 
495 0 225 0 329 1980-05-15 
116 0 444 0 2905 1980-05-16 
16 0 188 0 2676 1980-05-16 
188 0 318 0 35 1980-05-16 
444 0 102 0 1364 1980-05-16 
225 0 102 0 3608 1980-05-17 
444 0 102 0 190 1980-05-17 
495 0 225 0 5784 1980-05-17 
444 0 102 0 8432 1980-05-17 
495 0 225 0 1143 1980-05-17 
16 0 188 0 3054 1980-05-18 
165 0 102 0 2512 1980-05-18 
225 0 102 0 1912 1980-05-18 
260 0 260 0 7035 1980-05-18 
16 0 188 0 891 1980-05-18 
116 0 318 0 4352 1980-05-18 
444 0 102 0 1326 1980-05-18 
16 0 188 0 964 1980-05-19 
188 0 444 0 6205 1980-05-19 
86 0 260 0 3306 1980-05-19 
495 0 225 0 5649 1980-05-19 
102 0 225 0 6618 1980-05-20 
165 0 102 0 742 1980-05-20 
334 0 102 0 5894 1980-05-20 
16 0 188 0 4683 1980-05-20 
334 0 102 0 2633 1980-05-20 
444 0 102 0 7725 1980-05-21 
495 0 225 0 1721 1980-05-21 
102 0 225 0 5882 1980-05-22 
495 0 225 0 267 1980-05-22 
188 0 444 0 8772 1980-05-22 
225 0 102 0 6155 1980-05-22 
260 0 260 0 9075 1980-05-22 
334 0 102 0 3438 1980-05-22 
188 0 165 0 8152 1980-05-23 
495 0 225 0 8102 1980-05-23 
16 0 188 0 388 1980-05-24 
102 0 225 0 4648 1980-05-24 
116 0 318 0 8610 1980-05-24 
188 0 444 0 9047 1980-05-24 
495 0 225 0 2650 1980-05-24 
16 0 188 0 7767 1980-05-24 
334 0 102 0 578 1980-05-25 
16 0 188 0 9763 1980-05-25 
444 0 102 0 8278 1980-05-25 
495 0 225 0 2239 1980-05-25 
334 0 102 0 1308 1980-05-26 
495 0 225 0 7834 1980-05-26 
16 0 188 0 792 1980-05-26 
116 0 318 0 2104 1980-05-26 
495 0 225 0 202 1980-05-26 
165 0 102 0 4598 1980-05-27 
116 0 334 0 9778 1980-05-27 
495 0 225 0 8786 1980-05-27 
188 0 444 0 7337 1980-05-28 
260 0 260 0 2653 1980-05-28 
334 0 102 0 2233 1980-05-28 
102 0 225 0 7981 1980-05-28 
165 0 102 0 9171 1980-05-28 
260 0 260 0 1216 1980-05-28 
16 0 188 0 1671 1980-05-29 
102 0 225 0 1159 1980-05-29 
116 0 318 0 9997 1980-05-29 
16 0 188 0 6194 1980-05-29 
86 0 260 0 5799 1980-05-29 
188 0 444 0 5785 1980-05-29 
444 0 102 0 5451 1980-05-29 
260 0 260 0 9539 1980-05-30 
318 0 495 0 2224 1980-05-30 
334 0 102 0 27 1980-05-30 
444 0 102 0 6496 1980-05-30 
102 0 225 0 4243 1980-05-30 
116 0 334 0 5955 1980-05-30 
165 0 102 0 7772 1980-05-30 
16 0 188 0 6932 1980-05-31 
102 0 225 0 3143 1980-05-31 
188 0 165 0 7385 1980-05-31 
102 0 225 0 6781 1980-06-01 
116 0 444 0 7599 1980-06-01 
495 0 225 0 1986 1980-06-01 
16 0 188 0 8123 1980-06-02 
102 0 225 0 7913 1980-06-02 
165 0 102 0 5302 1980-06-02 
102 0 225 0 17 1980-06-02 
116 0 318 0 5239 1980-06-02 
165 0 102 0 1725 1980-06-02 
16 0 188 0 7984 1980-06-03 
444 0 102 0 6373 1980-06-03 
495 0 225 0 3950 1980-06-03 
86 0 260 0 4312 1980-06-03 
16 0 188 0 5217 1980-06-04 
102 0 225 0 9658 1980-06-04 
116 0 334 0 4172 1980-06-04 
225 0 102 0 6113 1980-06-04 
444 0 102 0 9829 1980-06-04 
102 0 225 0 7151 1980-06-04 
334 0 102 0 108 1980-06-04 
16 0 188 0 3312 1980-06-05 
495 0 225 0 7279 1980-06-05 
86 0 260 0 7847 1980-06-05 
102 0 225 0 9060 1980-06-05 
116 0 444 0 291 1980-06-05 
260 0 260 0 6480 1980-06-05 
334 0 102 0 6693 1980-06-06 
495 0 225 0 4021 1980-06-06 
86 0 260 0 1125 1980-06-06 
116 0 165 0 7863 1980-06-06 
188 0 318 0 1181 1980-06-06 
334 0 102 0 1491 1980-06-06 
16 0 188 0 9269 1980-06-07 
102 0 225 0 644 1980-06-07 
444 0 102 0 9068 1980-06-07 
102 0 225 0 5550 1980-06-08 
188 0 444 0 1799 1980-06-08 
260 0 260 0 8582 1980-06-08 
102 0 225 0 2474 1980-06-09 
495 0 225 0 3422 1980-06-09 
116 0 334 0 3737 1980-06-09 
334 0 102 0 7174 1980-06-09 
165 0 102 0 9036 1980-06-10 
188 0 165 0 1121 1980-06-10 
225 0 102 0 6540 1980-06-10 
334 0 102 0 7809 1980-06-10 
444 0 102 0 468 1980-06-10 
116 0 318 0 8959 1980-06-10 
116 0 165 0 8197 1980-06-11 
444 0 102 0 5277 1980-06-11 
116 0 444 0 9455 1980-06-11 
318 0 495 0 6749 1980-06-11 
495 0 225 0 1367 1980-06-11 
102 0 225 0 1119 1980-06-12 
116 0 165 0 1496 1980-06-12 
188 0 318 0 839 1980-06-12 
495 0 225 0 1109 1980-06-12 
188 0 318 0 8686 1980-06-12 
16 0 188 0 1084 1980-06-13 
86 0 260 0 7018 1980-06-13 
116 0 318 0 2575 1980-06-13 
165 0 102 0 4545 1980-06-13 
188 0 165 0 2921 1980-06-13 
260 0 260 0 7941 1980-06-13 
444 0 102 0 7946 1980-06-13 
102 0 225 0 6439 1980-06-13 
260 0 260 0 1146 1980-06-13 
102 0 225 0 2615 1980-06-14 
188 0 444 0 2141 1980-06-14 
225 0 102 0 820 1980-06-14 
188 0 165 0 5824 1980-06-14 
102 0 225 0 6746 1980-06-15 
225 0 102 0 2016 1980-06-15 
334 0 102 0 9076 1980-06-15 
495 0 225 0 1697 1980-06-15 
102 0 225 0 5821 1980-06-15 
116 0 165 0 1587 1980-06-15 
188 0 318 0 352 1980-06-16 
225 0 102 0 4765 1980-06-16 
495 0 225 0 4596 1980-06-16 
102 0 225 0 75 1980-06-16 
116 0 444 0 5510 1980-06-16 
188 0 318 0 1062 1980-06-16 
116 0 318 0 4398 1980-06-17 
260 0 260 0 8304 1980-06-17 
116 0 334 0 4857 1980-06-17 
444 0 102 0 9868 1980-06-17 
188 0 444 0 9277 1980-06-18 
495 0 225 0 8689 1980-06-18 
86 0 260 0 6488 1980-06-18 
188 0 165 0 4167 1980-06-18 
334 0 102 0 2333 1980-06-18 
16 0 188 0 3046 1980-06-19 
116 0 444 0 7051 1980-06-19 
102 0 225 0 4885 1980-06-19 
444 0 102 0 3301 1980-06-19 
102 0 225 0 9553 1980-06-20 
116 0 334 0 9654 1980-06-20 
165 0 102 0 1496 1980-06-20 
188 0 444 0 7118 1980-06-20 
444 0 102 0 5109 1980-06-20 
102 0 225 0 2690 1980-06-21 
188 0 165 0 7722 1980-06-21 
260 0 260 0 1204 1980-06-21 
334 0 102 0 5512 1980-06-21 
495 0 225 0 8912 1980-06-21 
102 0 225 0 3531 1980-06-21 
188 0 334 0 258 1980-06-22 
495 0 225 0 6272 1980-06-22 
16 0 188 0 2877 1980-06-22 
165 0 102 0 8037 1980-06-22 
188 0 318 0 2652 1980-06-23 
495 0 225 0 6513 1980-06-23 
188 0 444 0 8689 1980-06-23 
16 0 188 0 7174 1980-06-24 
116 0 444 0 2774 1980-06-24 
165 0 102 0 97 1980-06-24 
86 0 260 0 8584 1980-06-24 
102 0 225 0 3529 1980-06-24 
165 0 102 0 171 1980-06-24 
188 0 165 0 4864 1980-06-24 
495 0 225 0 3750 1980-06-24 
318 0 495 0 8521 1980-06-25 
495 0 225 0 8944 1980-06-25 
16 0 188 0 5951 1980-06-25 
334 0 102 0 8826 1980-06-25 
495 0 225 0 3834 1980-06-25 
102 0 225 0 5000 1980-06-26 
444 0 102 0 660 1980-06-26 
495 0 225 0 2868 1980-06-26 
16 0 188 0 593 1980-06-27 
86 0 260 0 2636 1980-06-27 
116 0 444 0 2304 1980-06-27 
16 0 188 0 3998 1980-06-27 
260 0 260 0 6972 1980-06-27 
16 0 188 0 1053 1980-06-28 
116 0 318 0 5106 1980-06-28 
188 0 318 0 1363 1980-06-28 
16 0 188 0 3866 1980-06-28 
260 0 260 0 5555 1980-06-28 
495 0 225 0 1755 1980-06-28 
102 0 225 0 1934 1980-06-29 
116 0 318 0 9457 1980-06-29 
165 0 102 0 9121 1980-06-29 
188 0 444 0 5998 1980-06-29 
495 0 225 0 424 1980-06-29 
102 0 225 0 8716 1980-06-29 
116 0 165 0 730 1980-06-29 
102 0 225 0 1463 1980-06-30 
165 0 102 0 2718 1980-06-30 
225 0 102 0 6616 1980-06-30 
444 0 102 0 5127 1980-06-30 
16 0 188 0 5965 1980-06-30 
86 0 260 0 5592 1980-06-30 
102 0 225 0 1122 1980-06-30 
495 0 225 0 1572 1980-06-30 
188 0 318 0 9468 1980-07-01 
444 0 102 0 4482 1980-07-01 
16 0 188 0 3148 1980-07-01 
102 0 225 0 3341 1980-07-02 
334 0 102 0 4404 1980-07-02 
495 0 225 0 7706 1980-07-02 
16 0 188 0 1130 1980-07-02 
495 0 225 0 747 1980-07-02 
16 0 188 0 7368 1980-07-03 
102 0 225 0 9275 1980-07-03 
444 0 102 0 1831 1980-07-03 
225 0 102 0 3350 1980-07-03 
444 0 102 0 6709 1980-07-03 
495 0 225 0 6824 1980-07-03 
16 0 188 0 2255 1980-07-04 
102 0 225 0 1018 1980-07-04 
116 0 334 0 8418 1980-07-04 
165 0 102 0 1514 1980-07-04 
86 0 260 0 5960 1980-07-04 
116 0 334 0 1820 1980-07-04 
86 0 260 0 4100 1980-07-05 
102 0 225 0 5016 1980-07-05 
116 0 334 0 6655 1980-07-05 
444 0 102 0 8784 1980-07-05 
495 0 225 0 5338 1980-07-05 
16 0 188 0 3647 1980-07-05 
116 0 444 0 9835 1980-07-05 
165 0 102 0 5053 1980-07-05 
495 0 225 0 2410 1980-07-05 
16 0 188 0 4715 1980-07-06 
495 0 225 0 5427 1980-07-06 
260 0 260 0 5423 1980-07-06 
116 0 334 0 7876 1980-07-07 
188 0 334 0 9908 1980-07-07 
225 0 102 0 5341 1980-07-07 
116 0 334 0 8207 1980-07-07 
188 0 165 0 3432 1980-07-07 
102 0 225 0 8687 1980-07-08 
116 0 444 0 1141 1980-07-08 
165 0 102 0 3220 1980-07-08 
188 0 165 0 637 1980-07-08 
225 0 102 0 8844 1980-07-08 
318 0 495 0 5208 1980-07-08 
495 0 225 0 9150 1980-07-09 
16 0 188 0 7995 1980-07-09 
495 0 225 0 5000 1980-07-09 
16 0 188 0 2724 1980-07-10 
116 0 334 0 9582 1980-07-10 
165 0 102 0 6410 1980-07-10 
225 0 102 0 9471 1980-07-10 
16 0 188 0 4177 1980-07-10 
495 0 225 0 643 1980-07-10 
86 0 260 0 9406 1980-07-11 
495 0 225 0 3961 1980-07-11 
165 0 102 0 6295 1980-07-11 
334 0 102 0 6284 1980-07-11 
165 0 102 0 6873 1980-07-12 
102 0 225 0 2469 1980-07-12 
188 0 334 0 2227 1980-07-12 
86 0 260 0 5948 1980-07-13 
116 0 318 0 4099 1980-07-13 
86 0 260 0 7137 1980-07-13 
188 0 318 0 681 1980-07-13 
225 0 102 0 4646 1980-07-13 
86 0 260 0 3947 1980-07-14 
102 0 225 0 6289 1980-07-14 
116 0 165 0 9165 1980-07-14 
165 0 102 0 9053 1980-07-14 
86 0 260 0 738 1980-07-14 
102 0 225 0 4432 1980-07-14 
116 0 334 0 5503 1980-07-14 
188 0 318 0 6367 1980-07-14 
116 0 318 0 212 1980-07-15 
225 0 102 0 6245 1980-07-15 
116 0 318 0 7063 1980-07-15 
188 0 444 0 4423 1980-07-15 
225 0 102 0 956 1980-07-15 
260 0 260 0 9332 1980-07-15 
334 0 102 0 2129 1980-07-15 
444 0 102 0 6449 1980-07-15 
495 0 225 0 2131 1980-07-15 
225 0 102 0 4756 1980-07-16 
260 0 260 0 5992 1980-07-16 
495 0 225 0 99 1980-07-16 
16 0 188 0 7922 1980-07-17 
188 0 165 0 4950 1980-07-17 
165 0 102 0 2416 1980-07-17 
334 0 102 0 101 1980-07-17 
444 0 102 0 9819 1980-07-17 
102 0 225 0 3941 1980-07-18 
116 0 318 0 6600 1980-07-18 
188 0 318 0 8954 1980-07-18 
116 0 334 0 3130 1980-07-18 
334 0 102 0 1867 1980-07-19 
165 0 102 0 9486 1980-07-19 
188 0 165 0 169 1980-07-19 
16 0 188 0 8318 1980-07-20 
102 0 225 0 928 1980-07-20 
495 0 225 0 8692 1980-07-20 
188 0 165 0 8936 1980-07-20 
116 0 334 0 5634 1980-07-21 
188 0 334 0 9364 1980-07-21 
444 0 102 0 5003 1980-07-21 
495 0 225 0 363 1980-07-21 
102 0 225 0 5105 1980-07-21 
188 0 334 0 9132 1980-07-21 
495 0 225 0 1851 1980-07-21 
102 0 225 0 4576 1980-07-22 
165 0 102 0 8912 1980-07-22 
334 0 102 0 1574 1980-07-22 
495 0 225 0 1359 1980-07-22 
16 0 188 0 7511 1980-07-22 
116 0 165 0 1522 1980-07-22 
334 0 102 0 2561 1980-07-22 
495 0 225 0 6000 1980-07-22 
16 0 188 0 5403 1980-07-23 
116 0 318 0 3491 1980-07-23 
188 0 334 0 5370 1980-07-23 
225 0 102 0 1934 1980-07-23 
16 0 188 0 8450 1980-07-23 
116 0 334 0 3534 1980-07-23 
86 0 260 0 611 1980-07-24 
16 0 188 0 3240 1980-07-24 
102 0 225 0 2440 1980-07-24 
188 0 334 0 4588 1980-07-24 
102 0 225 0 676 1980-07-25 
116 0 444 0 6173 1980-07-25 
116 0 334 0 8528 1980-07-26 
188 0 165 0 1257 1980-07-26 
16 0 188 0 3437 1980-07-26 
116 0 444 0 7181 1980-07-26 
334 0 102 0 9661 1980-07-26 
116 0 165 0 6232 1980-07-27 
165 0 102 0 7013 1980-07-27 
188 0 334 0 8821 1980-07-27 
334 0 102 0 4832 1980-07-27 
16 0 188 0 2626 1980-07-27 
102 0 225 0 1381 1980-07-27 
444 0 102 0 9952 1980-07-27 
495 0 225 0 2915 1980-07-27 
16 0 188 0 3578 1980-07-28 
165 0 102 0 884 1980-07-28 
225 0 102 0 1929 1980-07-28 
444 0 102 0 4023 1980-07-28 
86 0 260 0 9903 1980-07-28 
116 0 318 0 1360 1980-07-28 
188 0 444 0 9097 1980-07-28 
444 0 102 0 2837 1980-07-28 
495 0 225 0 2413 1980-07-28 
16 0 188 0 9386 1980-07-29 
116 0 318 0 4651 1980-07-29 
444 0 102 0 3390 1980-07-29 
16 0 188 0 1769 1980-07-29 
165 0 102 0 1329 1980-07-29 
16 0 188 0 386 1980-07-30 
86 0 260 0 6999 1980-07-30 
102 0 225 0 6199 1980-07-30 
116 0 165 0 7007 1980-07-30 
188 0 334 0 278 1980-07-30 
318 0 495 0 7386 1980-07-30 
495 0 225 0 1172 1980-07-30 
86 0 260 0 5614 1980-07-30 
495 0 225 0 4755 1980-07-30 
102 0 225 0 156 1980-07-31 
116 0 444 0 6550 1980-07-31 
225 0 102 0 8295 1980-07-31 
102 0 225 0 3565 1980-07-31 
116 0 318 0 3423 1980-07-31 
495 0 225 0 9403 1980-07-31 
188 0 334 0 5811 1980-08-01 
334 0 102 0 5061 1980-08-01 
444 0 102 0 8434 1980-08-01 
188 0 444 0 8919 1980-08-01 
334 0 102 0 2693 1980-08-01 
116 0 165 0 5612 1980-08-02 
444 0 102 0 2969 1980-08-02 
495 0 225 0 2087 1980-08-02 
16 0 188 0 5990 1980-08-02 
102 0 225 0 1973 1980-08-02 
86 0 260 0 9111 1980-08-03 
102 0 225 0 120 1980-08-03 
116 0 318 0 774 1980-08-03 
260 0 260 0 2542 1980-08-03 
116 0 444 0 8712 1980-08-03 
188 0 165 0 8577 1980-08-03 
86 0 260 0 1820 1980-08-04 
102 0 225 0 9982 1980-08-04 
318 0 495 0 7707 1980-08-04 
495 0 225 0 3336 1980-08-04 
116 0 165 0 2743 1980-08-04 
334 0 102 0 1047 1980-08-04 
86 0 260 0 6151 1980-08-05 
102 0 225 0 7367 1980-08-05 
116 0 165 0 1992 1980-08-05 
260 0 260 0 8055 1980-08-05 
334 0 102 0 251 1980-08-06 
16 0 188 0 4460 1980-08-06 
86 0 260 0 2532 1980-08-06 
116 0 444 0 5028 1980-08-06 
495 0 225 0 7038 1980-08-06 
102 0 225 0 8387 1980-08-07 
188 0 334 0 9492 1980-08-07 
318 0 495 0 7648 1980-08-07 
102 0 225 0 2630 1980-08-07 
165 0 102 0 883 1980-08-07 
188 0 334 0 8569 1980-08-07 
318 0 495 0 8130 1980-08-07 
444 0 102 0 763 1980-08-08 
116 0 334 0 5395 1980-08-08 
225 0 102 0 4080 1980-08-08 
102 0 225 0 2152 1980-08-09 
116 0 334 0 3304 1980-08-09 
165 0 102 0 7726 1980-08-09 
225 0 102 0 5529 1980-08-09 
260 0 260 0 5397 1980-08-09 
86 0 260 0 2879 1980-08-09 
116 0 334 0 5562 1980-08-09 
444 0 102 0 8833 1980-08-09 
86 0 260 0 5171 1980-08-10 
188 0 334 0 3036 1980-08-10 
225 0 102 0 1899 1980-08-10 
16 0 188 0 3325 1980-08-10 
495 0 225 0 5006 1980-08-10 
260 0 260 0 4359 1980-08-11 
495 0 225 0 3427 1980-08-11 
16 0 188 0 9148 1980-08-12 
188 0 318 0 4187 1980-08-12 
225 0 102 0 1868 1980-08-12 
86 0 260 0 4241 1980-08-12 
188 0 444 0 1619 1980-08-12 
334 0 102 0 5075 1980-08-12 
16 0 188 0 7386 1980-08-13 
165 0 102 0 6683 1980-08-13 
495 0 225 0 8743 1980-08-13 
102 0 225 0 6094 1980-08-13 
116 0 334 0 640 1980-08-13 
188 0 318 0 6451 1980-08-14 
318 0 495 0 5615 1980-08-14 
318 0 495 0 1904 1980-08-15 
495 0 225 0 2962 1980-08-15 
102 0 225 0 5228 1980-08-15 
495 0 225 0 7293 1980-08-15 
16 0 188 0 8350 1980-08-16 
102 0 225 0 3663 1980-08-16 
116 0 334 0 5280 1980-08-16 
334 0 102 0 7463 1980-08-16 
86 0 260 0 7102 1980-08-16 
102 0 225 0 2494 1980-08-16 
116 0 334 0 933 1980-08-16 
334 0 102 0 8709 1980-08-16 
444 0 102 0 6371 1980-08-16 
495 0 225 0 1302 1980-08-16 
102 0 225 0 5776 1980-08-17 
116 0 334 0 2123 1980-08-17 
188 0 444 0 5036 1980-08-17 
444 0 102 0 7059 1980-08-17 
495 0 225 0 1427 1980-08-17 
225 0 102 0 5560 1980-08-17 
16 0 188 0 2227 1980-08-18 
86 0 260 0 1928 1980-08-18 
260 0 260 0 7185 1980-08-18 
102 0 225 0 6160 1980-08-18 
225 0 102 0 9164 1980-08-18 
495 0 225 0 7427 1980-08-18 
116 0 165 0 2238 1980-08-19 
188 0 318 0 5488 1980-08-19 
225 0 102 0 8046 1980-08-19 
318 0 495 0 7779 1980-08-19 
495 0 225 0 7324 1980-08-19 
102 0 225 0 1872 1980-08-19 
116 0 165 0 9300 1980-08-19 
444 0 102 0 3375 1980-08-19 
16 0 188 0 4252 1980-08-20 
102 0 225 0 7418 1980-08-20 
116 0 165 0 4567 1980-08-20 
188 0 334 0 7745 1980-08-21 
225 0 102 0 8489 1980-08-21 
16 0 188 0 7870 1980-08-21 
102 0 225 0 8167 1980-08-21 
165 0 102 0 4690 1980-08-21 
102 0 225 0 8468 1980-08-22 
334 0 102 0 7857 1980-08-22 
495 0 225 0 1633 1980-08-22 
16 0 188 0 1746 1980-08-22 
102 0 225 0 4928 1980-08-22 
495 0 225 0 4404 1980-08-22 
86 0 260 0 3130 1980-08-23 
165 0 102 0 6550 1980-08-23 
188 0 444 0 1621 1980-08-23 
86 0 260 0 1426 1980-08-24 
188 0 318 0 7679 1980-08-24 
444 0 102 0 2498 1980-08-24 
16 0 188 0 9854 1980-08-24 
102 0 225 0 7192 1980-08-24 
116 0 165 0 836 1980-08-24 
225 0 102 0 2812 1980-08-24 
444 0 102 0 3873 1980-08-24 
16 0 188 0 5447 1980-08-25 
86 0 260 0 8036 1980-08-25 
102 0 225 0 4554 1980-08-25 
495 0 225 0 3438 1980-08-25 
116 0 334 0 1575 1980-08-25 
225 0 102 0 6498 1980-08-25 
444 0 102 0 884 1980-08-25 
495 0 225 0 569 1980-08-25 
16 0 188 0 5112 1980-08-26 
188 0 444 0 7737 1980-08-26 
16 0 188 0 787 1980-08-26 
86 0 260 0 5719 1980-08-26 
165 0 102 0 9794 1980-08-26 
86 0 260 0 811 1980-08-27 
102 0 225 0 1554 1980-08-27 
260 0 260 0 11 1980-08-27 
444 0 102 0 6651 1980-08-27 
495 0 225 0 1539 1980-08-27 
116 0 444 0 9070 1980-08-27 
16 0 188 0 7144 1980-08-28 
165 0 102 0 4063 1980-08-28 
188 0 334 0 6337 1980-08-28 
260 0 260 0 6234 1980-08-28 
16 0 188 0 9128 1980-08-28 
86 0 260 0 2891 1980-08-28 
318 0 495 0 5994 1980-08-28 
334 0 102 0 960 1980-08-28 
16 0 188 0 4897 1980-08-29 
188 0 318 0 3811 1980-08-29 
334 0 102 0 2736 1980-08-29 
495 0 225 0 594 1980-08-29 
86 0 260 0 1674 1980-08-29 
102 0 225 0 6644 1980-08-29 
188 0 444 0 1536 1980-08-29 
260 0 260 0 534 1980-08-29 
318 0 495 0 9986 1980-08-29 
334 0 102 0 936 1980-08-30 
16 0 188 0 8235 1980-08-30 
116 0 334 0 775 1980-08-30 
188 0 334 0 5542 1980-08-30 
102 0 225 0 7781 1980-08-31 
16 0 188 0 2703 1980-08-31 
116 0 318 0 3054 1980-08-31 
165 0 102 0 7043 1980-08-31 
495 0 225 0 2923 1980-08-31 
225 0 102 0 370 1980-09-01 
495 0 225 0 5041 1980-09-01 
16 0 188 0 3309 1980-09-01 
444 0 102 0 3645 1980-09-01 
495 0 225 0 5548 1980-09-01 
116 0 444 0 8449 1980-09-02 
165 0 102 0 740 1980-09-02 
225 0 102 0 5638 1980-09-02 
334 0 102 0 2000 1980-09-02 
165 0 102 0 5726 1980-09-02 
225 0 102 0 655 1980-09-02 
495 0 225 0 6966 1980-09-02 
16 0 188 0 4796 1980-09-03 
495 0 225 0 3932 1980-09-03 
16 0 188 0 1364 1980-09-03 
102 0 225 0 3694 1980-09-04 
225 0 102 0 4579 1980-09-04 
495 0 225 0 2175 1980-09-04 
116 0 444 0 3389 1980-09-05 
165 0 102 0 3397 1980-09-05 
495 0 225 0 1989 1980-09-05 
86 0 260 0 6397 1980-09-05 
102 0 225 0 6609 1980-09-05 
116 0 318 0 80 1980-09-05 
225 0 102 0 6173 1980-09-05 
260 0 260 0 8436 1980-09-05 
86 0 260 0 868 1980-09-06 
188 0 444 0 205 1980-09-06 
444 0 102 0 1584 1980-09-06 
102 0 225 0 9331 1980-09-06 
16 0 188 0 2696 1980-09-07 
165 0 102 0 5988 1980-09-07 
188 0 318 0 8576 1980-09-07 
188 0 444 0 661 1980-09-07 
260 0 260 0 5030 1980-09-07 
102 0 225 0 6979 1980-09-08 
116 0 334 0 9442 1980-09-08 
318 0 495 0 2815 1980-09-08 
444 0 102 0 4715 1980-09-08 
16 0 188 0 9233 1980-09-09 
444 0 102 0 4382 1980-09-09 
16 0 188 0 2623 1980-09-09 
495 0 225 0 791 1980-09-09 
16 0 188 0 5595 1980-09-10 
116 0 334 0 2053 1980-09-10 
495 0 225 0 7412 1980-09-10 
102 0 225 0 7367 1980-09-10 
165 0 102 0 3800 1980-09-10 
116 0 318 0 48 1980-09-11 
495 0 225 0 6023 1980-09-11 
16 0 188 0 8677 1980-09-11 
102 0 225 0 3227 1980-09-11 
116 0 444 0 7744 1980-09-11 
495 0 225 0 1786 1980-09-11 
225 0 102 0 7736 1980-09-12 
188 0 318 0 3631 1980-09-12 
102 0 225 0 1612 1980-09-13 
86 0 260 0 2711 1980-09-13 
188 0 318 0 6139 1980-09-13 
334 0 102 0 2628 1980-09-13 
495 0 225 0 8180 1980-09-13 
188 0 334 0 8617 1980-09-14 
225 0 102 0 4448 1980-09-14 
318 0 495 0 10004 1980-09-14 
16 0 188 0 810 1980-09-14 
188 0 165 0 7970 1980-09-14 
86 0 260 0 2857 1980-09-15 
260 0 260 0 1185 1980-09-15 
495 0 225 0 9433 1980-09-15 
16 0 188 0 8809 1980-09-15 
102 0 225 0 6126 1980-09-15 
165 0 102 0 1914 1980-09-15 
495 0 225 0 5345 1980-09-15 
444 0 102 0 7760 1980-09-16 
495 0 225 0 7211 1980-09-16 
16 0 188 0 3169 1980-09-16 
260 0 260 0 650 1980-09-16 
495 0 225 0 4958 1980-09-16 
102 0 225 0 3895 1980-09-17 
188 0 444 0 4026 1980-09-17 
260 0 260 0 7819 1980-09-17 
102 0 225 0 553 1980-09-17 
116 0 165 0 8152 1980-09-17 
334 0 102 0 7358 1980-09-17 
444 0 102 0 3704 1980-09-17 
495 0 225 0 9415 1980-09-17 
16 0 188 0 4321 1980-09-18 
102 0 225 0 7081 1980-09-18 
116 0 165 0 8086 1980-09-18 
260 0 260 0 5914 1980-09-18 
495 0 225 0 3237 1980-09-18 
16 0 188 0 1791 1980-09-19 
86 0 260 0 8645 1980-09-19 
102 0 225 0 610 1980-09-19 
165 0 102 0 9699 1980-09-19 
495 0 225 0 4853 1980-09-19 
102 0 225 0 1746 1980-09-19 
495 0 225 0 3595 1980-09-19 
260 0 260 0 6895 1980-09-20 
495 0 225 0 5847 1980-09-20 
116 0 318 0 1241 1980-09-20 
165 0 102 0 8066 1980-09-20 
188 0 334 0 2902 1980-09-20 
260 0 260 0 6273 1980-09-20 
334 0 102 0 4529 1980-09-21 
495 0 225 0 8782 1980-09-21 
188 0 318 0 2228 1980-09-21 
165 0 102 0 5648 1980-09-22 
102 0 225 0 2172 1980-09-22 
165 0 102 0 8948 1980-09-22 
334 0 102 0 9667 1980-09-22 
102 0 225 0 2615 1980-09-23 
188 0 444 0 2516 1980-09-23 
334 0 102 0 8228 1980-09-23 
86 0 260 0 4459 1980-09-23 
102 0 225 0 1656 1980-09-23 
495 0 225 0 9613 1980-09-23 
16 0 188 0 1161 1980-09-24 
102 0 225 0 1961 1980-09-24 
165 0 102 0 6018 1980-09-24 
188 0 318 0 9579 1980-09-24 
495 0 225 0 8571 1980-09-24 
16 0 188 0 7399 1980-09-25 
188 0 444 0 7496 1980-09-25 
225 0 102 0 6869 1980-09-25 
16 0 188 0 5447 1980-09-25 
260 0 260 0 8246 1980-09-25 
444 0 102 0 9692 1980-09-25 
495 0 225 0 4113 1980-09-25 
116 0 165 0 4186 1980-09-26 
334 0 102 0 7958 1980-09-26 
444 0 102 0 2929 1980-09-26 
334 0 102 0 5396 1980-09-26 
444 0 102 0 9612 1980-09-26 
116 0 444 0 1249 1980-09-27 
334 0 102 0 5712 1980-09-27 
86 0 260 0 5111 1980-09-28 
188 0 165 0 7550 1980-09-28 
86 0 260 0 6425 1980-09-28 
165 0 102 0 5712 1980-09-28 
116 0 165 0 4373 1980-09-29 
334 0 102 0 2848 1980-09-29 
495 0 225 0 8748 1980-09-29 
188 0 318 0 416 1980-09-30 
444 0 102 0 2611 1980-09-30 
102 0 225 0 1934 1980-09-30 
116 0 318 0 6273 1980-09-30 
334 0 102 0 4168 1980-09-30 
16 0 188 0 2809 1980-10-01 
86 0 260 0 2697 1980-10-01 
116 0 444 0 432 1980-10-01 
165 0 102 0 9305 1980-10-01 
495 0 225 0 2022 1980-10-02 
86 0 260 0 1533 1980-10-02 
116 0 165 0 4423 1980-10-02 
165 0 102 0 6327 1980-10-02 
86 0 260 0 8413 1980-10-03 
225 0 102 0 4892 1980-10-03 
260 0 260 0 2053 1980-10-03 
165 0 102 0 3639 1980-10-03 
102 0 225 0 6273 1980-10-04 
116 0 165 0 680 1980-10-04 
334 0 102 0 7539 1980-10-04 
102 0 225 0 3205 1980-10-04 
16 0 188 0 1651 1980-10-05 
86 0 260 0 2496 1980-10-05 
188 0 318 0 9510 1980-10-05 
225 0 102 0 9121 1980-10-05 
102 0 225 0 2066 1980-10-05 
444 0 102 0 5095 1980-10-05 
102 0 225 0 185 1980-10-06 
260 0 260 0 301 1980-10-06 
318 0 495 0 6508 1980-10-06 
444 0 102 0 7991 1980-10-06 
16 0 188 0 784 1980-10-06 
102 0 225 0 8725 1980-10-06 
86 0 260 0 2125 1980-10-07 
102 0 225 0 8467 1980-10-07 
495 0 225 0 2021 1980-10-07 
16 0 188 0 7495 1980-10-07 
86 0 260 0 1592 1980-10-07 
188 0 165 0 9478 1980-10-07 
495 0 225 0 8430 1980-10-07 
86 0 260 0 6555 1980-10-08 
102 0 225 0 2335 1980-10-08 
16 0 188 0 1376 1980-10-08 
102 0 225 0 1828 1980-10-08 
165 0 102 0 8552 1980-10-08 
188 0 334 0 9058 1980-10-08 
334 0 102 0 2901 1980-10-08 
16 0 188 0 6263 1980-10-09 
102 0 225 0 8934 1980-10-09 
260 0 260 0 9695 1980-10-09 
444 0 102 0 1192 1980-10-09 
260 0 260 0 5351 1980-10-09 
318 0 495 0 7473 1980-10-09 
188 0 318 0 8172 1980-10-10 
495 0 225 0 1177 1980-10-10 
86 0 260 0 8685 1980-10-10 
102 0 225 0 4015 1980-10-10 
116 0 318 0 3913 1980-10-10 
165 0 102 0 1485 1980-10-10 
495 0 225 0 1431 1980-10-10 
116 0 318 0 8051 1980-10-11 
495 0 225 0 2657 1980-10-11 
102 0 225 0 3826 1980-10-12 
334 0 102 0 5982 1980-10-12 
225 0 102 0 8139 1980-10-12 
260 0 260 0 1522 1980-10-12 
444 0 102 0 4989 1980-10-12 
86 0 260 0 5927 1980-10-13 
188 0 165 0 2778 1980-10-13 
16 0 188 0 6464 1980-10-13 
102 0 225 0 1734 1980-10-13 
116 0 334 0 9667 1980-10-13 
102 0 225 0 7175 1980-10-14 
188 0 444 0 613 1980-10-14 
495 0 225 0 447 1980-10-14 
16 0 188 0 4378 1980-10-15 
86 0 260 0 4814 1980-10-15 
260 0 260 0 3211 1980-10-15 
495 0 225 0 7686 1980-10-15 
16 0 188 0 5150 1980-10-15 
116 0 165 0 4542 1980-10-15 
165 0 102 0 3394 1980-10-15 
188 0 444 0 2143 1980-10-15 
16 0 188 0 4182 1980-10-16 
86 0 260 0 4823 1980-10-16 
260 0 260 0 5737 1980-10-16 
102 0 225 0 4783 1980-10-16 
116 0 318 0 4607 1980-10-16 
165 0 102 0 2669 1980-10-16 
495 0 225 0 7218 1980-10-16 
116 0 334 0 390 1980-10-17 
165 0 102 0 5546 1980-10-17 
318 0 495 0 3001 1980-10-17 
16 0 188 0 6506 1980-10-17 
86 0 260 0 7178 1980-10-17 
444 0 102 0 1588 1980-10-17 
16 0 188 0 9630 1980-10-18 
116 0 334 0 7685 1980-10-18 
188 0 334 0 1899 1980-10-18 
225 0 102 0 3989 1980-10-18 
260 0 260 0 6822 1980-10-18 
495 0 225 0 9408 1980-10-18 
86 0 260 0 6215 1980-10-18 
16 0 188 0 8619 1980-10-19 
188 0 318 0 2724 1980-10-19 
16 0 188 0 947 1980-10-19 
86 0 260 0 839 1980-10-19 
116 0 334 0 6584 1980-10-19 
188 0 318 0 8809 1980-10-19 
225 0 102 0 3891 1980-10-19 
260 0 260 0 6696 1980-10-19 
334 0 102 0 9091 1980-10-19 
495 0 225 0 3731 1980-10-19 
102 0 225 0 9121 1980-10-20 
116 0 318 0 4360 1980-10-20 
225 0 102 0 609 1980-10-20 
260 0 260 0 699 1980-10-20 
444 0 102 0 1735 1980-10-20 
16 0 188 0 3975 1980-10-20 
86 0 260 0 3689 1980-10-21 
188 0 318 0 8926 1980-10-21 
495 0 225 0 8028 1980-10-21 
16 0 188 0 471 1980-10-21 
86 0 260 0 2187 1980-10-21 
334 0 102 0 7057 1980-10-21 
495 0 225 0 6953 1980-10-21 
16 0 188 0 5703 1980-10-22 
116 0 318 0 1615 1980-10-22 
165 0 102 0 1514 1980-10-22 
102 0 225 0 9280 1980-10-23 
116 0 334 0 5187 1980-10-23 
165 0 102 0 9485 1980-10-23 
225 0 102 0 1472 1980-10-23 
16 0 188 0 8307 1980-10-23 
495 0 225 0 5497 1980-10-23 
116 0 334 0 4335 1980-10-24 
225 0 102 0 776 1980-10-24 
334 0 102 0 7771 1980-10-24 
495 0 225 0 2694 1980-10-24 
444 0 102 0 7985 1980-10-24 
116 0 334 0 2468 1980-10-25 
318 0 495 0 7848 1980-10-25 
444 0 102 0 7740 1980-10-25 
495 0 225 0 3744 1980-10-25 
116 0 318 0 1731 1980-10-25 
188 0 334 0 2250 1980-10-25 
225 0 102 0 2277 1980-10-25 
334 0 102 0 6791 1980-10-25 
495 0 225 0 8233 1980-10-25 
102 0 225 0 8027 1980-10-26 
495 0 225 0 664 1980-10-26 
188 0 334 0 324 1980-10-27 
188 0 444 0 1381 1980-10-27 
495 0 225 0 2876 1980-10-27 
16 0 188 0 3199 1980-10-28 
188 0 334 0 1640 1980-10-28 
318 0 495 0 2413 1980-10-28 
444 0 102 0 4254 1980-10-28 
16 0 188 0 3929 1980-10-29 
188 0 444 0 4686 1980-10-29 
318 0 495 0 1485 1980-10-29 
102 0 225 0 1469 1980-10-29 
188 0 318 0 1777 1980-10-29 
444 0 102 0 5738 1980-10-29 
16 0 188 0 5889 1980-10-30 
225 0 102 0 4291 1980-10-30 
16 0 188 0 339 1980-10-30 
102 0 225 0 4901 1980-10-31 
188 0 334 0 6998 1980-10-31 
16 0 188 0 2522 1980-10-31 
102 0 225 0 609 1980-10-31 
116 0 334 0 2732 1980-10-31 
260 0 260 0 1889 1980-11-01 
495 0 225 0 8235 1980-11-01 
116 0 444 0 2671 1980-11-02 
165 0 102 0 4984 1980-11-02 
444 0 102 0 7870 1980-11-02 
495 0 225 0 1630 1980-11-02 
116 0 165 0 8184 1980-11-02 
188 0 318 0 4616 1980-11-02 
16 0 188 0 7125 1980-11-03 
334 0 102 0 6670 1980-11-03 
444 0 102 0 8921 1980-11-03 
495 0 225 0 8524 1980-11-03 
16 0 188 0 886 1980-11-03 
102 0 225 0 5972 1980-11-03 
188 0 444 0 162 1980-11-03 
16 0 188 0 9505 1980-11-04 
165 0 102 0 3152 1980-11-04 
188 0 444 0 956 1980-11-04 
225 0 102 0 180 1980-11-04 
16 0 188 0 1915 1980-11-04 
188 0 334 0 703 1980-11-04 
16 0 188 0 3754 1980-11-05 
116 0 165 0 4095 1980-11-05 
165 0 102 0 5297 1980-11-05 
102 0 225 0 9980 1980-11-05 
116 0 318 0 1957 1980-11-05 
165 0 102 0 3958 1980-11-05 
225 0 102 0 1080 1980-11-05 
334 0 102 0 5833 1980-11-05 
102 0 225 0 5597 1980-11-06 
16 0 188 0 1054 1980-11-06 
165 0 102 0 9667 1980-11-06 
188 0 165 0 2081 1980-11-06 
116 0 444 0 2770 1980-11-07 
165 0 102 0 5061 1980-11-07 
116 0 334 0 1031 1980-11-07 
260 0 260 0 2505 1980-11-07 
102 0 225 0 5992 1980-11-08 
188 0 334 0 671 1980-11-08 
260 0 260 0 9852 1980-11-08 
334 0 102 0 1542 1980-11-08 
16 0 188 0 5638 1980-11-08 
116 0 318 0 4112 1980-11-08 
495 0 225 0 9317 1980-11-08 
102 0 225 0 8256 1980-11-09 
16 0 188 0 4796 1980-11-09 
86 0 260 0 392 1980-11-09 
102 0 225 0 8374 1980-11-09 
116 0 165 0 198 1980-11-10 
495 0 225 0 2566 1980-11-10 
116 0 334 0 2519 1980-11-10 
495 0 225 0 7064 1980-11-10 
318 0 495 0 7629 1980-11-11 
16 0 188 0 7859 1980-11-11 
188 0 334 0 7151 1980-11-11 
495 0 225 0 6853 1980-11-11 
116 0 444 0 5129 1980-11-12 
188 0 444 0 8392 1980-11-12 
225 0 102 0 1381 1980-11-12 
495 0 225 0 7671 1980-11-12 
225 0 102 0 6571 1980-11-12 
116 0 334 0 1920 1980-11-13 
495 0 225 0 9631 1980-11-13 
102 0 225 0 2216 1980-11-13 
165 0 102 0 2151 1980-11-13 
495 0 225 0 1675 1980-11-13 
444 0 102 0 9842 1980-11-14 
16 0 188 0 2277 1980-11-14 
86 0 260 0 3896 1980-11-14 
102 0 225 0 244 1980-11-15 
116 0 165 0 3238 1980-11-15 
225 0 102 0 959 1980-11-15 
334 0 102 0 2562 1980-11-15 
495 0 225 0 4063 1980-11-15 
116 0 318 0 7543 1980-11-16 
116 0 334 0 8916 1980-11-16 
444 0 102 0 8413 1980-11-16 
102 0 225 0 282 1980-11-17 
116 0 444 0 4819 1980-11-17 
334 0 102 0 504 1980-11-17 
495 0 225 0 3291 1980-11-17 
102 0 225 0 4113 1980-11-17 
16 0 188 0 1787 1980-11-18 
102 0 225 0 3396 1980-11-18 
116 0 334 0 9595 1980-11-18 
86 0 260 0 9355 1980-11-18 
225 0 102 0 6765 1980-11-18 
16 0 188 0 5714 1980-11-19 
102 0 225 0 9511 1980-11-19 
165 0 102 0 2931 1980-11-19 
86 0 260 0 2431 1980-11-19 
102 0 225 0 7186 1980-11-19 
116 0 165 0 6913 1980-11-19 
188 0 318 0 5537 1980-11-19 
260 0 260 0 8832 1980-11-19 
188 0 334 0 1171 1980-11-20 
495 0 225 0 6226 1980-11-20 
16 0 188 0 6669 1980-11-20 
444 0 102 0 5283 1980-11-20 
86 0 260 0 7183 1980-11-21 
102 0 225 0 1683 1980-11-21 
318 0 495 0 9302 1980-11-21 
495 0 225 0 8801 1980-11-21 
86 0 260 0 1449 1980-11-21 
495 0 225 0 2686 1980-11-21 
16 0 188 0 6243 1980-11-22 
102 0 225 0 5003 1980-11-22 
116 0 444 0 7077 1980-11-22 
444 0 102 0 4019 1980-11-22 
16 0 188 0 100 1980-11-22 
116 0 165 0 5251 1980-11-22 
495 0 225 0 7274 1980-11-22 
16 0 188 0 7657 1980-11-23 
116 0 334 0 1265 1980-11-23 
225 0 102 0 1344 1980-11-23 
495 0 225 0 9976 1980-11-23 
16 0 188 0 9282 1980-11-23 
102 0 225 0 927 1980-11-23 
165 0 102 0 917 1980-11-23 
495 0 225 0 1668 1980-11-23 
102 0 225 0 8899 1980-11-24 
116 0 444 0 393 1980-11-24 
188 0 444 0 3820 1980-11-24 
116 0 165 0 7628 1980-11-24 
86 0 260 0 8664 1980-11-25 
102 0 225 0 7330 1980-11-25 
116 0 165 0 2025 1980-11-25 
16 0 188 0 7200 1980-11-26 
102 0 225 0 2269 1980-11-26 
188 0 444 0 1306 1980-11-26 
318 0 495 0 1309 1980-11-26 
334 0 102 0 2529 1980-11-26 
495 0 225 0 8872 1980-11-26 
334 0 102 0 273 1980-11-27 
116 0 165 0 2825 1980-11-27 
188 0 444 0 8897 1980-11-27 
334 0 102 0 9340 1980-11-27 
86 0 260 0 9528 1980-11-28 
116 0 318 0 6323 1980-11-28 
444 0 102 0 4316 1980-11-28 
188 0 318 0 6951 1980-11-29 
225 0 102 0 677 1980-11-29 
334 0 102 0 6686 1980-11-29 
334 0 102 0 57 1980-11-29 
495 0 225 0 5876 1980-11-29 
225 0 102 0 5655 1980-11-30 
334 0 102 0 687 1980-11-30 
444 0 102 0 928 1980-11-30 
16 0 188 0 7008 1980-11-30 
165 0 102 0 1348 1980-11-30 
318 0 495 0 415 1980-11-30 
444 0 102 0 4833 1980-11-30 
495 0 225 0 9059 1980-11-30 
16 0 188 0 6618 1980-12-01 
102 0 225 0 4192 1980-12-01 
225 0 102 0 9096 1980-12-01 
444 0 102 0 7253 1980-12-01 
102 0 225 0 8506 1980-12-01 
116 0 444 0 2961 1980-12-01 
165 0 102 0 1851 1980-12-01 
188 0 165 0 6245 1980-12-01 
444 0 102 0 4546 1980-12-02 
116 0 318 0 6820 1980-12-02 
188 0 444 0 7925 1980-12-02 
225 0 102 0 9236 1980-12-02 
444 0 102 0 8008 1980-12-02 
16 0 188 0 2288 1980-12-03 
444 0 102 0 2045 1980-12-03 
188 0 318 0 2068 1980-12-03 
225 0 102 0 5957 1980-12-03 
444 0 102 0 5749 1980-12-03 
102 0 225 0 8624 1980-12-04 
225 0 102 0 8344 1980-12-04 
495 0 225 0 5244 1980-12-04 
188 0 334 0 9951 1980-12-05 
444 0 102 0 3146 1980-12-05 
495 0 225 0 9779 1980-12-05 
102 0 225 0 351 1980-12-06 
165 0 102 0 4398 1980-12-06 
16 0 188 0 9821 1980-12-06 
188 0 444 0 4651 1980-12-06 
318 0 495 0 6216 1980-12-06 
495 0 225 0 7970 1980-12-06 
86 0 260 0 2456 1980-12-07 
116 0 318 0 6576 1980-12-07 
188 0 334 0 5109 1980-12-07 
188 0 444 0 8303 1980-12-07 
444 0 102 0 3440 1980-12-07 
495 0 225 0 1224 1980-12-08 
102 0 225 0 1557 1980-12-08 
188 0 334 0 1994 1980-12-08 
318 0 495 0 9049 1980-12-08 
86 0 260 0 6818 1980-12-09 
188 0 165 0 8820 1980-12-09 
225 0 102 0 338 1980-12-09 
495 0 225 0 188 1980-12-09 
102 0 225 0 4726 1980-12-09 
260 0 260 0 105 1980-12-10 
495 0 225 0 9231 1980-12-10 
16 0 188 0 9200 1980-12-10 
86 0 260 0 7578 1980-12-10 
165 0 102 0 6949 1980-12-10 
188 0 318 0 8815 1980-12-10 
102 0 225 0 2815 1980-12-11 
334 0 102 0 685 1980-12-11 
165 0 102 0 371 1980-12-11 
225 0 102 0 2734 1980-12-11 
116 0 334 0 696 1980-12-12 
165 0 102 0 6393 1980-12-12 
444 0 102 0 4811 1980-12-12 
444 0 102 0 614 1980-12-12 
16 0 188 0 3605 1980-12-13 
102 0 225 0 3618 1980-12-13 
116 0 165 0 7311 1980-12-13 
188 0 318 0 58 1980-12-13 
225 0 102 0 1532 1980-12-13 
16 0 188 0 2684 1980-12-13 
102 0 225 0 103 1980-12-13 
116 0 318 0 3691 1980-12-13 
188 0 165 0 2836 1980-12-13 
16 0 188 0 6526 1980-12-14 
86 0 260 0 5657 1980-12-14 
165 0 102 0 4514 1980-12-14 
260 0 260 0 7981 1980-12-14 
334 0 102 0 755 1980-12-14 
495 0 225 0 7101 1980-12-14 
165 0 102 0 7420 1980-12-15 
188 0 444 0 8357 1980-12-15 
260 0 260 0 7070 1980-12-15 
495 0 225 0 2882 1980-12-15 
86 0 260 0 6537 1980-12-15 
102 0 225 0 4113 1980-12-15 
165 0 102 0 1169 1980-12-15 
444 0 102 0 4721 1980-12-15 
16 0 188 0 4685 1980-12-16 
102 0 225 0 2784 1980-12-16 
188 0 444 0 6773 1980-12-16 
495 0 225 0 3063 1980-12-16 
225 0 102 0 2287 1980-12-16 
102 0 225 0 7051 1980-12-17 
116 0 444 0 4090 1980-12-17 
165 0 102 0 6624 1980-12-17 
165 0 102 0 3138 1980-12-17 
188 0 318 0 7726 1980-12-18 
102 0 225 0 547 1980-12-18 
116 0 334 0 7112 1980-12-18 
16 0 188 0 2540 1980-12-19 
188 0 334 0 5365 1980-12-19 
116 0 334 0 4648 1980-12-19 
495 0 225 0 4380 1980-12-19 
16 0 188 0 7546 1980-12-20 
102 0 225 0 2993 1980-12-20 
116 0 165 0 3154 1980-12-20 
188 0 334 0 9130 1980-12-20 
16 0 188 0 7817 1980-12-20 
495 0 225 0 6171 1980-12-20 
102 0 225 0 1021 1980-12-21 
188 0 444 0 2316 1980-12-21 
444 0 102 0 7150 1980-12-21 
260 0 260 0 9636 1980-12-22 
318 0 495 0 5322 1980-12-22 
334 0 102 0 4472 1980-12-22 
16 0 188 0 7778 1980-12-23 
86 0 260 0 8590 1980-12-23 
165 0 102 0 4053 1980-12-23 
334 0 102 0 3936 1980-12-23 
495 0 225 0 4113 1980-12-23 
188 0 334 0 2376 1980-12-23 
102 0 225 0 1523 1980-12-24 
188 0 334 0 9937 1980-12-24 
495 0 225 0 8344 1980-12-24 
444 0 102 0 2419 1980-12-25 
188 0 334 0 415 1980-12-25 
495 0 225 0 6705 1980-12-25 
16 0 188 0 1672 1980-12-26 
116 0 318 0 7244 1980-12-26 
260 0 260 0 2071 1980-12-26 
102 0 225 0 7984 1980-12-27 
188 0 444 0 1341 1980-12-27 
318 0 495 0 9465 1980-12-27 
495 0 225 0 6044 1980-12-27 
16 0 188 0 6542 1980-12-28 
102 0 225 0 4089 1980-12-28 
116 0 444 0 221 1980-12-28 
188 0 318 0 9631 1980-12-28 
495 0 225 0 1635 1980-12-28 
16 0 188 0 8253 1980-12-28 
102 0 225 0 3985 1980-12-28 
116 0 444 0 9486 1980-12-28 
334 0 102 0 2893 1980-12-28 
102 0 225 0 9248 1980-12-29 
116 0 165 0 4854 1980-12-29 
334 0 102 0 134 1980-12-29 
16 0 188 0 7815 1980-12-29 
188 0 165 0 6363 1980-12-29 
225 0 102 0 8471 1980-12-29 
334 0 102 0 951 1980-12-29 
444 0 102 0 3164 1980-12-29 
116 0 334 0 8808 1980-12-30 
444 0 102 0 613 1980-12-30 
495 0 225 0 1340 1980-12-30 
188 0 444 0 2060 1980-12-30 
334 0 102 0 4961 1980-12-30 
260 0 260 0 7013 1980-12-31 
495 0 225 0 4825 1980-12-31 
16 0 188 0 3959 1980-12-31 
86 0 260 0 6803 1980-12-31 
116 0 318 0 2064 1980-12-31 
188 0 334 0 2281 1980-12-31 
