# X	Y	Color
0.0	0.0	0
1.0	0.0	1
2.0	0.0	2
3.0	0.0	3
4.0	0.0	4
5.0	0.0	5
6.0	0.0	6
7.0	0.0	7
8.0	0.0	8
9.0	0.0	9

0.0	1.0	10
1.0	1.0	11
2.0	1.0	12
3.0	1.0	13
4.0	1.0	14
5.0	1.0	15
6.0	1.0	16
7.0	1.0	17
8.0	1.0	18
9.0	1.0	19

0.0	2.0	20
1.0	2.0	21
2.0	2.0	22
3.0	2.0	23
4.0	2.0	24
5.0	2.0	25
6.0	2.0	26
7.0	2.0	27
8.0	2.0	28
9.0	2.0	29

0.0	3.0	30
1.0	3.0	31
2.0	3.0	32
3.0	3.0	33
4.0	3.0	34
5.0	3.0	35
6.0	3.0	36
7.0	3.0	37
8.0	3.0	38
9.0	3.0	39

0.0	4.0	40
1.0	4.0	41
2.0	4.0	42
3.0	4.0	43
4.0	4.0	44
5.0	4.0	45
6.0	4.0	46
7.0	4.0	47
8.0	4.0	48
9.0	4.0	49

0.0	5.0	50
1.0	5.0	51
2.0	5.0	52
3.0	5.0	53
4.0	5.0	54
5.0	5.0	55
6.0	5.0	56
7.0	5.0	57
8.0	5.0	58
9.0	5.0	59

0.0	6.0	60
1.0	6.0	61
2.0	6.0	62
3.0	6.0	63
4.0	6.0	64
