930830	41.500	41.000	41.500	522.3	21.6755
930831	42.250	41.500	41.625	606	25.2248
930902	42.000	41.250	42.000	327.5	13.7550
930903	42.750	41.875	42.250	391	16.5197
930907	42.625	41.250	41.250	408.3	16.8424
930908	41.125	40.375	40.875	514.7	21.0384
930909	41.875	40.500	41.750	352.9	14.7336
930910	43.125	42.125	42.875	693.5	29.7338
930913	42.875	41.625	41.625	495.6	20.6293
930915	38.750	37.875	38.250	2698.5	103.2176
930920	38.750	38.250	38.375	538.6	20.6688
930921	38.250	37.250	37.625	688.4	25.9011
930922	38.375	37.500	37.750	852.4	32.1781
930923	38.375	37.625	38.250	331.9	12.6952
930924	38.750	38.125	38.125	381.7	14.5523
930927	38.625	38.250	38.375	240	9.2100
930928	38.625	37.875	38.125	387.2	14.7620
930930	37.000	36.625	36.750	369.4	13.5755
931001	37.250	36.250	36.250	749.9	27.1839
931004	37.000	36.500	36.875	467.9	17.2538
931011	38.750	37.875	38.500	425.2	16.3702
931012	39.125	38.625	38.875	544.2	21.1558
931013	38.250	36.750	36.750	1068.7	39.2747
931014	37.625	36.500	37.500	787.4	29.5275
931015	38.125	37.375	37.375	719.6	26.8951
931018	37.500	36.375	36.500	690.7	25.2106
931019	37.125	36.000	36.000	744.8	26.8128
931020	35.750	35.000	35.125	1489.9	52.3327
931021	36.250	34.875	35.875	1209.5	43.3908
931022	36.250	35.750	35.750	584.6	20.8995
931025	36.125	35.625	36.000	530.9	19.1124
931026	36.625	35.250	35.750	733.7	26.2298
931027	36.875	35.250	36.625	584.5	21.4073
931029	36.125	35.625	35.625	380.2	13.5446
931101	37.000	35.625	36.875	463.4	17.0879
931102	37.500	36.625	36.875	671.6	24.7653
931103	37.500	35.625	35.875	743.7	26.6802
931104	36.750	35.750	35.750	525.9	18.8009
931105	36.625	35.500	36.000	392.4	14.1264
931108	36.250	35.750	35.750	223.5	7.9901
931109	36.375	35.625	36.000	261.9	9.4284
931110	36.625	35.625	35.875	622.1	22.3178
931111	36.750	35.750	36.625	519.3	19.0194
931112	38.250	37.250	38.250	918.7	35.1403
931115	38.625	37.125	37.250	626.2	23.3259
931116	37.750	37.250	37.375	511.6	19.1211
931117	37.375	36.750	36.750	493.1	18.1214
931118	37.500	36.375	36.375	448.4	16.3105
931119	36.625	36.125	36.500	366.9	13.3918
931122	35.750	35.125	35.500	512	18.1760
931124	37.125	36.250	36.875	414.6	15.2884
931126	37.500	37.125	37.250	185.9	6.9248
931129	37.625	36.875	36.875	372.3	13.7286
931130	37.000	36.625	36.875	403.9	14.8938
931201	36.250	35.500	35.875	1605.4	57.5937
931202	36.875	35.875	36.875	748.4	27.5972
931203	36.875	36.125	36.500	358.4	13.0816
931206	36.375	35.750	36.125	448.6	16.2057
931208	36.125	35.500	35.500	892.5	31.6837
931209	35.500	35.000	35.125	484.4	17.0145
931210	35.875	34.750	35.750	514.8	18.4041
931213	36.125	35.375	35.625	401.8	14.3141
931214	35.875	35.125	35.125	331	11.6264
931215	35.625	35.250	35.500	293.1	10.4050
931216	35.875	35.375	35.375	266.4	9.4239
931217	35.500	35.250	35.375	604.7	21.3913
931220	35.625	35.125	35.375	889.5	31.4661
931221	35.625	35.125	35.375	625.5	22.1271
931222	35.500	34.875	35.250	609.6	21.4884
931223	35.125	34.625	35.000	528.2	18.4870
931224	35.125	34.625	35.000	528.2	18.4870
931229	35.125	34.625	35.000	528.2	18.4870
931230	35.125	34.625	35.000	528.2	18.4870
931231	35.125	34.625	35.000	528.2	18.4870
940104	34.750	34.375	34.750	680.7	23.6543
940105	37.500	35.125	37.000	2171.5	80.3455
940106	37.625	36.750	36.750	1092.2	0.0000
940110	37.000	36.000	37.000	778.3	28.7971
940124	31.375	30.250	30.750	3193.6	98.2032
940125	32.000	30.875	31.375	1734.6	54.4231
940126	31.625	30.625	31.250	781.1	24.4094
940127	31.250	30.375	30.625	1229.6	37.6565
940128	30.875	30.375	30.500	658.2	20.0751
940131	30.625	29.750	30.250	1370.1	41.4455
940202	30.125	29.625	29.875	677.3	0.0000
940203	30.000	29.250	29.250	944.8	27.6354
940204	29.875	28.875	29.125	769.6	22.4146
940208	30.625	30.000	30.000	1550.7	46.5210
940209	30.625	30.125	30.375	929.6	28.2366
940210	30.500	29.625	29.875	597	17.8354
940214	29.750	29.250	29.375	343.5	10.0903
940216	29.375	29.125	29.125	416.4	12.1276
940217	29.375	28.250	28.625	750.1	21.4716
940222	29.125	28.625	29.000	358.4	10.3936
940223	29.000	28.250	28.375	552.3	15.6715
940224	28.375	27.750	28.000	528.2	14.7896
940225	29.500	28.750	29.125	899.9	26.2096
940301	31.375	30.125	31.250	3637.8	113.6813
940303	31.625	30.875	31.500	1148.8	36.1872
940304	31.500	30.875	30.875	464.9	14.3538
940307	31.500	31.000	31.375	672	21.0840
940308	31.750	30.625	31.000	851.8	26.4058
940309	31.250	30.750	31.000	416.1	12.8991
940311	31.125	30.875	31.000	231.8	7.1858
940316	33.625	32.625	33.500	2157.5	72.2763
940318	33.375	32.750	32.875	1156.4	38.0166
940321	33.375	32.625	33.125	448	14.8400
940322	33.250	32.750	32.750	381.7	12.5007
940323	33.125	32.750	32.875	455.6	14.9779
940324	32.750	31.250	31.875	833.7	26.5742
940325	32.125	30.875	30.875	430.9	13.3040
940328	31.625	30.875	30.875	748.8	23.1192
940330	30.875	29.625	29.625	823.6	24.3991
940331	29.875	28.250	29.625	1234.2	36.5632
940405	30.000	29.000	29.750	990	29.4525
940406	30.875	29.375	29.875	630.8	18.8452
940407	29.750	29.125	29.250	579.7	16.9562
940408	29.250	28.500	28.625	839.5	24.0307
940411	30.250	28.875	30.250	1008.3	30.5011
940412	30.625	29.750	30.125	755.5	22.7594
940413	30.500	29.125	29.250	1015.8	29.7122
940414	29.125	28.500	28.875	993.8	28.6960
940415	25.250	22.750	22.875	5881.7	134.5439
940418	22.375	21.000	21.125	2871.4	60.6583
940419	21.875	21.125	21.250	2124	45.1350
940420	21.500	19.250	19.750	2390.7	47.2163
940421	20.250	18.250	19.250	4203.3	80.9135
940423	19.500	18.875	19.375	1166.6	22.6029
940425	19.500	18.750	19.250	909.7	17.5117
940426	20.375	19.375	20.125	1042.6	20.9823
940428	21.500	20.875	21.375	1764	37.7055
940429	22.125	20.875	21.000	1424.3	29.9103
940502	21.750	21.125	21.625	641.4	13.8703
940503	21.875	21.500	21.625	456.6	9.8740
940504	21.875	21.500	21.625	531.3	11.4894
940505	21.750	21.125	21.375	272.4	5.8225
940509	22.125	21.750	21.875	277.7	6.0747
940510	22.500	22.000	22.250	693.6	15.4326
940511	22.125	21.250	21.500	417.1	8.9677
940512	21.750	21.125	21.375	345.5	7.3851
940516	21.500	21.125	21.250	134.6	2.8603
940517	21.500	21.125	21.125	222.1	4.6919
940518	22.250	21.375	22.250	498.1	11.0827
940519	23.500	22.250	23.000	1190.3	27.3769
940520	23.250	22.875	23.000	686.6	15.7918
940523	23.000	22.750	22.875	360.8	8.2533
940524	23.750	23.000	23.250	829.4	19.2836
940525	24.250	23.000	23.500	823.7	19.3570
940526	23.625	22.875	23.375	593.5	13.8731
940527	23.125	22.625	22.875	595.2	13.6152
940531	22.750	21.375	22.125	941.4	20.8285
940601	21.625	21.125	21.375	2754.2	58.8710
940602	21.750	21.250	21.500	892.2	19.1823
940603	21.500	20.250	20.875	1373.8	28.6781
940606	21.125	20.125	21.000	996.3	20.9223
940607	21.500	21.000	21.000	476.9	10.0149
940609	20.875	20.125	20.500	511.6	10.4878
940613	20.500	19.625	20.125	563.8	11.3465
940614	20.250	19.625	19.875	970.9	19.2966
940615	19.750	19.375	19.625	924.1	18.1355
940616	20.125	19.375	20.125	837.4	16.8527
940617	19.875	19.500	19.750	926.1	18.2905
940620	19.375	19.125	19.250	668.3	12.8648
940621	19.750	19.250	19.375	591.6	11.4622
940622	20.250	19.625	20.125	615.6	12.3889
940623	20.750	20.250	20.375	596.5	12.1537
940624	20.250	19.750	19.875	580.8	11.5434
940627	20.000	19.625	19.875	502.5	9.9872
940629	19.875	19.375	19.625	636.9	12.4992
940630	19.750	19.375	19.500	343.4	6.6963
940705	19.750	19.250	19.250	504.7	9.7155
940706	19.625	19.000	19.000	453.8	8.6222
940707	19.500	19.000	19.500	478.6	9.3327
940708	19.625	19.250	19.500	386.1	7.5290
940711	19.625	19.250	19.500	286	5.5770
940712	21.000	19.375	21.000	574.1	12.0561
940713	21.750	20.250	21.375	1860.1	39.7596
940714	22.375	19.875	20.125	2377	47.8371
940715	20.375	19.875	20.000	906	18.1200
940718	20.500	19.875	20.000	814	16.2800
940719	19.875	19.750	19.875	472.6	9.3929
940720	19.750	19.250	19.375	624	12.0900
940721	19.875	19.375	19.625	634	12.4422
940722	20.125	19.250	19.375	1114.7	21.5973
940725	19.375	18.375	18.750	1521.6	28.5300
940726	20.250	19.250	19.750	2016.9	39.8338
940728	19.750	19.375	19.375	271.7	5.2642
940729	19.625	19.250	19.375	471.8	9.1411
940801	20.000	19.375	20.000	247.3	4.9460
940802	20.250	19.625	19.875	514.4	10.2237
940803	20.250	19.750	20.125	362.1	7.2873
940804	20.625	20.250	20.375	789	16.0759
940805	20.500	20.125	20.375	290.5	5.9189
940808	21.250	20.250	21.250	820.6	17.4378
940809	21.750	21.125	21.500	946.1	20.3411
940810	22.000	21.500	21.625	872.5	18.8678
940811	21.750	21.125	21.375	737.9	15.7726
940812	21.375	21.000	21.125	280.5	5.9256
940815	21.250	21.000	21.250	296.5	6.3006
940816	21.250	20.375	20.875	567.2	11.8403
940817	21.250	20.875	21.125	517.3	10.9280
940818	22.000	21.125	21.750	1373.2	29.8671
940819	22.625	21.875	22.500	1230.5	27.6863
940822	23.375	22.250	23.125	1774.6	41.0376
940823	23.500	22.625	22.875	1129	25.8259
940824	23.125	22.750	23.000	816.4	18.7772
940825	24.375	23.625	24.125	2908.8	70.1748
940826	24.875	24.250	24.875	3150.7	78.3737
940829	25.000	24.500	24.625	1425.9	35.1128
940830	25.500	24.375	25.250	1303.9	32.9235
940831	25.250	23.750	24.250	1287.3	31.2170
940901	24.375	23.500	24.250	614.1	14.8919
940902	24.625	23.875	24.125	626.6	15.1167
940906	24.000	23.625	24.000	384.6	9.2304
940907	24.375	23.875	24.125	709.8	17.1239
940908	25.000	24.250	24.750	1153	28.5368
940909	24.625	24.000	24.000	868.6	20.8464
940912	24.125	23.750	24.000	1324.6	31.7904
940913	24.750	24.375	24.625	758	18.6657
940914	24.875	24.625	24.625	503.3	12.3938
940916	25.000	24.750	25.000	873	21.8250
940919	26.625	25.125	26.125	3284.9	85.8180
940920	28.375	26.250	27.875	5044.1	140.6043
940921	29.125	28.250	29.000	5536.2	160.5498
940922	29.250	28.125	28.750	4012.6	115.3623
940923	27.500	25.875	25.875	4230.1	109.4538
940926	27.000	25.875	27.000	1552.3	41.9121
940927	27.000	26.625	26.875	909.1	24.4321
940928	27.250	26.750	26.750	911.9	24.3933
940929	27.500	26.500	26.500	1092.8	28.9592
940930	26.750	26.250	26.500	884.9	23.4499
941003	26.625	26.000	26.625	639.7	17.0320
941004	26.875	25.625	25.625	859.8	22.0324
941005	26.125	24.875	26.000	1345.4	34.9804
941006	26.375	25.625	25.625	575.4	14.7446
941007	26.500	25.500	26.125	763.9	19.9569
941010	28.125	26.500	27.875	2041.7	56.9124
941011	29.750	28.750	29.125	5519.2	160.7467
941012	29.250	28.500	28.750	2421.9	69.6296
941013	29.250	28.750	28.875	1415.7	40.8783
941014	28.875	28.375	28.625	549.8	15.7380
941017	28.625	28.250	28.500	385.6	10.9896
941018	29.625	28.875	29.375	1271.8	37.3591
941019	31.875	29.875	29.875	5150.9	153.8831
941020	31.750	30.750	31.500	2617.5	82.4513
941021	31.500	30.750	31.375	1363.6	42.7829
941024	31.250	30.375	30.375	946	28.7347
941025	30.000	29.000	29.875	1087.5	32.4891
941027	30.500	30.125	30.250	543.5	16.4409
941028	31.500	30.125	31.375	941.1	29.5270
941031	31.125	30.750	30.875	324.4	10.0159
941101	30.500	29.750	29.875	980.3	29.2865
941102	31.250	29.375	30.375	1021.9	31.0402
941103	31.250	30.750	30.750	810.3	24.9167
941104	31.125	30.375	30.375	516.8	15.6978
941107	30.250	29.875	30.000	455.3	13.6590
941108	30.875	30.000	30.875	532.3	16.4348
941114	32.750	31.125	32.750	1640.5	53.7264
941115	33.750	32.625	33.375	1998.2	66.6899
941116	36.000	34.125	36.000	4087.5	147.1500
941117	36.000	34.750	34.875	2260.2	78.8245
941118	35.375	34.750	35.125	1073.6	37.7102
941121	36.625	35.500	36.125	1978.7	71.4805
941122	35.750	33.500	34.000	1434.9	48.7866
941123	34.375	33.500	34.000	1745.1	59.3334
941125	34.250	33.625	34.000	422.1	14.3514
941128	35.375	33.500	35.250	1323.9	46.6675
941129	35.875	34.875	35.000	1091.5	38.2025
941130	35.000	33.875	33.875	1300.4	44.0510
941201	33.250	31.500	31.875	4287.8	136.6736
941202	33.500	31.875	33.375	1722.2	57.4784
941205	34.000	33.500	33.625	869	29.2201
941206	33.625	32.625	32.750	1150.9	37.6920
941207	32.625	32.125	32.500	830.4	26.9880
941208	32.750	31.875	32.250	1057.6	34.1076
941209	34.000	32.250	34.000	1167.9	39.7086
941212	34.125	32.750	33.875	1131.3	38.3228
941213	34.375	33.500	33.625	1284.9	43.2048
941214	34.875	34.125	34.875	1534.4	53.5122
941215	35.250	34.750	34.750	687	23.8732
941216	35.000	34.625	34.625	770.9	26.6924
941219	34.500	34.125	34.375	432.3	14.8603
941220	34.750	33.750	34.000	451.6	15.3544
941221	34.625	34.000	34.000	811	27.5740
941222	34.375	34.000	34.000	633.5	21.5390
941223	34.375	33.875	34.250	305.4	10.4599
941228	34.750	34.125	34.250	412	14.1110
941229	34.250	33.875	34.000	342.2	11.6348
941230	34.125	33.250	33.250	427.1	14.2011
950103	33.250	32.625	32.875	456.3	15.0009
950104	33.375	32.750	32.875	463.5	15.2376
950105	33.875	33.125	33.625	932.9	31.3688
950106	34.500	33.500	34.125	809.4	27.6208
950109	34.750	34.000	34.625	654.9	22.6759
950110	35.750	34.875	35.375	1247.3	44.1232
950111	35.375	34.250	34.500	757.9	26.1475
950112	35.000	34.250	34.875	443	15.4496
950113	35.250	34.875	35.250	521.1	18.3688
950116	36.875	35.125	36.250	1606.9	58.2501
950117	37.500	36.000	37.500	1451.2	54.4200
950118	38.750	36.250	36.750	3242.1	119.1472
950119	37.125	36.375	36.625	977	35.7826
950120	36.250	34.625	35.250	1687.6	59.4879
950123	34.750	34.000	34.250	993.5	34.0274
950124	34.500	33.500	33.750	1007.1	33.9896
950125	33.125	32.125	32.125	1626.9	52.2642
950126	32.875	31.875	32.000	1080.8	34.5856
950127	33.250	31.125	33.125	1347.4	44.6326
950130	33.625	32.750	32.875	1753	57.6299
950131	33.875	32.875	33.875	1173.9	39.7659
950201	34.750	34.000	34.500	985.7	34.0067
950202	35.500	34.750	35.250	889.4	31.3514
950203	36.125	35.375	35.750	1196.9	42.7892
950206	36.750	35.500	36.750	786.8	28.9149
950207	36.875	36.250	36.250	814.3	29.5184
950208	36.250	35.750	36.000	763.1	27.4716
950209	36.750	35.750	36.000	557.9	20.0844
950210	36.250	35.750	36.000	471.1	16.9596
950213	36.625	35.875	36.375	491.6	17.8819
950214	36.250	35.625	35.875	356.9	12.8038
950215	36.000	35.250	35.500	575.8	20.4409
950216	36.250	35.500	36.125	1004.0	36.2695
950217	35.875	35.125	35.500	521.7	18.5204
950221	35.375	34.875	35.000	595.3	20.8355
950222	35.000	34.500	34.750	570.1	19.8110
950223	34.875	33.875	34.000	612.2	20.8148
950224	34.250	33.625	33.625	591.9	19.9026
950227	33.500	32.375	32.375	1018.6	32.9772
950228	33.625	32.625	33.625	770	25.8912
950301	33.750	33.000	33.250	411.9	13.6957
950302	33.375	32.875	33.375	387	12.9161
950303	33.875	33.000	33.000	729.2	24.0636
950306	32.750	31.750	32.500	771.7	25.0802
950307	32.375	31.625	31.750	585	18.5738
950308	32.375	32.000	32.250	646.3	20.8432
950309	33.250	32.375	32.500	473.7	15.3953
950310	33.125	32.375	32.875	422.6	13.8930
950313	33.875	33.125	33.125	452.6	14.9924
950314	33.750	32.375	32.500	662	21.5150
950315	32.500	31.875	32.125	950.8	30.5444
950316	32.500	31.750	32.375	615.7	19.9333
950317	32.500	31.875	31.875	734.4	23.4090
950320	32.125	31.500	31.625	536.4	16.9636
950321	32.375	31.625	31.875	1049.7	33.4592
950322	32.125	31.750	32.000	624.9	19.9968
950323	32.625	31.875	32.250	577.5	18.6244
950324	35.375	32.500	35.250	2687.5	94.7344
950327	36.500	34.375	36.250	1542.1	55.9011
950328	38.000	35.750	37.875	2260.4	85.6127
950329	38.875	36.750	37.000	2752.5	101.8425
950330	37.250	36.250	36.750	1249.3	45.9118
950331	38.500	35.875	37.875	1581.6	59.9031
950403	38.750	37.375	38.750	994.9	38.5524
950404	39.375	38.375	38.625	1202	46.4273
950405	39.375	38.250	39.000	1117.5	43.5825
950406	39.625	38.875	38.875	967.8	37.6232
950407	41.000	39.250	40.750	2294.7	93.5090
950410	42.625	40.375	41.750	2523.8	105.3687
950411	42.500	41.500	41.500	1648.0	68.3920
950412	43.000	40.250	42.875	1711.4	73.3763
950413	45.375	42.625	45.125	3022.5	136.3903
950414	45.375	42.625	45.125	3022.5	136.3903
950417	46.750	45.000	46.125	3475.9	160.3259
950418	46.125	44.375	44.500	2393.2	106.4974
950419	44.500	42.250	42.875	2969.5	127.3173
950420	43.500	41.000	41.750	2273.2	94.9061
950421	45.250	41.375	45.000	2206.7	99.3015
950424	46.375	44.875	45.750	2382.9	109.0177
950425	45.875	44.625	45.125	1437.5	64.8672
950426	46.125	44.500	46.000	1044.4	48.0424
950427	46.375	45.500	46.125	824.1	38.0116
950428	46.250	45.625	46.125	782.0	36.0697
950501	46.000	44.500	44.750	589.2	26.3667
950502	44.625	43.750	44.000	1254.8	55.2112
950503	45.500	43.750	45.250	1129.5	51.1099
950504	45.625	44.250	44.375	1272.1	56.4494
950505	44.750	43.500	43.500	726.0	31.5810
950508	44.625	42.875	44.125	901.6	39.7831
950509	44.500	43.375	44.125	534.8	23.5981
950510	45.250	44.500	45.000	1093.9	49.2255
950511	45.500	44.875	45.375	995.8	45.1844
950512	45.500	44.750	45.375	1025.4	46.5275
950515	46.750	45.250	46.125	1468.9	67.7530
950516	47.750	45.625	47.000	1765.2	82.9644
950517	48.625	47.000	47.875	1622.8	77.6916
950518	48.875	46.750	46.750	1507.3	70.4663
950519	47.500	46.500	46.875	1085.5	50.8828
950522	49.375	47.000	48.875	1400.5	68.4494
950523	49.250	48.250	49.125	1133.3	55.6734
950524	49.500	47.500	47.750	1227.7	58.6227
950525	47.750	46.625	47.000	1016.7	47.7849
950526	46.875	45.750	45.750	873.4	39.9580
950530	46.375	44.250	44.625	1139.6	50.8546
950531	45.000	43.625	44.500	1862.7	82.8902
950601	46.125	45.125	45.750	2129.4	97.4201
950602	45.375	44.125	44.875	3131.3	140.5171
950605	45.750	44.125	44.125	1004.1	44.3059
950606	44.625	42.125	42.375	1980.7	83.9322
950607	42.625	41.375	42.125	2387.8	100.5861
950608	42.500	41.625	42.500	1072.7	45.5898
950609	43.250	42.375	42.500	1419.2	60.3160
950612	43.000	42.500	42.625	680.3	28.9978
950613	43.750	42.750	43.750	1428.8	62.5100
950614	45.625	43.625	45.250	2025.8	91.6675
950615	46.000	45.125	45.375	1324.7	60.1083
950616	45.500	44.625	44.875	1131.9	50.7940
950619	45.750	45.000	45.250	919.5	41.6074
950620	45.750	45.000	45.250	949.3	42.9558
950621	45.750	44.375	44.500	1052.7	46.8452
950622	44.375	42.250	42.250	2151.3	90.8924
950623	42.250	40.375	41.375	4278.8	177.0353
950626	41.250	40.250	40.500	1822.2	73.7991
950627	41.500	40.375	40.625	1818.2	73.8644
950628	40.250	39.625	40.000	2541.4	101.6560
950629	41.250	40.125	40.375	1191.3	48.0987
950630	40.875	40.375	40.750	856.0	34.8820
950703	40.875	40.375	40.750	856.2	34.8901
950704	40.875	40.375	40.750	856.2	34.8901
950705	40.875	40.375	40.750	856.2	34.8901
950706	40.125	39.000	39.625	2389.1	94.6681
950707	40.500	39.375	40.000	2311.8	92.4720
950708	40.875	40.375	40.750	856.2	34.8901
950710	41.000	39.875	40.125	2058.6	82.6013
950711	40.000	39.500	39.750	1045.4	41.5547
950712	40.250	39.125	39.500	1702.7	67.2567
950713	39.875	39.000	39.875	1196.0	47.6905
950714	40.000	39.000	39.375	1184.0	46.6200
950717	39.750	39.375	39.375	908.7	35.7801
950718	39.375	38.500	38.500	1544.1	59.4478
950719	38.250	35.125	36.125	2384.5	86.1401
950720	38.500	36.125	36.750	2652.6	97.4831
950721	36.875	35.625	36.000	2086.1	75.0996
950724	37.500	36.000	37.250	1371.3	51.0809
950725	39.125	37.625	38.750	2046.5	79.3019
950726	41.125	38.500	38.500	2977.1	114.6183
950727	39.875	39.000	39.750	1187.0	47.1833
950728	40.625	39.500	39.500	769.1	30.3795
950731	40.625	38.375	38.375	1171.2	44.9448
950801	40.875	38.562	40.375	2953.4	119.2435
950802	45.000	42.500	43.125	4471.4	192.8291
950803	44.875	42.375	43.875	3188.7	139.9042
950804	44.750	43.250	44.250	1627.7	72.0257
950807	44.375	41.750	41.875	1746.3	73.1263
950808	42.750	41.375	41.750	1747.5	72.9581
950809	42.625	41.375	41.500	1383.7	57.4236
950810	41.875	41.250	41.500	961.5	39.9023
950811	42.000	41.250	41.875	1326.4	55.5430
950814	43.125	42.125	43.125	1392.8	60.0645
950815	43.875	42.375	43.750	1465.9	64.1331
950816	44.375	43.375	43.875	1013.0	44.4454
950817	43.875	42.625	42.625	1022.3	43.5755
950818	43.125	41.875	42.000	1087.8	45.6876
950821	42.875	40.750	40.750	1432.0	58.3540
950822	41.500	40.500	41.500	1095.2	45.4508
950823	42.000	41.125	41.250	944.0	38.9400
950824	40.750	40.125	40.125	1030.0	41.3287
950825	40.375	39.625	39.625	685.6	27.1669
950828	39.500	39.000	39.125	821.3	32.1334
950829	39.125	37.750	39.125	1489.7	58.2845
950830	40.875	39.000	40.875	1695.4	69.2995
950831	41.750	40.625	41.750	1858.9	77.6091
950901	43.125	41.750	43.000	1737.3	74.7039
950904	43.125	41.750	43.000	1827.4	78.5782
950905	44.125	42.750	43.625	1712.0	74.6860
950906	44.750	43.625	43.750	2649.7	115.9244
950907	43.500	42.250	42.875	1855.5	79.5546
950908	43.375	42.250	43.250	682.5	29.5181
950911	44.000	42.375	42.750	725.5	31.0151
950912	42.625	41.625	41.875	948.6	39.7226
950913	43.750	41.875	43.500	1638.2	71.2617
950914	43.875	41.750	41.750	1217.7	50.8390
950915	41.500	39.750	40.125	2038.3	81.7868
950918	40.750	39.375	40.750	1541.7	62.8243
950919	41.500	40.250	41.375	1137.7	47.0723
950920	41.625	40.625	41.250	603.3	24.8861
950921	41.000	39.625	39.875	1480.2	59.0230
950922	39.750	38.625	38.875	1687.1	65.5860
950925	40.125	38.500	40.000	1042.6	41.7040
950926	41.250	40.375	40.750	1630.5	66.4429
950927	43.000	40.875	42.625	2113.7	90.0965
950928	44.875	42.625	44.750	3053.6	136.6486
950929	45.875	44.750	45.625	2555.8	116.6084
951002	46.375	44.625	45.250	1495.3	67.6623
951003	45.125	44.250	44.750	1008.6	45.1349
951004	44.250	43.750	44.000	840.5	36.9820
951005	44.875	43.000	44.500	1443.3	64.2268
951006	45.125	44.500	44.750	936.5	41.9084
951009	44.250	43.000	43.250	1150.7	49.7678
951010	43.500	40.750	43.000	1710.8	73.5644
951011	44.500	43.375	44.375	955.7	42.4092
951012	46.250	44.000	46.125	1426.2	65.7835
951013	49.375	48.125	49.375	4414.4	217.9610
951016	49.250	48.000	48.500	1445.7	70.1165
951017	49.875	48.000	49.750	2736.4	136.1359
951018	52.625	50.000	52.250	4461.1	233.0925
951019	55.250	51.625	54.875	3603.9	197.7640
951020	55.000	51.625	51.750	2598.9	134.4931
951023	54.625	51.750	52.500	2348.2	123.2805
951024	54.750	52.500	53.500	2566.5	137.3077
951025	54.125	52.625	53.625	1720.8	92.2779
951026	53.875	51.750	53.125	1327.4	70.5181
951027	54.000	52.625	53.500	1174.5	62.8357
951030	55.250	53.625	55.000	1373.6	75.5480
951031	56.250	53.875	54.000	1891.2	102.1248
951101	54.125	52.750	54.125	1175.1	63.6023
951102	56.625	54.500	55.875	1764.5	98.5914
951103	57.500	55.625	57.250	1410.6	80.7568
951106	58.500	57.125	57.125	1399.8	79.9636
951107	57.000	53.875	55.500	1930.3	107.1316
951108	56.625	55.125	55.375	1014.4	56.1724
951109	57.500	56.125	57.375	1170.5	67.1574
951110	59.875	57.375	58.250	2344.8	136.5846
951113	58.750	57.375	57.500	1210.9	69.6268
951114	57.375	53.750	53.750	2449.7	131.6714
951115	55.250	54.125	55.000	1369.7	75.3335
951116	55.000	54.125	54.750	1236.9	67.7203
951117	55.875	54.375	55.500	1429.8	79.3539
951120	55.750	54.125	54.625	937.5	51.2109
951121	54.250	52.375	53.750	1394.3	74.9436
951122	53.375	52.500	53.000	929.9	49.2847
951124	53.375	52.625	53.250	316.0	16.8270
951127	53.750	52.750	53.000	625.6	33.1568
951128	56.875	52.750	56.625	1356.5	76.8118
951129	59.625	57.750	59.250	2488.5	147.4436
951130	59.375	58.750	58.875	1094.7	64.4505
951201	58.750	57.750	57.875	1435.7	83.0911
951204	62.875	57.625	62.500	2798.0	174.8750
951205	64.750	62.750	63.625	2140.8	136.2084
951206	63.875	63.250	63.750	1825.2	116.3565
951207	63.625	62.250	62.500	1290.5	80.6562
951208	63.875	62.375	63.125	1323.4	83.5396
951211	65.000	63.375	64.125	1140.2	73.1153
951212	64.250	63.625	64.250	425.4	27.3319
951213	64.250	62.500	63.375	677.1	42.9112
951214	63.375	59.625	60.250	1004.2	60.5031
951215	60.000	58.625	59.000	1863.8	109.9642
951218	58.750	55.625	57.500	1849.2	106.3290
951219	61.875	58.500	61.625	1395.1	85.9730
951220	63.750	61.875	62.125	1302.3	80.9054
951221	63.125	61.250	63.125	845.9	53.3974
951222	64.875	63.000	64.625	829.1	53.5806
951226	64.750	63.500	63.500	419.9	26.6636
951227	63.500	62.875	63.250	395.1	24.9901
951228	62.875	61.500	62.625	1340.2	83.9300
951229	64.500	61.750	64.125	743.9	47.7026
960102	63.750	62.375	62.875	553.3	34.7887
960103	63.125	59.500	59.625	1756.4	104.7254
960105	59.125	56.000	58.000	2945.1	170.8158
960108	58.500	57.750	58.375	447.0	26.0936
960109	58.500	54.125	55.125	1985.7	109.4617
960110	57.250	54.375	56.000	1598.7	89.5272
960111	58.125	56.625	58.125	1044.9	60.7348
960112	59.125	57.250	58.875	1734.0	102.0893
960115	59.125	57.375	57.375	1369.5	78.5751
960116	59.125	57.375	58.750	1571.7	92.3374
960118	62.875	60.000	62.500	2323.1	145.1937
960122	68.750	66.250	67.500	1807.1	121.9792
960123	70.500	66.125	70.000	3617.9	253.2530
960125	73.875	70.500	70.750	1797.9	127.2014
960125	73.875	70.500	70.750	1797.9	127.2014
960126	72.250	69.000	71.250	1604.5	114.3206
