930830	36.812	36.250	36.625	963.0	35.2699
930831	37.188	36.750	37.062	822.2	30.4728
930902	36.812	36.250	36.625	889.4	32.5743
930903	36.688	36.375	36.500	468.8	17.1112
930907	36.688	35.500	35.625	923.4	32.8961
930908	35.562	33.625	34.188	4084.2	139.6286
930909	34.688	34.062	34.625	2737.8	94.7963
930910	35.375	34.750	35.375	1429.2	50.5579
930913	35.938	34.500	34.688	1496.4	51.9064
930915	35.000	34.188	34.375	1486.2	51.0881
930920	34.125	32.188	32.500	2828.0	91.9100
930921	33.938	32.938	33.500	2168.0	72.6280
930922	34.812	33.938	34.125	1897.4	64.7488
930923	34.625	33.875	34.438	1235.8	42.5579
930924	34.688	34.125	34.250	1300.0	44.5250
930927	35.062	34.438	34.938	1254.8	43.8396
930928	35.125	34.375	34.375	1539.6	52.9237
930930	34.250	33.812	34.188	1394.6	47.6779
931001	34.812	34.188	34.438	1354.8	46.6559
931004	35.188	34.438	34.562	1563.6	54.0419
931011	35.062	34.250	34.875	1258.2	43.8797
931012	35.125	34.500	35.000	1220.8	42.7280
931013	35.062	34.000	34.188	1835.4	62.7477
931014	34.375	33.875	34.188	1623.8	55.5137
931015	35.188	34.312	35.062	1666.4	58.4282
931018	36.500	35.125	36.500	2777.6	101.3824
931019	36.625	35.188	35.375	1767.4	62.5218
931020	35.938	35.500	35.688	1231.8	43.9599
931021	36.500	35.750	36.500	954.4	34.8356
931022	37.250	35.875	35.875	1353.6	48.5604
931025	37.000	36.188	37.000	982.4	36.3488
931026	37.250	36.750	37.062	811.8	30.0873
931027	37.875	37.062	37.812	988.2	37.3663
931028	38.062	36.875	37.062	836.8	31.0139
931029	37.375	36.750	36.812	710.4	26.1516
931101	37.562	36.688	37.562	604.2	22.6953
931102	38.125	37.000	38.062	867.2	33.0078
931103	38.000	36.875	37.250	1276.0	47.5310
931104	37.312	36.125	36.250	898.2	32.5598
931105	37.188	36.125	37.000	1168.2	43.2234
931108	38.125	36.500	37.875	767.6	29.0728
931109	38.688	38.000	38.438	1737.0	66.7659
931110	39.688	38.438	39.688	2122.8	84.2486
931111	39.875	39.188	39.438	1593.4	62.8397
931112	39.562	38.750	38.875	978.0	38.0198
931115	39.250	38.438	38.750	856.0	0.0000
931116	39.500	38.562	38.750	1233.0	47.7788
931117	39.438	36.312	36.875	3406.4	125.6110
931118	37.312	36.438	37.000	2578.2	95.3934
931119	37.188	36.188	37.000	1989.6	73.6152
931122	36.625	35.562	35.750	1535.4	54.8905
931123	36.375	35.062	35.750	2425.4	86.7081
931124	37.250	35.875	36.875	1609.0	59.3319
931126	37.375	37.000	37.125	621.0	23.0546
931129	37.375	36.312	36.312	929.0	33.7343
931130	37.250	36.375	36.875	1231.6	45.4153
931201	37.688	37.125	37.250	1683.0	62.6917
931202	38.062	37.250	37.750	1659.2	62.6348
931203	38.438	37.688	38.312	765.6	29.3320
931206	39.125	37.875	39.000	1778.2	69.3498
931208	38.500	37.938	38.188	1693.6	64.6744
931209	38.438	37.938	38.062	1440.6	54.8328
931210	38.250	37.125	37.375	1471.2	54.9861
931213	38.000	37.188	37.875	1461.2	55.3430
931214	38.250	38.000	38.062	894.6	34.0507
931215	38.562	38.250	38.438	949.8	36.5079
931216	38.812	38.375	38.562	733.4	28.2817
931217	38.938	38.375	38.938	1319.8	51.3897
931220	39.375	38.875	39.188	859.8	33.6934
931221	39.250	38.938	39.188	929.0	36.4052
931222	39.375	38.938	38.938	1015.8	39.5527
931223	38.938	38.312	38.438	899.6	34.5784
931224	38.938	38.312	38.438	899.6	34.5784
931229	38.938	38.312	38.438	899.6	34.5784
931230	38.938	38.312	38.438	899.6	34.5784
931231	38.938	38.312	38.438	899.6	34.5784
940103	39.438	38.750	38.875	1266.6	49.2391
940104	39.500	38.875	39.188	709.2	27.7918
940105	39.750	38.938	39.625	1512.0	59.9130
940106	41.062	39.938	40.812	2467.0	100.6844
940107	41.562	40.562	41.500	1496.6	62.1089
940110	42.062	41.062	41.750	1624.4	67.8187
940111	42.312	41.312	42.250	1663.6	70.2871
940112	42.438	42.000	42.438	1808.0	76.7270
940113	42.875	41.750	42.750	1932.8	82.6272
940114	43.875	42.812	43.750	1831.8	80.1412
940117	43.812	43.500	43.625	1224.8	53.4319
940118	43.625	43.125	43.125	1151.8	49.6714
940119	42.812	42.188	42.250	1167.8	49.3395
940121	42.375	41.688	42.375	1332.8	56.4774
940124	42.688	41.688	41.938	1261.4	52.9000
940125	42.250	41.250	41.500	1478.6	61.3619
940126	41.812	41.062	41.188	1263.2	52.0281
940127	41.875	40.875	41.438	1120.4	46.4266
940128	42.500	41.562	42.500	1213.4	51.5695
940131	43.375	42.438	42.625	1618.6	68.9928
940201	42.688	42.062	42.062	1063.6	44.7377
940202	42.875	41.938	42.875	1219.6	52.2903
940203	42.750	41.812	42.000	1184.6	49.7532
940204	42.625	40.375	40.500	1592.4	64.4922
940207	41.562	40.312	41.250	1691.4	69.7703
940208	41.750	41.125	41.500	723.8	30.0377
940209	42.500	41.750	42.375	1154.4	48.9177
940210	42.750	42.438	42.500	1234.0	52.4450
940211	42.625	41.750	42.312	901.2	38.1320
940222	45.312	44.312	45.062	2077.4	93.6128
940223	46.812	44.875	45.812	4663.4	213.6420
940225	46.375	45.500	45.500	1519.6	69.1418
940228	46.500	45.250	45.312	1518.0	68.7844
940301	45.562	44.312	44.938	1900.0	85.3812
940303	45.750	44.625	44.750	2123.4	95.0222
940304	45.312	44.375	44.500	1521.8	67.7201
940307	44.938	43.812	44.000	1459.8	64.2312
940308	44.438	43.875	44.000	1297.4	57.0856
940309	44.812	43.875	44.500	1214.6	54.0497
940310	45.000	44.500	45.000	1224.0	55.0800
940311	45.625	45.000	45.188	1225.6	55.3818
940314	45.375	44.938	45.062	827.0	37.2667
940315	45.125	44.562	45.000	1197.2	53.8740
940316	45.375	44.688	45.188	898.4	40.5964
940317	45.375	44.875	44.938	1026.8	46.1418
940318	44.875	44.250	44.500	2297.6	102.2432
940321	44.562	43.875	43.875	931.0	40.8476
940322	43.625	42.938	42.938	2026.0	86.9914
940323	44.062	42.625	43.062	2205.6	94.9786
940324	43.312	41.750	42.125	1961.2	82.6155
940325	42.688	41.938	42.062	1240.8	52.1912
940328	42.375	41.250	41.812	1146.8	47.9506
940329	42.188	40.000	40.125	1853.4	74.3677
940330	40.812	39.312	40.000	3068.8	122.7520
940331	41.250	39.500	41.062	1907.6	78.3308
940404	40.875	40.000	40.500	2206.8	89.3754
940405	41.438	40.875	41.125	2238.0	92.0378
940406	41.438	40.688	40.750	1348.6	54.9554
940407	42.062	40.812	41.875	1285.8	53.8429
940408	41.750	40.562	41.438	1112.6	46.1034
940411	41.625	40.562	41.500	1612.0	66.8980
940412	41.375	40.750	40.875	1396.6	57.0860
940413	41.250	39.562	40.312	2036.0	82.0763
940414	40.375	39.250	39.438	1603.0	63.2183
940415	39.188	38.562	39.062	1607.4	62.7891
940418	39.188	38.250	38.875	1079.8	41.9772
940419	39.875	37.000	38.188	3124.8	119.3283
940420	38.625	37.750	38.000	2515.4	95.5852
940421	39.562	38.125	39.438	1556.4	61.3805
940422	39.812	38.438	38.500	978.0	37.6530
940425	40.000	38.562	40.000	1052.6	42.1040
940426	40.000	39.250	39.562	876.4	34.6726
940428	39.750	39.062	39.375	1028.0	40.4775
940429	40.562	39.812	40.125	1356.8	54.4416
940502	41.125	40.188	40.688	942.8	38.3602
940503	40.938	39.688	40.312	770.2	31.0487
940504	40.688	40.062	40.562	651.6	26.4305
940505	40.812	40.312	40.562	768.6	31.1763
940506	40.188	38.250	38.438	1984.2	76.2677
940509	39.312	38.312	38.438	1119.0	43.0116
940510	39.375	39.000	39.250	1153.4	45.2710
940511	39.750	39.125	39.500	1240.0	48.9800
940512	39.938	39.375	39.438	849.8	33.5140
940513	40.000	38.812	39.938	1302.6	52.0226
940516	40.312	39.062	39.125	1347.2	52.7092
940517	39.375	37.250	38.312	5649.8	216.4580
940518	39.812	38.188	39.625	3678.2	145.7487
940519	40.562	39.562	40.438	2907.6	117.5761
940520	41.500	40.312	40.875	2041.6	83.4504
940523	41.188	40.438	40.812	1034.0	42.2001
940524	41.438	40.812	40.938	1238.2	50.6888
940525	40.938	39.250	40.625	5796.6	235.4869
940526	40.875	39.688	39.750	2012.2	79.9849
940527	39.750	39.312	39.500	768.6	30.3597
940531	39.625	39.250	39.250	1196.6	46.9665
940601	39.250	38.500	38.750	1482.6	57.4507
940602	39.438	38.688	39.438	953.8	37.6155
940603	40.250	39.000	39.000	957.4	37.3386
940606	39.562	39.000	39.062	563.8	22.0234
940607	39.125	38.562	38.625	865.6	33.4338
940608	38.750	37.562	37.875	1844.4	69.8567
940609	38.188	37.688	37.875	1226.2	46.4423
940610	38.562	38.062	38.500	545.4	20.9979
940613	39.125	38.500	39.000	1323.6	51.6204
940614	39.688	39.125	39.250	976.4	38.3237
940615	39.688	38.938	39.062	1015.6	39.6719
940616	39.375	38.938	39.188	1037.2	40.6453
940617	39.250	38.812	39.000	1870.8	72.9612
940620	39.875	39.000	39.562	967.6	38.2807
940621	39.562	38.375	38.812	2093.0	81.2346
940622	39.250	38.750	38.938	1462.6	56.9500
940623	39.125	38.125	38.188	1340.8	51.2018
940624	38.312	37.562	38.000	1986.8	75.4984
940627	39.062	37.812	39.000	975.8	38.0562
940628	39.188	38.375	38.875	1402.2	54.5105
940629	39.312	37.812	37.875	1505.8	57.0322
940630	38.250	37.625	37.625	1099.0	41.3499
940701	38.375	37.188	37.750	1250.8	47.2177
940705	38.062	36.938	36.938	1497.4	55.3102
940706	37.062	36.000	36.000	1437.0	51.7320
940707	36.688	35.938	36.375	1982.8	72.1243
940708	37.312	36.438	37.000	1146.6	42.4242
940711	37.562	37.062	37.312	1150.2	42.9168
940712	37.750	37.312	37.688	1052.4	39.6623
940713	38.188	37.375	37.375	1228.0	45.8965
940714	38.750	37.938	38.250	1407.8	53.8483
940715	38.438	37.750	38.000	1416.6	53.8308
940718	38.375	37.938	38.250	894.8	34.2261
940719	38.250	37.375	37.625	987.6	37.1585
940720	37.438	37.000	37.312	931.6	34.7603
940722	38.062	37.500	37.625	731.6	27.5265
940725	37.688	36.875	37.188	1394.2	51.8468
940726	37.812	37.062	37.812	842.0	31.8381
940727	38.000	37.625	37.688	1207.8	45.5190
940728	37.875	37.625	37.750	538.6	20.3322
940729	39.000	37.875	38.812	1445.0	56.0841
940801	39.312	38.812	39.188	881.8	34.5555
940802	40.062	39.438	39.750	2625.0	104.3438
940803	40.188	39.438	39.875	1404.0	55.9845
940804	40.375	39.812	40.250	1095.0	44.0737
940805	40.312	39.750	40.125	1110.6	44.5628
940808	40.375	39.562	39.750	860.8	34.2168
940809	40.000	39.625	39.875	1159.6	46.2390
940811	41.188	40.250	40.875	1805.2	73.7875
940812	40.875	40.125	40.625	744.2	30.2331
940815	40.562	39.562	39.562	1069.0	42.2923
940816	44.062	42.062	43.812	6775.0	296.8297
940817	44.000	43.438	43.562	3736.0	162.7495
940818	43.812	43.250	43.688	1632.0	71.2980
940819	44.188	43.312	43.938	1485.6	65.2736
940822	44.188	43.688	43.812	1545.6	67.7166
940823	44.062	43.562	43.875	2105.4	92.3744
940824	44.312	43.812	44.062	1275.4	56.1973
940825	44.312	43.875	43.938	1110.2	48.7794
940826	44.875	43.938	44.625	1581.8	70.5878
940829	45.062	44.750	45.000	1877.2	84.4740
940830	45.375	44.812	45.312	1486.6	67.3616
940831	45.250	44.938	45.000	1997.0	89.8650
940901	44.812	44.188	44.562	1683.4	75.0165
940902	44.812	43.938	44.062	922.6	40.6521
940906	44.062	43.688	43.812	1325.8	58.0866
940907	44.188	43.688	43.875	1403.2	61.5654
940908	45.125	44.062	45.062	1653.0	74.4883
940909	45.062	44.500	45.062	1383.6	62.3485
940912	44.938	44.375	44.375	815.8	36.2011
940913	44.938	44.312	44.938	1246.2	56.0011
940914	45.375	44.750	45.188	1242.4	56.1410
940915	45.750	45.250	45.688	1331.4	60.8283
940916	45.688	44.875	45.562	2143.4	97.6587
940919	45.562	44.938	45.062	942.8	42.4849
940920	45.062	44.250	44.375	1139.2	50.5520
940921	44.562	43.750	44.125	1360.8	60.0453
940922	44.375	43.750	43.875	921.8	40.4440
940923	43.688	43.125	43.375	1016.6	44.0950
940926	43.375	42.938	43.062	1010.0	43.4931
940927	44.000	42.688	43.875	1314.8	57.6868
940928	44.062	43.562	43.625	907.6	39.5941
940929	44.062	43.125	43.750	2160.8	94.5350
940930	44.188	43.250	43.688	1235.6	53.9803
941003	43.812	43.062	43.312	726.2	31.4535
941004	43.562	42.250	42.250	1580.0	66.7550
941005	43.250	41.750	43.188	1976.4	85.3558
941006	43.375	42.625	42.625	1095.4	46.6914
941007	44.125	42.812	44.125	1533.2	67.6525
941010	45.750	44.000	45.625	1557.4	71.0564
941011	46.438	45.875	45.938	2664.6	122.4051
941012	46.188	45.812	45.875	1161.2	53.2701
941013	46.562	45.562	45.688	1546.6	70.6603
941014	46.000	45.125	45.625	1266.6	57.7886
941017	45.875	45.375	45.500	696.2	31.6771
941018	45.812	45.250	45.375	1169.0	53.0434
941019	46.500	45.312	46.312	2142.4	99.2199
941020	46.938	46.000	46.375	1979.6	91.8040
941024	47.312	46.688	46.750	1538.4	71.9202
941025	47.000	46.312	46.562	1570.2	73.1124
941026	47.562	46.375	47.125	2371.6	111.7616
941027	47.938	46.938	47.938	2185.0	104.7434
941028	49.000	47.750	48.875	2707.8	132.3437
941031	49.438	48.750	48.938	2260.2	110.6085
941101	48.875	48.125	48.688	1819.8	88.6015
941102	49.750	48.625	48.812	2134.4	104.1854
941103	49.375	48.188	48.312	1632.0	78.8460
941104	48.688	47.062	47.250	2142.0	101.2095
941107	48.562	47.188	48.312	1829.6	88.3925
941108	49.562	48.625	49.000	3490.4	171.0296
941109	49.812	48.750	49.625	2752.0	136.5680
941110	49.688	48.875	49.062	1583.0	77.6659
941111	49.375	48.812	48.812	1000.8	48.8515
941114	49.438	48.938	49.062	1377.6	67.5885
941115	50.188	48.875	49.375	2628.0	129.7575
941116	49.938	49.062	49.250	1908.6	93.9985
941117	51.250	49.625	50.000	7664.0	383.2000
941118	50.562	49.750	50.062	3215.2	160.9609
941121	50.375	49.750	49.875	1658.6	82.7227
941122	49.625	48.000	48.000	2189.0	105.0720
941123	48.188	47.312	47.812	2483.6	118.7471
941125	48.938	48.000	48.625	598.4	29.0972
941128	49.250	48.438	49.000	1584.2	77.6258
941129	49.812	48.938	49.750	2644.2	131.5489
941130	49.875	48.875	48.875	1782.4	87.1148
941201	48.438	47.312	47.562	2919.8	138.8730
941202	48.625	47.438	48.625	1907.2	92.7376
941205	49.062	48.688	48.812	1184.0	57.7940
941206	49.062	48.250	48.750	1590.6	77.5417
941207	48.625	47.875	47.938	1620.4	77.6779
941208	48.125	45.938	46.312	3246.2	150.3396
941209	47.688	46.188	47.562	2511.6	119.4580
941213	47.812	46.938	46.938	1728.6	81.1362
941214	48.312	46.812	47.750	1892.4	90.3621
941215	48.438	47.625	47.875	1666.0	79.7597
941216	48.562	47.750	47.938	2498.2	119.7575
941219	47.938	47.375	47.562	812.6	38.6493
941220	48.875	47.875	48.688	1505.6	73.3039
941221	49.438	48.500	48.500	1956.8	94.9048
941222	49.438	48.312	49.188	1475.6	72.5811
941223	50.125	49.500	50.062	1143.4	57.2415
941227	50.625	49.812	50.188	938.4	47.0959
941228	50.312	49.812	50.125	965.6	48.4007
941229	51.125	50.500	51.062	1405.6	71.7734
941230	51.250	49.938	49.938	1095.8	54.7215
950103	49.938	49.000	49.188	1200.8	59.0643
950104	49.938	49.312	49.562	1742.2	86.3478
950105	50.312	49.312	49.312	1379.0	68.0019
950106	50.250	49.375	50.188	1715.6	86.1017
950110	51.812	51.125	51.500	1693.8	87.2307
950112	52.000	51.500	51.500	1704.2	87.7663
950113	51.938	51.250	51.938	1375.4	71.4348
950116	52.938	51.875	52.625	1873.4	98.5877
950117	53.125	52.500	52.562	1552.8	81.6191
950118	53.562	52.625	53.188	2452.0	130.4158
950119	53.688	52.875	53.375	1081.2	57.7091
950120	53.312	52.000	52.500	2507.4	131.6385
950123	52.375	51.500	52.062	2007.4	104.5103
950124	52.688	52.062	52.688	1475.8	77.7562
950125	52.125	51.250	51.500	2604.8	134.1472
950126	51.688	50.875	50.938	1667.0	84.9128
950127	51.438	50.750	51.375	1539.0	79.0661
950130	51.375	50.500	50.500	968.4	48.9042
950131	50.750	50.062	50.250	1993.6	100.1784
950201	51.438	50.125	51.188	1869.4	95.6899
950202	51.812	50.688	50.750	1381.6	70.1162
950203	51.688	50.500	50.562	2050.8	103.6936
950206	51.562	50.625	51.125	1496.4	76.5035
950207	51.438	50.688	51.250	1151.8	59.0297
950208	51.688	50.812	51.625	1492.2	77.0348
950209	53.250	51.875	53.062	2097.2	111.2827
950210	53.312	52.250	52.438	1920.6	100.7115
950213	52.875	52.312	52.688	1255.8	66.1650
950214	53.250	52.500	52.750	1099.2	57.9828
950215	53.438	52.375	52.688	2823.2	148.7473
950216	58.000	54.500	56.438	6224.0	351.2670
950217	57.875	56.875	57.188	3201.4	183.0801
950221	57.188	56.688	57.062	1984.4	113.2348
950222	58.312	57.062	57.750	2148.6	124.0816
950223	58.750	57.375	57.625	1777.6	102.4342
950224	58.250	57.688	57.812	1204.6	69.6409
950228	57.812	57.125	57.500	1084.6	62.3645
950301	58.688	57.500	58.500	1867.6	109.2546
950302	58.500	57.375	57.875	1533.0	88.7224
950303	58.875	57.688	58.312	1489.4	86.8506
950306	59.438	57.875	59.250	1713.2	101.5071
950307	59.938	58.688	59.750	2354.4	140.6754
950308	60.000	58.562	59.125	2406.8	142.3021
950309	59.750	59.125	59.688	1660.0	99.0812
950310	60.188	59.375	59.438	1842.6	109.5195
950313	60.188	59.312	60.188	1589.8	95.6861
950314	60.500	59.688	59.938	1898.6	113.7973
950315	60.938	60.000	60.312	1839.2	110.9267
950316	60.500	59.812	59.812	1318.4	78.8568
950317	60.250	59.750	60.125	1792.8	107.7921
950320	61.000	60.000	60.688	1433.8	87.0137
950321	61.938	60.688	61.312	1774.4	108.7929
950322	61.875	60.938	61.250	1198.6	73.4142
950323	61.938	60.750	61.562	1162.8	71.5849
950324	62.500	61.500	61.500	2147.8	132.0897
950327	61.938	60.875	61.125	2084.2	127.3967
950328	62.375	61.000	62.000	1282.4	79.5088
950329	62.500	60.312	60.812	1868.0	113.5978
950330	61.125	59.562	59.750	2730.6	163.1534
950331	60.625	59.125	60.188	2019.6	121.5547
950403	60.750	59.750	60.688	929.8	56.4272
950404	61.188	60.562	60.812	1238.2	75.2980
950405	60.688	59.812	59.875	1486.0	88.9742
950406	60.250	59.438	59.562	1081.2	64.3990
950407	60.188	59.438	60.000	1198.2	71.8920
950410	61.250	59.875	61.250	1224.0	74.9700
950411	61.750	60.812	61.312	1089.0	66.7693
950412	61.750	60.875	61.125	910.8	55.6726
950413	61.812	61.250	61.750	852.8	52.6604
950417	63.500	62.000	63.000	2013.8	126.8694
950418	64.875	63.000	64.000	2238.4	143.2576
950419	64.250	62.250	63.000	1479.1	93.1833
950420	64.125	63.375	64.000	1540.8	98.6112
950421	64.500	63.375	64.000	2165.3	138.5792
950424	65.750	63.500	65.500	1876.3	122.8976
950425	66.250	65.125	65.625	1327.9	87.1434
950426	65.750	64.500	65.250	1384.9	90.3647
950427	65.750	64.500	65.750	1457.3	95.8175
950428	66.375	64.500	66.125	1122.0	74.1923
950501	66.000	63.875	64.250	1337.9	85.9601
950502	64.875	63.750	64.375	1524.2	98.1204
950503	68.125	64.875	67.500	2281.2	153.9810
950504	68.375	66.125	67.000	1880.6	126.0002
950505	67.500	66.125	66.625	1372.1	91.4162
950508	67.500	66.375	67.000	1100.6	73.7402
950509	67.625	66.375	67.000	1164.3	78.0081
950510	68.125	66.625	68.125	1202.2	81.8999
950511	68.625	67.500	68.250	942.3	64.3120
950512	69.000	67.750	68.375	1361.4	93.0857
950515	71.000	68.875	71.000	1752.0	124.3920
950516	70.375	66.125	69.500	5186.8	360.4826
950517	70.875	69.500	70.250	2307.1	162.0738
950518	70.875	68.375	68.625	1688.0	115.8390
950519	69.000	67.125	67.375	1849.1	124.5831
950522	69.875	68.000	69.125	1238.4	85.6044
950523	70.750	68.750	70.750	1296.8	91.7486
950524	72.500	69.500	70.125	1929.3	135.2922
950525	70.250	68.875	69.250	1489.2	103.1271
950526	69.250	66.625	66.875	1908.2	127.6109
950530	67.875	64.500	64.625	1954.3	126.2966
950531	66.625	64.125	66.000	2157.0	142.3620
950601	68.875	65.750	67.875	1509.8	102.4777
950602	69.750	67.000	69.375	1654.8	114.8017
950605	71.250	69.000	69.000	1692.3	116.7687
950606	69.750	68.125	68.250	1250.5	85.3466
950607	68.875	67.875	68.500	937.2	64.1982
950608	70.000	68.750	69.750	631.7	44.0611
950609	69.625	68.625	69.375	731.8	50.7686
950614	70.875	69.500	70.625	940.7	66.4369
950615	73.375	71.000	72.625	2006.0	145.6858
950616	75.750	73.125	75.500	3155.9	238.2705
950619	76.500	75.125	76.250	1596.0	121.6950
950620	77.125	75.625	76.375	1980.3	151.2454
950621	77.000	74.750	75.000	1276.4	95.7300
950622	77.250	75.250	76.750	1040.3	79.8430
950623	77.375	75.250	75.375	1158.8	87.3445
950626	76.125	73.875	74.250	1114.7	82.7665
950627	76.000	73.750	74.875	1336.5	100.0704
950628	75.500	73.000	74.125	1168.9	86.6447
950629	75.250	73.500	73.875	1113.0	82.2229
950630	75.125	73.375	74.500	1054.2	78.5379
950703	75.000	73.875	75.000	485.2	36.3900
950706	79.125	76.125	79.000	1366.7	107.9693
950707	80.250	78.625	79.875	1485.0	118.6144
950710	81.250	80.000	80.875	1169.5	94.5833
950711	81.125	79.375	79.375	873.6	69.3420
950712	81.875	79.625	81.375	1424.4	115.9106
950713	83.750	80.750	83.625	1015.1	84.8877
950714	83.125	81.250	82.625	1175.1	97.0926
950717	83.375	82.250	82.500	1027.4	84.7605
950718	82.625	80.000	80.625	1292.5	104.2078
950719	78.750	72.250	77.875	3138.0	244.3717
950720	78.250	76.500	77.750	1913.3	148.7591
950721	78.625	75.375	77.500	2274.2	176.2505
950724	79.625	77.625	78.375	1497.5	117.3666
950725	80.250	78.500	79.625	1756.8	139.8852
950726	81.500	79.625	80.625	1121.6	90.4290
950727	81.500	80.250	81.250	1234.7	100.3194
950728	82.750	80.125	80.125	993.3	79.5882
950731	80.500	77.750	77.875	1373.0	106.9224
950801	76.750	73.750	75.750	3952.0	299.3640
950802	77.875	71.500	72.500	3051.3	221.2192
950803	74.375	70.000	74.250	2178.1	161.7239
950804	74.125	72.000	72.875	1246.3	90.8241
950807	74.250	72.875	72.875	1031.8	75.1924
950808	74.750	73.125	74.125	1441.4	106.8438
950809	75.750	74.500	75.250	1518.1	114.2370
950810	76.625	74.875	75.625	1547.6	117.0373
950811	76.875	75.250	76.125	1047.5	79.7409
950814	78.875	76.125	78.875	1259.3	99.3273
950815	79.375	77.125	77.875	1691.7	131.7411
950816	82.875	79.875	82.500	5009.5	413.2837
950817	85.375	82.750	83.875	2511.3	210.6353
950818	84.750	83.000	83.500	1740.9	145.3651
950821	85.125	79.250	80.000	1615.0	129.2000
950822	80.750	79.250	80.625	2122.4	171.1185
950823	82.625	80.250	81.000	2203.4	178.4754
950824	81.375	80.000	81.125	1294.0	104.9758
950825	81.375	78.750	78.875	1059.9	83.5996
950828	79.500	76.750	77.250	1421.2	109.7877
950829	77.500	74.750	77.000	2619.3	201.6861
950830	79.125	77.250	78.125	1376.1	107.5078
950831	80.125	78.625	80.000	1070.3	85.6240
950901	80.250	78.125	78.375	1113.2	87.2471
950905	83.375	78.750	83.125	1211.1	100.6727
950906	84.125	82.250	83.000	1264.1	104.9203
950907	84.750	82.125	83.250	1406.4	117.0828
950908	84.375	82.500	84.000	1005.5	84.4620
950911	85.750	84.750	85.375	955.9	81.6100
950912	85.875	83.500	83.625	991.5	82.9142
950913	85.500	83.500	85.250	1636.3	139.4946
950914	85.750	84.250	84.500	1309.6	110.6612
950915	84.500	80.375	80.500	3181.7	256.1268
950918	82.375	80.625	81.375	1996.8	162.4896
950919	85.375	81.625	83.750	1675.6	140.3315
950920	84.750	82.875	83.875	3332.5	279.5134
950921	84.250	83.000	83.250	901.5	75.0499
950922	83.000	81.750	82.875	1340.0	111.0525
950925	83.875	82.375	83.625	828.8	69.3084
950926	84.625	83.750	84.250	1446.5	121.8676
950927	84.000	81.000	82.750	2053.5	169.9271
950928	85.875	82.125	85.625	1936.4	165.8042
950929	85.625	83.125	83.375	1406.1	117.2336
951002	84.625	82.250	82.500	1364.1	112.5382
951003	83.125	81.125	83.000	1508.6	125.2138
951004	82.625	80.000	80.875	1465.0	118.4819
951005	82.875	79.875	82.625	1740.6	143.8171
951006	83.500	80.125	80.875	1394.8	112.8045
951009	80.125	78.000	78.250	1703.7	133.3145
951010	78.750	74.000	78.375	3667.8	287.4638
951011	80.250	78.625	79.750	1651.7	131.7231
951012	82.875	80.250	82.875	1241.9	102.9225
951013	85.000	83.250	83.500	1904.6	159.0341
951016	86.500	84.000	86.375	1909.7	164.9503
951017	90.750	85.125	90.250	2035.6	183.7129
951018	95.000	90.750	92.000	3009.3	276.8556
951019	93.250	90.250	92.750	2403.4	222.9154
951020	92.250	87.625	88.750	2372.7	210.5771
951023	92.250	88.500	91.500	1843.7	168.6986
951024	91.875	89.750	91.250	1276.3	116.4624
951025	90.750	88.625	89.750	1428.5	128.2079
951027	93.000	91.000	92.375	1498.9	138.4609
951030	96.625	92.875	96.000	2103.5	201.9360
951031	96.500	92.500	92.625	1918.5	177.7011
951101	93.250	90.500	93.000	1553.2	144.4476
951102	94.375	92.250	94.375	1284.6	121.2341
951103	94.500	93.000	93.875	1237.2	116.1422
951106	94.875	91.250	91.250	1263.8	115.3217
951107	90.500	87.375	87.875	2452.2	215.4871
951109	93.500	90.500	93.375	1827.2	170.6148
951110	95.375	92.375	95.000	2154.2	204.6490
951113	96.000	93.250	93.375	2071.8	193.4543
951114	92.750	89.000	89.125	2206.8	196.6811
951115	92.500	89.625	92.500	2080.9	192.4832
951116	94.500	91.125	93.250	1966.6	183.3854
951117	91.750	88.125	88.500	4577.6	405.1176
951120	89.000	83.750	84.000	3800.1	319.2084
951121	85.000	83.000	84.000	3944.5	331.3380
951122	85.875	83.750	84.000	2121.3	178.1892
951124	85.250	84.000	84.875	646.0	54.8293
951127	86.875	85.500	86.250	2143.7	184.8941
951128	87.125	84.625	86.125	3231.3	278.2957
951129	87.500	84.375	84.375	2982.3	251.6316
951130	85.500	82.875	83.000	2135.2	177.2216
951201	82.875	81.625	81.875	1799.5	147.3341
951204	85.250	82.000	82.750	1982.4	164.0436
951205	83.500	81.625	81.750	2172.1	177.5692
951206	82.500	80.625	81.000	2284.6	185.0526
951207	83.000	79.125	82.250	2791.9	229.6338
951208	87.625	84.125	86.875	3054.6	265.3684
951211	88.125	86.250	86.625	2021.4	175.1038
951212	86.250	82.875	83.125	2626.6	218.3361
951213	84.625	80.000	80.750	4303.3	347.4915
951214	82.000	77.250	78.125	5822.9	454.9141
951215	78.000	75.750	76.375	5149.6	393.3007
951218	78.875	74.750	77.250	3036.4	234.5619
951219	84.000	79.375	83.875	3354.9	281.3922
951220	85.250	82.875	83.125	2355.3	195.7843
951221	85.250	82.750	83.750	1822.3	152.6176
951222	85.125	84.125	84.625	1018.9	86.2244
951226	87.000	85.250	85.625	1132.3	96.9532
951227	86.250	83.875	84.500	991.2	83.7564
951228	84.375	83.125	83.750	944.8	79.1270
951229	84.625	83.125	83.750	1151.4	96.4298
960102	84.250	82.250	83.500	1475.0	123.1625
960103	84.125	81.125	81.625	1644.1	134.1997
960105	80.750	78.625	79.125	2303.4	182.2565
960108	80.000	79.000	79.625	829.9	66.0808
960109	80.375	76.125	77.625	2663.1	206.7231
960110	79.500	76.000	76.750	3772.1	289.5087
960111	79.875	77.875	79.500	2938.5	233.6107
960112	80.250	77.000	78.375	2297.4	180.0587
960115	79.125	75.625	75.750	1766.9	133.8427
960116	80.250	75.625	79.125	2349.8	185.9279
960118	78.250	73.625	75.500	4324.1	326.4696
960122	81.500	78.875	80.750	2695.0	217.6213
960123	81.125	79.625	80.500	1719.8	138.4439
960125	84.375	81.250	81.625	1623.5	132.5182
960126	83.500	81.500	83.500	1227.1	102.4628
