# Residue Exp_1-S2                Predicted_1-S2
2	0.18705656313100005	0.19697481674052178
3	0.13094449639899997	0.12513224752102739
4	0.11742932557999997	0.12195329775780619
5	0.16439937001399996	0.11020552984892398
6	0.12467526881299995	0.11219044832456862
7	0.153559359033	0.12528255846129124
8	0.19922076098899999	0.21996690960198809
9	0.24955257839	0.25513087315101202
10	0.247813585324	0.23299609028584559
11	0.29401812606800004	0.23349492015118326
12	0.225722267581	0.2029010311438452
14	0.171145691918	0.18395389036680235
15	0.14068484337700005	0.17293163301726747
16	0.21433826117200006	0.19570366522733565
17	0.135701534234	0.16179050359568728
18	0.17824776739199999	0.14497069463157111
20	0.16651475830399998	0.11719857412937398
22	0.13027244546700001	0.13514251296370264
23	0.090610701195000032	0.10677584936212783
25	0.09269352395899999	0.11345266233167231
26	0.11672706489100004	0.1080948109531841
27	0.11376644319999996	0.10540100061049842
29	0.11391420766000004	0.10759894801322437
30	0.11851465947200002	0.10672733396786641
32	0.12135682238300005	0.11320771129763776
33	0.15871479668400001	0.14645696758913343
34	0.16147203771300001	0.17288974060595622
35	0.13944087073199996	0.15112175738663894
36	0.24089371776699997	0.19062590134463611
39	0.15263634240599999	0.15494551226966716
40	0.13730743090599995	0.12365142105859908
41	0.14975317785599995	0.10752241954499978
42	0.15545428165599995	0.12431575861983316
43	0.15943709725400002	0.14031216992213949
44	0.137227902648	0.11407690738448842
45	0.134488727473	0.12160808606728538
46	0.15045887328300001	0.19879902631747662
47	0.19097060582299996	0.24355504039626955
48	0.17383232655299996	0.19088358161554267
49	0.22722271751199996	0.18518063524697662
50	0.14973630950100003	0.16985398835768453
51	0.18244220872799999	0.16514452780040415
52	0.21439881780100001	0.17193771301962238
54	0.18059134866100002	0.21261999804331158
55	0.14412911490000002	0.11465913629239857
56	0.099659221046000002	0.10824415125087719
57	0.129038747525	0.10527517548616386
58	0.098091300272999948	0.12204182389613663
59	0.14621863852200001	0.18373337829303618
60	0.13096759414400005	0.13804959964611543
61	0.13317809569799999	0.18476642633444065
62	0.27628342861599997	0.24132675861123201
63	0.18289645085999995	0.19546318573206703
64	0.12214722899700003	0.15088121714316141
65	0.16314196010699999	0.17097499699721955
66	0.17037740187299999	0.15850639903282385
68	0.15279281437400005	0.116306626998983
70	0.12584802202500001	0.14121893904107721
71	0.188700621806	0.17485830775330016
74	0.49638353040899996	0.46794954334037631
75	0.71962677211300008	0.63203124320393389
76	0.84853038352699994	0.80148240451916442
