histogram cpu
/Code,/Machine,/Process,/SyncObject
745 1.6 0  -1
NaN
NaN
NaN
NaN
NaN
NaN
NaN
NaN
NaN
NaN
NaN
NaN
NaN
NaN
NaN
NaN
NaN
NaN
NaN
NaN
NaN
NaN
NaN
NaN
NaN
NaN
NaN
NaN
NaN
NaN
NaN
NaN
NaN
NaN
NaN
NaN
NaN
NaN
NaN
NaN
NaN
NaN
NaN
NaN
NaN
NaN
NaN
NaN
NaN
NaN
NaN
NaN
NaN
NaN
NaN
NaN
NaN
NaN
NaN
NaN
NaN
NaN
NaN
NaN
NaN
0.982029
0.984723
0.971227
0.971638
0.974489
0.969173
0.936231
0.926815
0.928338
0.918658
0.925919
0.963096
0.972076
0.811674
0.961207
0.992739
0.951102
0.963494
0.961061
0.954635
0.987692
0.964404
0.969321
0.978566
0.986913
0.98554
0.979669
0.960607
0.975657
0.945434
0.982801
0.964614
0.968681
0.956654
0.954189
0.967467
0.953353
0.966269
0.9676
0.963355
0.970703
0.957494
0.947683
0.952558
0.982812
0.96144
0.960192
0.979614
0.976137
0.955103
0.957118
0.965205
0.983978
0.970304
0.977247
0.981714
0.981611
0.973853
0.971243
0.976311
0.947968
0.986664
0.987495
0.932386
0.943903
0.971811
0.974532
0.962441
0.96721
0.974209
0.971291
0.971041
0.987645
0.963399
0.970695
0.982956
0.976712
0.973
0.977354
0.983277
0.970348
0.978878
0.974746
0.976079
0.991618
0.981486
0.984992
0.985084
0.976998
0.982303
0.981054
0.961451
0.97293
0.964129
0.972555
0.972324
0.974147
0.980929
0.977579
0.969728
0.967586
0.976999
0.974181
0.973693
0.980728
0.989803
0.992818
0.986934
0.966755
0.950019
0.889221
0.94304
0.965272
0.945626
0.948386
0.95846
0.950875
0.97618
0.956563
0.959033
0.93235
0.979708
0.9507
0.967004
0.944552
0.950034
0.957787
0.958845
0.932533
0.963955
0.980188
0.952962
0.959576
0.963157
0.973126
0.976374
0.979137
0.960913
0.969658
0.966017
0.962399
0.958852
0.964315
0.972964
0.974739
0.967743
0.969206
0.972036
0.971803
0.969333
0.964987
0.961511
0.968206
0.98576
0.97409
0.964588
0.963482
0.973875
0.971484
0.961579
0.955618
0.96917
0.973131
0.977489
0.964614
0.962774
0.966379
0.970509
0.975751
0.96353
0.967291
0.963989
0.985416
0.956745
0.976363
0.97692
0.972756
0.968372
0.976757
0.960428
0.966024
0.971891
0.964034
0.956021
0.958792
0.956672
0.961933
0.976097
0.971239
0.97346
0.980726
0.970571
0.960018
0.966006
0.958971
0.961623
0.978677
0.973691
0.96018
0.987633
0.942387
0.954388
0.965273
0.972591
0.960548
0.975243
0.975444
0.971649
0.943735
0.946159
0.96691
0.956186
0.954363
0.968182
0.965727
0.969803
0.959224
0.920927
0.957454
0.968954
0.960315
0.969624
0.963534
0.940094
0.947434
0.987836
0.991029
0.99236
0.989082
0.989115
0.985089
0.986629
0.983534
0.984932
0.987155
0.981358
0.989949
0.993309
0.989756
0.986272
0.994653
0.99385
0.991014
0.992085
0.992307
0.988146
0.994905
0.988805
0.991367
0.993115
0.993266
0.991776
0.99391
0.988577
0.988114
0.989666
0.984933
0.989102
0.992058
0.987167
0.986115
0.986744
0.988856
0.981936
0.987696
0.989148
0.983377
0.985056
0.98632
0.985214
0.989631
0.994384
0.989791
0.935402
0.985873
0.988158
0.990099
0.987679
0.988049
0.991557
0.990013
0.989854
0.989
0.984689
0.989245
0.987755
0.992504
0.987737
0.989486
0.343337
0.0936987
0.101845
0.101849
0.101849
0.101849
0.101849
0.104779
0.11056
0.11056
0.110045
0.0676397
0.0676397
0.0676397
0.0699417
0.0907249
0.0907249
0.0943874
0.0969732
0.213336
0.995013
0.993991
0.477618
0.995641
0.995659
0.993935
0.710849
0.987801
0.988355
0.975684
0.512298
0.154127
0.559783
0.0882702
0.0882702
0.0882702
0.0882702
0.0882702
0.0882702
0.0608958
0.0575276
0.0575276
0.0513283
0.0456752
0.0456752
0.0456752
0.0456752
0.0456752
0.049609
0.103075
0.249185
0.989073
0.988436
0.987614
0.897848
0.775223
0.988933
0.986873
0.873404
0.67999
0.989152
0.983149
0.983188
0.989166
0.857819
0.0390651
0.843555
0.913294
0.987284
0.991036
0.990372
0.989335
0.990846
0.984212
0.938933
0.979577
0.980991
0.970245
0.952973
0.954008
0.975418
0.983681
0.981382
0.975554
0.975001
0.981837
0.965184
0.989885
0.977635
0.968589
0.974198
0.983892
0.978005
0.961627
0.961251
0.976447
0.979459
0.969839
0.970973
0.974303
0.968018
0.96012
0.960903
0.973598
0.98147
0.978913
0.972564
0.968071
0.977801
0.98264
0.981578
0.987958
0.978288
0.971653
0.968521
0.974748
0.975377
0.957323
0.928531
0.951791
0.903216
0.967817
0.975371
0.962304
0.975088
0.971638
0.977588
0.981569
0.977692
0.978662
0.976395
0.967138
0.9876
0.970688
0.973601
0.97485
0.988878
0.982479
0.988104
0.975505
0.974377
0.971729
0.981248
0.981701
0.977793
0.979792
0.977178
0.981544
0.980471
0.976429
0.974879
0.980476
0.984245
0.979759
0.971515
0.96445
0.972117
0.983133
0.97874
0.977453
0.981791
0.988232
0.982335
0.979418
0.979722
0.976445
0.982738
0.98261
0.977988
0.983842
0.970741
0.976332
0.978511
0.975055
0.977852
0.986429
0.979669
0.975735
0.975712
0.963584
0.960337
0.971002
0.973431
0.96765
0.978843
0.979211
0.980185
0.980314
0.973056
0.977306
0.976111
0.979051
0.97203
0.972371
0.974505
0.978253
0.98011
0.97484
0.978084
0.973263
0.96775
0.966316
0.940881
0.946862
0.96601
0.969974
0.969696
0.98576
0.988125
0.977957
0.972605
0.971222
0.979704
0.975571
0.971448
0.97269
0.975929
0.974996
0.973768
0.973074
0.976396
0.988993
0.984906
0.950623
0.944783
0.962624
0.977935
0.978051
0.970088
0.976507
0.981788
0.98269
0.971996
0.940974
0.962755
0.953254
0.964496
0.972364
0.968026
0.977395
0.983158
0.975803
0.97174
0.916498
0.935164
0.961467
0.962452
0.970174
0.958533
0.954718
0.921033
0.93884
0.965862
0.961527
0.956543
0.957218
0.947229
0.941767
0.972074
0.979284
0.977669
0.967946
0.960786
0.972949
0.974231
0.976901
0.965136
0.979456
0.983271
0.976632
0.970012
0.969921
0.97965
0.982866
0.9779
0.977749
0.972656
0.984097
0.984071
0.979588
0.983974
0.980559
0.984317
0.977902
0.977071
0.983227
0.982913
0.981005
0.980496
0.980198
0.967494
0.978334
0.983258
0.978641
0.978869
0.979836
0.975496
0.97311
0.973999
0.978848
0.979173
0.985407
0.978144
0.983246
0.989741
0.982716
0.974949
0.973076
0.975086
0.986892
0.977091
0.967955
0.973697
0.974618
0.976333
0.980854
0.981681
0.977814
0.976965
0.981419
0.982012
0.972913
0.967889
0.983116
0.985607
0.972735
0.976514
0.978675
0.975245
0.978451
0.982748
0.980581
0.977456
0.977721
0.980168
0.977293
0.977088
0.980406
0.982529
0.983262
0.978929
0.978388
0.983933
0.973707
0.973584
0.980901
0.980639
0.979883
0.982186
0.984495
0.983781
0.982683
0.982563
0.984091
0.980384
0.981321
0.983961
0.984615
0.973284
0.973073
0.981591
0.971994
0.970534
0.969954
0.971311
0.973833
0.978643
0.982016
0.974958
0.975625
0.983649
0.979617
0.980463
0.982506
0.986658
0.967429
0.971366
0.980032
0.977713
0.981739
0.981617
0.977108
0.977178
0.985553
0.990138
0.980306
0.975768
0.970401
0.978347
0.979094
0.498216
