histogram cpu
/Code/2d.so,/Machine,/Process,/SyncObject
745 1.6 0  -1
NaN
NaN
NaN
NaN
NaN
NaN
NaN
NaN
NaN
NaN
NaN
NaN
NaN
NaN
NaN
NaN
NaN
NaN
NaN
NaN
NaN
NaN
NaN
NaN
NaN
NaN
NaN
NaN
NaN
NaN
NaN
NaN
NaN
NaN
NaN
NaN
NaN
NaN
NaN
NaN
NaN
NaN
NaN
NaN
NaN
NaN
NaN
NaN
NaN
NaN
NaN
NaN
NaN
NaN
NaN
NaN
NaN
NaN
NaN
NaN
NaN
NaN
NaN
NaN
NaN
0.0360782
0.0224225
0.273703
0.109817
0.0475718
0.155931
0.144831
0.172718
0.143317
0.0642936
0.108538
0.144359
0.168142
0.141482
0.0965686
0.0732901
0.145256
0.167086
0.1424
0.168592
0.121323
0.0595659
0.127867
0.140639
0.166352
0.140082
0.166206
0.143107
0.0632758
0.106287
0.140831
0.166812
0.140167
0.167799
0.0964022
0.0662455
0.150721
0.142613
0.170157
0.142465
0.150675
0.0302958
0.131562
0.170438
0.140708
0.168002
0.143687
0.0888914
0.0790912
0.141207
0.170038
0.142621
0.16722
0.136554
0.0682053
0.103221
0.140045
0.168785
0.141016
0.168319
0.123023
0.0837661
0.101463
0.139639
0.167131
0.141916
0.157811
0.0887933
0.0617989
0.167207
0.141428
0.170699
0.140947
0.154759
0.0991778
0.0563411
0.168225
0.142361
0.167692
0.140153
0.145445
0.104679
0.0570145
0.167276
0.140047
0.167422
0.139929
0.160508
0.117819
0.0919065
0.106792
0.140383
0.1683
0.141084
0.155952
0.134548
0.0740002
0.111118
0.140495
0.167947
0.140535
0.162842
0.1067
0.0818702
0.125976
0.140009
0.166891
0.139691
0.171533
0.108801
0.034458
0.170565
0.141082
0.167934
0.130003
0.111416
0.0782806
0.141026
0.168695
0.141003
0.132943
0.0991847
0.0804131
0.167041
0.141037
0.172483
0.119889
0.12394
0.0647687
0.14045
0.167305
0.139591
0.165512
0.113979
0.0338731
0.168139
0.142406
0.168139
0.141488
0.140262
0.0819886
0.0859748
0.168447
0.143638
0.168055
0.136158
0.135995
0.0373471
0.140673
0.169872
0.140375
0.167785
0.103009
0.12299
0.0841123
0.141239
0.167859
0.141075
0.164511
0.112039
0.0397199
0.163157
0.141056
0.168061
0.141315
0.144353
0.118288
0.0466097
0.169001
0.141265
0.168767
0.140333
0.139729
0.0683059
0.10118
0.168505
0.140688
0.16865
0.137689
0.137034
0.0351946
0.139649
0.16825
0.14035
0.169153
0.0704268
0.122442
0.167726
0.0909556
0.169632
0.140715
0.145706
0.0763603
0.152757
0.127335
0.119439
0.170579
0.14035
0.100971
0.121679
0.140959
0.119994
0.141685
0.1684
0.110621
0.100271
0.157918
0.109107
0.146413
0.143166
0.148057
0.0786141
0.145805
0.11698
0.130658
0.16906
0.140662
0.0705228
0.155781
0.10877
0.147604
0.140538
0.162871
0.0626483
0.157453
0.12704
0.113629
0.168355
0.142305
0.140433
0.0846244
0.149474
0.160513
0.10503
0.156829
0.140045
0.168526
0.106079
0.102126
0.157246
0.126353
0.12523
0.139291
0.168362
0.138353
0.0840269
0.142117
0.15456
0.12799
0.113143
0.168493
0.139303
0.154826
0.0721872
0.151492
0.152554
0.108601
0.154306
0.143092
0.173295
0.0916498
0.11676
0.159418
0.132874
0.126861
0.139625
0.168946
0.139725
0.0999799
0.124336
0.160345
0.128997
0.111297
0.169983
0.143054
0.120626
0.102381
0.154403
0.150769
0.0921813
0.171161
0.141098
0.172455
0.0726215
0.135973
0.160965
0.122453
0.142062
0.143149
0
0
0.029941
0.0299577
0.0299577
0.0299577
0.0299577
0.0198918
0
0
0
0
0
0
0
0.0579529
0.0618899
0.0257427
0
0
0
0.169475
0
0.0347127
0.105268
0.034474
0.135039
0.00440655
0.139973
0
0.101281
0.0648476
0.00872036
0
0
0
0
0
0
0
0
0
0
0
0
0
0
0
0
0
0.0453229
0.0980955
0.0497817
0.125144
0
0.140367
0.0149159
0.157208
0
0.102268
0.0387522
0.0993213
0.0749197
0.0436702
0.100296
0
0
0.171452
0.0216142
0.12641
0.0138985
0.156633
0
0.142336
0
0.169835
0
0.140886
0
0.170088
0
0.121446
0.0193308
0.103915
0.0660776
0.0523553
0.0910535
0.0512101
0.120051
0.0344101
0.107025
0.0497937
0.120356
0.033744
0.107905
0.0173232
0.153113
0
0.14185
0
0.173979
0
0.14101
0
0.170822
0
0.14441
0
0.125978
0.0438281
0.068678
0.0718555
0.0500984
0.120957
0.0219692
0.119032
0.047426
0.123334
0.0446782
0.0955596
0.00297997
0.169626
0
0.14082
0
0.170393
0
0.140061
0
0.170689
0
0.133131
0.00818479
0.146008
0.0240176
0.0648938
0.0751151
0.0972302
0.0726383
0.0370574
0.102894
0.0468662
0.124528
0.0334187
0.106967
0.0501887
0.12081
0.0909547
0.0494595
0.110448
0.0628589
0.0854551
0.057391
0.0677236
0.0806377
0.0237992
0.0906309
0.0524648
0.111583
0.0598736
0.0882897
0.0525823
0.112026
0.0585677
0.0885294
0.0514986
0.107509
0.0630847
0.0896088
0.0504097
0.110788
0.0593519
0.0897156
0.0506223
0.10807
0.0617793
0.0899871
0.0497882
0.114865
0.0610878
0.0912367
0.0500025
0.105239
0.065597
0.0880932
0.052383
0.058559
0.0837146
0.0312398
0.0892475
0.0485518
0.11038
0.064314
0.0881576
0.0528479
0.1104
0.0607464
0.0919666
0.0507079
0.112251
0.058633
0.0926127
0.0518356
0.110041
0.0607814
0.0882121
0.0531177
0.106566
0.0642273
0.0950431
0.0493432
0.0716394
0.0792346
0.0472074
0.0800347
0.0353403
0.109201
0.0600205
0.0911402
0.0486922
0.110855
0.0598527
0.0909686
0.0503659
0.112055
0.0611037
0.0884917
0.0523088
0.106503
0.0647583
0.0926656
0.0484495
0.110693
0.0607398
0.0898172
0.050392
0.108209
0.0622559
0.0717376
0.059316
0.0441546
0.0956537
0.0410755
0.094064
0.0535505
0.109656
0.0620725
0.0896759
0.0511436
0.107403
0.0633091
0.0907246
0.0504192
0.111344
0.0636265
0.0364075
0.0769049
0.0299485
0.106721
0.0674151
0.0888306
0.0511211
0.102346
0.0687524
0.0879677
0.0519459
0.105641
0.0652476
0.0887943
0.0509428
0.11364
0.0593664
0.0882447
0.0527083
0.106837
0.0647192
0.0933938
0.0519461
0.109626
0.0618831
0.0881274
0.0536935
0.0889941
0.0706019
0.0415145
0.0778182
0.0394051
0.109425
0.0568939
0.0910095
0.0499054
0.11179
0.0616591
0.0919831
0.0487459
0.108924
0.0624087
0.0869384
0.0535903
0.112966
0.0585998
0.0945839
0.0496641
0.110312
0.0612257
0.0891787
0.0538248
0.109181
0.0623655
0.0909955
0.0499767
0.110778
0.0602779
0.0915275
0.0497165
0.0916959
0.0711038
0.0616746
0.0676749
0.045501
0.0990344
0.0458508
0.0883058
0.051603
0.113399
0.0586205
0.0887471
0.05202
0.10915
0.0623732
0.0913281
0.0483995
0.109579
0.0613765
0.0901015
0.0498121
0.106436
0.0643576
0.0884656
0.0526257
0.11071
0.063445
0.0931544
0.0474267
0.109036
0.0619103
0.0819649
0.0573921
0.0617155
0.0840465
0.0421047
0.0849998
0.0575178
0.10359
0.0501001
0.0921455
0.0478395
0.108014
0.0631899
0.0907655
0.050426
0.113937
0.0613438
0.0891656
0.0522929
0.109524
0.0634771
0.0904866
0.0501804
0.109115
0.0624225
0.0890132
0.0513914
0.10906
0.0621774
0.0888087
0.0520728
0.0798421
0.0743369
0.0616851
0.070513
0.0286775
0.112319
0.0569358
0.0911503
0.0502224
0.105793
0.0671035
0.0903061
0.0504228
0
