histogram cpu
/Code/DEFAULT_MODULE,/Machine,/Process,/SyncObject
745 1.6 0  -1
NaN
NaN
NaN
NaN
NaN
NaN
NaN
NaN
NaN
NaN
NaN
NaN
NaN
NaN
NaN
NaN
NaN
NaN
NaN
NaN
NaN
NaN
NaN
NaN
NaN
NaN
NaN
NaN
NaN
NaN
NaN
NaN
NaN
NaN
NaN
NaN
NaN
NaN
NaN
NaN
NaN
NaN
NaN
NaN
NaN
NaN
NaN
NaN
NaN
NaN
NaN
NaN
NaN
NaN
NaN
NaN
NaN
NaN
NaN
NaN
NaN
NaN
NaN
NaN
NaN
0.245357
0.453974
0.104674
0.448634
0.474488
0.419527
0.42703
0.395207
0.419686
0.441745
0.426029
0.437273
0.419357
0.376411
0.433998
0.477417
0.436541
0.410078
0.440329
0.409338
0.461989
0.466398
0.438303
0.450363
0.432775
0.441886
0.440323
0.420422
0.473718
0.431713
0.453346
0.429223
0.432607
0.423977
0.448187
0.460896
0.419837
0.442439
0.41467
0.440295
0.439071
0.475532
0.424283
0.413206
0.447887
0.426986
0.429093
0.454244
0.467355
0.435341
0.412066
0.442023
0.421686
0.443183
0.470819
0.461519
0.445189
0.419312
0.45617
0.430734
0.448238
0.448654
0.454145
0.415397
0.412261
0.444384
0.426313
0.461296
0.472141
0.419772
0.445733
0.427617
0.444168
0.427904
0.452817
0.48031
0.436688
0.431341
0.419829
0.454055
0.434096
0.481467
0.42866
0.442569
0.45745
0.452434
0.448862
0.407925
0.450874
0.474013
0.441338
0.438582
0.419891
0.462547
0.412582
0.456679
0.466281
0.435759
0.436715
0.424314
0.444668
0.427895
0.485677
0.429735
0.448539
0.45336
0.429555
0.453358
0.414099
0.464895
0.429702
0.39956
0.443489
0.442352
0.4013
0.443758
0.448799
0.444373
0.41387
0.452475
0.381596
0.457134
0.443723
0.423731
0.432047
0.405626
0.450595
0.439261
0.440782
0.440142
0.421892
0.438777
0.41814
0.447287
0.48444
0.426908
0.446758
0.420295
0.438079
0.442007
0.45695
0.447536
0.42081
0.444535
0.435877
0.433966
0.433566
0.481234
0.438844
0.419981
0.441777
0.413237
0.460657
0.450384
0.457841
0.453562
0.439542
0.412038
0.421242
0.486395
0.43972
0.435033
0.432882
0.420144
0.442178
0.434829
0.437952
0.476523
0.427395
0.440869
0.414023
0.444508
0.485987
0.433712
0.444428
0.423636
0.447466
0.431654
0.43328
0.46144
0.447957
0.442357
0.429069
0.42618
0.411062
0.472238
0.449269
0.415192
0.461329
0.422004
0.449112
0.428775
0.467267
0.442139
0.434024
0.434459
0.422763
0.447791
0.45135
0.471403
0.433691
0.400961
0.468525
0.391087
0.456671
0.467948
0.422806
0.450485
0.43072
0.418328
0.418432
0.469207
0.441863
0.433593
0.444465
0.430173
0.41263
0.44487
0.431721
0.448205
0.416394
0.444614
0.416613
0.477157
0.433934
0.432382
0.450858
0.438638
0.452001
0.435822
0.474164
0.452791
0.427475
0.459411
0.433707
0.467817
0.431853
0.443374
0.475221
0.410421
0.45458
0.429447
0.473028
0.454564
0.411676
0.469995
0.470907
0.44608
0.433825
0.464276
0.456202
0.450212
0.405981
0.491623
0.435786
0.439319
0.457983
0.457569
0.429314
0.474533
0.425236
0.463049
0.454584
0.447972
0.425382
0.446883
0.424843
0.45138
0.463628
0.466564
0.420753
0.451213
0.45473
0.434377
0.423987
0.451954
0.476872
0.457974
0.438039
0.447324
0.461398
0.418354
0.425002
0.491422
0.454
0.424316
0.464731
0.447063
0.448784
0.125131
0.045039
0.045039
0.045039
0.045039
0.045039
0.045039
0.043182
0.0395125
0.0395125
0.0395125
0.0395125
0.0395125
0.0395125
0.0395125
0.0395125
0.0395125
0.0451643
0.0491886
0.107963
0.504022
0.423187
0.245771
0.504071
0.446854
0.49388
0.28907
0.500006
0.44456
0.49498
0.210741
0.0606711
0.244896
0.06692
0.045223
0.045223
0.045223
0.045223
0.045223
0.0298217
0.0257379
0.0257379
0.0257379
0.0257379
0.0257379
0.0257379
0.0257379
0.0257379
0.0350834
0.0494585
0.0977778
0.45982
0.476646
0.439838
0.439095
0.354624
0.499243
0.417715
0.397257
0.353143
0.485761
0.448949
0.462373
0.48941
0.395085
0.024341
0.418017
0.381898
0.495221
0.449988
0.501799
0.41971
0.503902
0.442273
0.476412
0.415624
0.498088
0.438844
0.48327
0.402969
0.49428
0.451826
0.489227
0.442974
0.462892
0.48327
0.449534
0.473794
0.441713
0.49388
0.436839
0.476686
0.438602
0.47927
0.440413
0.494669
0.414188
0.492449
0.43754
0.495512
0.407488
0.485243
0.435681
0.494325
0.416672
0.495683
0.437857
0.492001
0.433754
0.477207
0.474759
0.469667
0.469472
0.43721
0.47544
0.455421
0.490177
0.407387
0.463392
0.43633
0.46148
0.409008
0.494735
0.435032
0.493334
0.412232
0.49604
0.44547
0.496202
0.413943
0.49489
0.439146
0.498969
0.422439
0.48292
0.472782
0.465902
0.454111
0.468504
0.486177
0.450849
0.469815
0.438327
0.493047
0.44765
0.491385
0.418742
0.466208
0.475964
0.445541
0.463073
0.468643
0.47281
0.450559
0.434099
0.482838
0.46029
0.473399
0.445242
0.465504
0.475312
0.472596
0.446737
0.465492
0.466744
0.472434
0.449455
0.465806
0.463354
0.479494
0.446908
0.458394
0.464084
0.473026
0.447668
0.467622
0.469605
0.469453
0.447021
0.451482
0.460469
0.467065
0.447166
0.456045
0.464732
0.475018
0.468613
0.45659
0.48396
0.460448
0.466606
0.448635
0.463884
0.464763
0.467615
0.450818
0.461752
0.468008
0.46793
0.442779
0.458188
0.461602
0.451232
0.433333
0.455994
0.459773
0.470642
0.457357
0.459736
0.471969
0.462571
0.462208
0.456548
0.478905
0.459492
0.476875
0.443728
0.463731
0.463638
0.470977
0.453472
0.461101
0.467354
0.460444
0.441282
0.443843
0.463548
0.475689
0.447311
0.457302
0.472693
0.46867
0.44404
0.4473
0.454669
0.459494
0.442515
0.461587
0.489976
0.447235
0.480563
0.4452
0.475655
0.429717
0.451119
0.436536
0.457918
0.459767
0.463629
0.435869
0.43923
0.445484
0.463443
0.444591
0.444218
0.471415
0.449478
0.454963
0.446618
0.471008
0.46391
0.470217
0.447345
0.450942
0.460662
0.47396
0.448627
0.455027
0.464752
0.475328
0.444459
0.457117
0.469721
0.471177
0.447872
0.460951
0.463536
0.472997
0.447115
0.465679
0.467359
0.472717
0.49139
0.428982
0.486166
0.462035
0.483938
0.442238
0.469498
0.464184
0.469543
0.445409
0.464621
0.468559
0.470001
0.451597
0.456711
0.474292
0.463235
0.446917
0.463066
0.467631
0.47302
0.449362
0.469354
0.472495
0.46784
0.45363
0.452956
0.469731
0.474454
0.487805
0.415539
0.465944
0.469987
0.456689
0.460041
0.475524
0.466585
0.478563
0.448017
0.471883
0.458845
0.476806
0.445965
0.464454
0.467126
0.468674
0.443858
0.465435
0.469383
0.473386
0.448836
0.457576
0.467303
0.474035
0.45287
0.458634
0.46293
0.477488
0.450432
0.458759
0.465681
0.472886
0.455099
0.457767
0.489811
0.44564
0.467315
0.460693
0.483712
0.46341
0.473507
0.449081
0.472709
0.470513
0.472101
0.442697
0.4697
0.462661
0.472036
0.429883
0.441727
0.464198
0.467582
0.448136
0.455594
0.477218
0.462579
0.451297
0.459856
0.484712
0.454944
0.446526
0.467816
0.459544
0.470044
0.45996
0.458818
0.471971
0.473294
0.482857
0.441712
0.471411
0.467351
0.473956
0.447057
0.460843
0.471254
0.467047
0.288964
