histogram cpu
/Code/DEFAULT_MODULE/eeos1t_,/Machine,/Process,/SyncObject
745 1.6 0  -1
NaN
NaN
NaN
NaN
NaN
NaN
NaN
NaN
NaN
NaN
NaN
NaN
NaN
NaN
NaN
NaN
NaN
NaN
NaN
NaN
NaN
NaN
NaN
NaN
NaN
NaN
NaN
NaN
NaN
NaN
NaN
NaN
NaN
NaN
NaN
NaN
NaN
NaN
NaN
NaN
NaN
NaN
NaN
NaN
NaN
NaN
NaN
NaN
NaN
NaN
NaN
NaN
NaN
NaN
NaN
NaN
NaN
NaN
NaN
NaN
NaN
NaN
NaN
NaN
NaN
NaN
NaN
NaN
NaN
NaN
NaN
NaN
NaN
NaN
NaN
NaN
NaN
NaN
NaN
NaN
NaN
NaN
NaN
NaN
NaN
NaN
NaN
NaN
NaN
NaN
NaN
NaN
NaN
NaN
NaN
NaN
NaN
NaN
NaN
NaN
NaN
NaN
NaN
NaN
NaN
NaN
NaN
NaN
NaN
NaN
NaN
NaN
NaN
NaN
NaN
NaN
NaN
NaN
NaN
NaN
NaN
NaN
NaN
NaN
NaN
NaN
NaN
NaN
NaN
NaN
NaN
NaN
NaN
NaN
NaN
NaN
NaN
NaN
NaN
NaN
NaN
NaN
NaN
NaN
NaN
NaN
NaN
NaN
NaN
NaN
NaN
NaN
NaN
NaN
NaN
NaN
NaN
NaN
NaN
NaN
NaN
NaN
NaN
NaN
NaN
NaN
NaN
NaN
NaN
NaN
NaN
NaN
NaN
NaN
NaN
NaN
NaN
NaN
NaN
NaN
NaN
NaN
NaN
NaN
NaN
NaN
NaN
NaN
NaN
NaN
NaN
NaN
NaN
NaN
NaN
NaN
NaN
NaN
NaN
NaN
NaN
NaN
NaN
NaN
NaN
NaN
NaN
NaN
NaN
NaN
NaN
NaN
NaN
NaN
NaN
NaN
NaN
NaN
NaN
NaN
NaN
NaN
NaN
NaN
NaN
NaN
NaN
NaN
NaN
NaN
NaN
NaN
NaN
NaN
NaN
NaN
NaN
NaN
NaN
NaN
NaN
NaN
NaN
NaN
NaN
NaN
NaN
NaN
NaN
NaN
NaN
NaN
NaN
NaN
NaN
NaN
NaN
NaN
NaN
NaN
NaN
NaN
NaN
NaN
NaN
NaN
NaN
NaN
NaN
NaN
NaN
NaN
NaN
NaN
NaN
NaN
NaN
NaN
NaN
NaN
NaN
NaN
NaN
NaN
NaN
NaN
NaN
NaN
NaN
NaN
NaN
NaN
NaN
NaN
NaN
NaN
NaN
NaN
NaN
NaN
NaN
NaN
NaN
NaN
NaN
NaN
NaN
NaN
NaN
NaN
NaN
NaN
NaN
NaN
NaN
NaN
NaN
NaN
NaN
NaN
NaN
NaN
NaN
NaN
NaN
NaN
NaN
NaN
NaN
NaN
NaN
NaN
NaN
NaN
NaN
NaN
NaN
NaN
NaN
NaN
NaN
NaN
NaN
NaN
NaN
NaN
NaN
NaN
NaN
NaN
NaN
NaN
NaN
NaN
NaN
NaN
NaN
NaN
NaN
NaN
NaN
NaN
NaN
NaN
NaN
NaN
NaN
NaN
NaN
NaN
NaN
NaN
NaN
NaN
0.181873
0.146444
0.0871544
0.177196
0.153387
0.18075
0.096307
0.1807
0.146357
0.179165
0.0735929
0.0146785
0.101441
0.0151273
0.0161299
0.0161299
0.0161299
0.0161299
0.0161299
0.012718
0.00996995
0.00996995
0.00927108
0.00841959
0.00841959
0.00841959
0.00841959
0.00841959
0.0165658
0.0155215
0.0310829
0.158009
0.17114
0.153764
0.164808
0.108396
0.180165
0.144964
0.160629
0.10017
0.172191
0.160375
0.162909
0.17027
0.13546
0.0060106
0.154188
0.131916
0.177891
0.149412
0.180983
0.146032
0.181036
0.146621
0.172325
0.144699
0.179928
0.144838
0.174839
0.140342
0.178293
0.151706
0.173884
0.157979
0.1631
0.165948
0.157194
0.170518
0.154425
0.176171
0.145912
0.170428
0.154941
0.174167
0.144288
0.179069
0.143892
0.177811
0.144165
0.179468
0.141486
0.176672
0.14259
0.178633
0.145127
0.179483
0.145569
0.176686
0.15388
0.16921
0.163228
0.163968
0.167603
0.153882
0.165236
0.156327
0.177694
0.137089
0.167839
0.147279
0.16731
0.142223
0.178906
0.143948
0.178285
0.143489
0.179204
0.147222
0.179305
0.14404
0.178819
0.147605
0.178144
0.149003
0.173216
0.162717
0.163776
0.161893
0.165309
0.169218
0.1559
0.169245
0.153925
0.17603
0.149974
0.179222
0.144521
0.160304
0.166201
0.157959
0.164411
0.162135
0.164479
0.161851
0.153636
0.169874
0.157407
0.168816
0.157381
0.166619
0.160049
0.168857
0.158265
0.166647
0.160411
0.165631
0.159687
0.165826
0.158963
0.168496
0.156972
0.164845
0.159965
0.165567
0.15806
0.168
0.163787
0.162912
0.159166
0.160642
0.15924
0.161707
0.158641
0.163241
0.160129
0.166055
0.169617
0.160946
0.169673
0.159206
0.166981
0.157969
0.165373
0.157184
0.166088
0.159065
0.165484
0.158421
0.165838
0.156479
0.163677
0.158683
0.157682
0.150992
0.16415
0.157672
0.164478
0.159172
0.166567
0.163486
0.159048
0.165003
0.161559
0.168225
0.157426
0.17009
0.155872
0.16621
0.157141
0.165689
0.15598
0.168356
0.159672
0.161682
0.153285
0.161225
0.159339
0.166683
0.158456
0.162928
0.158788
0.167664
0.156981
0.158586
0.157552
0.16038
0.156418
0.164642
0.177386
0.148015
0.171887
0.15731
0.169375
0.14511
0.15975
0.154591
0.164013
0.158239
0.163039
0.153832
0.155631
0.155552
0.159935
0.156572
0.158773
0.166583
0.155365
0.164982
0.154291
0.168472
0.159953
0.164111
0.157226
0.161783
0.158993
0.166346
0.159842
0.161973
0.160341
0.166525
0.155603
0.164809
0.166134
0.159677
0.158529
0.163974
0.158019
0.166034
0.157758
0.166421
0.160618
0.165471
0.180504
0.147335
0.169839
0.160294
0.171699
0.15601
0.167476
0.158318
0.165133
0.158169
0.164909
0.159414
0.165204
0.158895
0.16388
0.163845
0.160688
0.157598
0.165781
0.160824
0.165659
0.159592
0.1674
0.160789
0.164951
0.160548
0.161249
0.162768
0.164388
0.176907
0.144373
0.158994
0.16521
0.163268
0.162936
0.166347
0.161302
0.17518
0.154816
0.168755
0.156898
0.167272
0.158309
0.165192
0.158353
0.165885
0.159149
0.164145
0.161658
0.164565
0.159335
0.162842
0.159144
0.167237
0.158031
0.16587
0.158579
0.166946
0.157964
0.163981
0.159701
0.165528
0.157608
0.166023
0.175713
0.1491
0.167263
0.162139
0.170817
0.159294
0.167119
0.15904
0.167599
0.158568
0.168842
0.156422
0.167334
0.159059
0.165904
0.151327
0.157385
0.157806
0.164785
0.15885
0.162025
0.1663
0.160109
0.158349
0.165082
0.161113
0.16411
0.157608
0.166752
0.157297
0.16458
0.164085
0.162955
0.166237
0.162965
0.17142
0.155426
0.168217
0.159392
0.167225
0.156285
0.164385
0.159032
0.165718
0.0999754
