histogram observed_cost
/Code,/Machine,/Process,/SyncObject
745 1.6 0  -1
NaN
NaN
NaN
NaN
NaN
NaN
NaN
NaN
NaN
NaN
NaN
NaN
NaN
NaN
NaN
NaN
NaN
NaN
NaN
NaN
NaN
NaN
NaN
NaN
NaN
NaN
NaN
NaN
NaN
NaN
NaN
NaN
NaN
NaN
NaN
NaN
NaN
NaN
NaN
NaN
NaN
NaN
NaN
NaN
NaN
NaN
NaN
NaN
NaN
NaN
NaN
NaN
NaN
NaN
NaN
NaN
NaN
NaN
NaN
NaN
NaN
NaN
NaN
NaN
NaN
NaN
NaN
NaN
NaN
NaN
NaN
NaN
NaN
NaN
NaN
4.45264
5.18988
5.18493
3.74877
5.52067
6.90409
4.93392
4.86413
4.86196
5.00585
5.96176
5.61152
5.74249
5.04908
5.68835
5.57996
5.54558
4.76682
5.96834
4.71648
5.26789
5.26678
5.14273
4.69412
5.03167
5.95378
4.65208
5.0418
5.03612
4.73894
5.3531
5.50043
4.61042
4.76458
5.41128
5.04429
5.26557
5.86019
6.04441
4.58792
4.71165
5.07402
5.59233
5.05332
6.44841
6.2008
5.61173
4.85432
5.1268
5.39413
4.54277
6.25464
6.22826
3.82506
4.19763
4.82776
4.21619
4.66668
5.28694
5.24935
4.371
4.80809
5.96622
4.75304
5.64717
5.86546
5.32705
4.24528
4.73546
5.6096
4.42191
5.61499
6.27804
5.55809
4.77677
5.45352
4.93234
5.5546
5.43424
5.81255
5.60473
4.63049
4.96341
4.46809
4.52639
5.25572
5.83624
5.59369
5.12415
5.07969
4.26178
4.87706
5.4673
5.73537
5.43159
5.02569
5.36248
4.7731
5.01033
4.66404
3.95267
4.44563
4.88862
3.86464
4.19112
5.51286
4.54923
4.77821
5.09312
4.48871
3.519
5.27041
5.2072
4.51232
4.22624
4.57315
4.04454
4.86972
4.63256
4.29837
5.47154
3.71878
4.24668
5.07364
5.74232
5.03583
4.28883
4.19645
5.15478
4.62587
5.27445
4.57502
4.16206
5.07592
4.3644
4.23398
5.2101
5.70347
4.90927
4.07393
3.9597
4.64607
5.0287
5.40943
5.04298
4.87765
4.73576
4.29263
4.54375
5.29028
5.5868
4.73018
4.34937
4.77206
4.98239
4.09858
4.93907
5.5883
5.39251
4.60479
4.20668
4.66864
5.65471
4.93355
5.24575
4.75007
4.64989
4.10332
4.65516
4.76218
5.76854
4.81539
4.35038
4.63564
4.94396
4.20919
4.26679
4.53163
4.5774
4.37059
4.31064
3.95596
4.39999
3.9925
4.22906
3.65512
4.49968
4.70198
4.04049
5.16105
3.44265
4.27517
3.84014
4.40879
3.7168
4.70714
3.96064
4.36801
3.25628
3.53758
3.86582
4.49489
4.02362
4.58627
3.58789
3.98445
3.88342
4.00281
3.96991
4.58048
3.56407
4.12191
3.98889
4.31806
3.55594
4.78555
4.17094
4.6614
4.70563
4.57675
5.19698
4.9252
4.98939
5.29331
4.20137
4.71667
4.53979
4.51432
5.17077
4.46667
4.97951
4.37847
4.68366
4.7427
4.84502
5.10161
4.869
4.66517
5.19115
4.30308
4.78722
4.72526
4.57147
5.19647
4.42952
4.5986
4.89174
4.05598
4.61334
4.48196
4.4934
4.8621
4.76844
4.69909
4.29569
4.68315
4.64213
4.70317
4.91954
4.6679
4.89123
5.34639
4.30524
4.70169
4.59418
4.50105
5.37336
4.49024
4.56308
5.15037
4.48056
4.71073
4.75925
4.91143
4.92375
4.65166
5.05955
3.98095
4.52196
2.66097
1.08612
1.06231
1.0623
1.0623
1.0623
1.0623
1.07634
1.10398
1.10398
1.10345
1.06061
1.06061
1.06061
1.05605
1.015
1.015
1.05954
1.09096
2.03905
8.5334
5.13487
3.70552
7.67745
6.157
7.72798
2.71062
7.70042
4.13537
7.38956
3.67896
1.07997
4.72946
1.08304
1.08304
1.08304
1.08304
1.08304
1.08304
1.05573
1.05238
1.05238
1.04744
1.04138
1.04138
1.04138
1.04138
1.04138
1.04543
1.10036
1.30076
6.4295
7.82458
6.74336
7.55244
3.87682
8.29725
4.31288
7.79375
2.63021
7.43883
5.53598
5.91285
6.96581
5.07525
1.0419
6.81436
4.48642
7.43575
4.33509
7.79673
4.36116
8.48403
5.319
6.41022
4.9179
8.03866
4.40507
6.52932
5.01952
7.49578
4.96456
7.22538
5.41412
5.82867
6.1449
5.81249
7.72534
5.50302
6.65485
5.58994
6.87241
5.87783
6.07629
5.05555
6.8346
3.99401
7.4713
4.58921
7.54323
4.37664
6.73628
4.71253
7.86296
5.40373
8.4745
5.39306
6.90433
4.51598
6.3722
5.18346
6.32945
7.06752
5.85931
6.73092
5.86433
6.83649
4.79217
5.42325
5.16469
4.64828
4.32919
7.3534
4.21849
7.74806
5.33156
7.93332
5.09265
8.41903
5.07369
8.26799
5.28762
8.03991
4.60853
7.10241
5.58445
6.77203
5.44862
6.89563
7.32062
5.66205
6.92636
6.43799
7.67037
5.98969
7.54929
6.20709
5.30473
6.46791
5.05339
6.34066
5.28853
6.69661
5.34696
4.44827
5.8962
4.67701
6.64613
5.09988
6.46691
5.17801
6.90083
5.30489
6.56422
5.2599
6.29631
5.12352
6.59436
5.25955
7.00726
5.26199
6.49698
5.12306
6.25595
5.02751
6.92874
5.39175
6.3869
4.89822
5.48206
4.4252
6.34044
5.08694
5.72154
4.88045
6.03635
5.80666
4.86075
5.92552
4.754
6.017
4.8174
5.7648
4.81295
6.19223
4.87871
6.28954
4.92112
6.47245
4.93973
5.80286
4.57951
4.73034
3.95841
5.92132
4.84545
5.86414
4.9621
6.37678
5.02062
5.83049
5.16451
5.14947
5.48919
4.58577
6.2837
4.82875
6.37149
5.10068
6.13684
4.85756
6.92926
5.41684
5.04132
4.06102
6.05242
5.16963
6.52584
5.11693
6.13427
4.94791
6.83581
5.19765
4.72281
4.25169
5.07793
4.33481
5.84448
5.03342
5.45464
6.044
4.587
6.12526
4.33841
5.21845
4.40457
5.5364
4.59748
5.11058
4.1804
4.14471
3.74224
5.52502
4.38007
5.05525
5.01884
3.94317
5.32866
4.51243
6.04664
4.90947
5.6768
4.63506
6.14611
5.09736
6.27229
4.90807
6.97583
5.50249
6.26393
4.8182
5.80205
4.80365
6.2772
5.02585
6.21325
4.9566
6.5316
5.12828
6.34485
5.24248
6.31882
5.45436
5.37682
5.52319
4.70147
6.23143
4.80029
6.31244
5.03488
5.97586
4.81453
6.31743
4.9448
6.37318
5.05879
6.27149
5.1186
5.97328
4.86136
6.39578
5.12084
5.97931
4.81234
7.06429
5.47544
6.16796
5.05931
6.46011
5.30153
6.04967
4.69446
6.28845
5.00522
6.19284
5.12654
5.58599
5.18815
5.00862
5.86707
4.69946
6.09558
4.7642
6.67223
5.19561
5.96499
4.85279
6.49153
5.02745
6.17517
5.05049
6.03682
4.78504
6.19239
4.99317
6.27
5.0086
6.04108
4.982
6.21459
4.96704
6.19048
5.01536
5.87801
4.67243
6.44051
5.33289
5.89928
5.73869
4.90043
5.91242
4.9465
6.11525
5.00363
6.27741
4.91399
6.79998
5.18462
5.68731
4.75434
6.52581
4.68731
5.77938
4.79505
6.14264
4.98314
6.61025
5.28695
5.80882
4.68274
6.50192
5.14181
6.31605
5.05035
6.59188
4.98373
6.00208
5.30943
5.0791
5.15835
4.81638
6.42284
4.80871
6.77167
5.32447
6.2288
5.02834
5.83179
4.8942
6.25808
3.56325
