histogram io_wait
/Code,/Machine,/Process,/SyncObject
745 1.6 0  -1
NaN
NaN
NaN
NaN
NaN
NaN
NaN
NaN
NaN
NaN
NaN
NaN
NaN
NaN
NaN
NaN
NaN
NaN
NaN
NaN
NaN
NaN
NaN
NaN
NaN
NaN
NaN
NaN
NaN
NaN
NaN
NaN
NaN
NaN
NaN
NaN
NaN
NaN
NaN
NaN
NaN
NaN
NaN
NaN
NaN
NaN
NaN
NaN
NaN
NaN
NaN
NaN
NaN
NaN
NaN
NaN
NaN
NaN
NaN
NaN
NaN
NaN
NaN
NaN
NaN
NaN
NaN
NaN
NaN
NaN
NaN
NaN
NaN
NaN
NaN
NaN
NaN
NaN
NaN
7e-05
0
0
7.3125e-05
0
0.000105625
0
7.5625e-05
0
0
8.375e-05
0
8.4375e-05
0
8.3125e-05
0
0
7.5625e-05
0
8.1875e-05
0
3.75098e-05
3.62403e-05
0
8.74999e-05
0
8.9375e-05
0
0
8.25e-05
0
8.50001e-05
0
7.875e-05
0
0
7.93749e-05
0
7.9375e-05
0
5.54475e-05
3.51776e-05
0
8.68749e-05
0
8.25e-05
0
8.74999e-05
0
0
8e-05
0
8.50001e-05
0
0
9.3125e-05
0
7.75e-05
0
0.00014875
0
0
9.6875e-05
0
8.62499e-05
0
8.56249e-05
0
0
8.125e-05
0
8.43752e-05
0
8.87498e-05
0
8.9375e-05
0
0
8.56252e-05
0
8.9375e-05
0
8.50001e-05
0
0
9.93747e-05
0
9.31253e-05
0
3.99887e-05
4.37611e-05
0
9.0625e-05
0
8.87501e-05
0
0
8.43749e-05
0
7.56251e-05
0
7.625e-05
0
0
8.75001e-05
0
0.0540488
0
0
7.56234e-05
0
6.25011e-05
0
9.75002e-05
0
0
7.56234e-05
0
9.0627e-05
0
0
7.8748e-05
0
8.75024e-05
0
8.31252e-05
0
0
8.49972e-05
0
7.06268e-05
0
7.24988e-05
0
0
0.000591874
0
8.75024e-05
0
5.85577e-05
1.89423e-05
0
9.1875e-05
0
7.8124e-05
0
0
8.25012e-05
0
7.12508e-05
0
8.31205e-05
0
0
0.00010625
0
8.43778e-05
0
8.18726e-05
0
0
8.18772e-05
0
8.68738e-05
0
7.18748e-05
0
0
8.50018e-05
0
8.62498e-05
0
8.87504e-05
0
0
8.31252e-05
0
8.81217e-05
0
2.96331e-05
5.22441e-05
0
8.81264e-05
0
7.75e-05
0
0
0.000100625
0
8.81217e-05
0
8.56258e-05
0
2.59368e-05
9.59408e-05
0
9.81241e-05
0
0
9.43756e-05
0
8.00006e-05
0
3.38127e-05
4.86839e-05
0
8.43778e-05
0
8.87504e-05
0
0
8.12486e-05
0
8.93744e-05
0
8.50018e-05
0
8.24966e-05
0
2.47842e-06
8.6272e-05
0
8.68784e-05
0
0.0159271
0.0279654
0
8.9379e-05
0
8.87457e-05
0
8.50018e-05
0
0
8.81217e-05
0
8.9379e-05
0
9.0003e-05
0
3.71529e-05
5.28408e-05
2.89701e-05
5.04065e-05
0
8.12486e-05
0
8.62498e-05
0
0
8.06246e-05
0
8.18819e-05
0
8.74978e-05
0
3.72287e-05
5.1517e-05
0
7.87526e-05
0
8.62498e-05
0
8.37538e-05
0
0
7.31181e-05
0
8.00006e-05
0
8.25059e-05
0
6.56493e-06
8.15568e-05
0
0
0
1.4784e-05
1.47895e-05
1.47895e-05
1.47895e-05
1.47895e-05
9.81198e-06
0
0
0
0
0
0
0
0
0
0
0
0
0
8.18726e-05
0
0
0
0
9.37469e-05
0
0
0
6.34655e-05
2.15363e-05
0
0
0
0
0
0
0
0
0
0
0
0
0
0
0
0
0
0
0
0
8.43778e-05
0
0
0
0
8.31205e-05
0
0
0
8.81217e-05
0
0
0
0
0
8.12579e-05
0
0
0
8.24966e-05
0
0
0
8.50018e-05
0
0
0
6.99982e-05
0
0
0
7.81287e-05
0
0
0
8.43685e-05
0
0
0
2.43632e-05
5.87666e-05
0
0
0
8.74978e-05
0
0
0
7.81287e-05
0
0
0
8.37445e-05
0
0
0
9.0003e-05
0
0
0
8.06246e-05
0
0
0
1.27267e-05
7.16512e-05
0
0
0
8.62498e-05
0
0
0
8.68738e-05
0
0
0
9.43709e-05
0
0
0
8.31299e-05
0
0
0
8.37445e-05
0
0
0
8.37538e-05
0
0
0
8.38114e-06
7.78686e-05
0
0
4.36378e-05
2.82323e-05
0
0
0.0253324
0.0220175
0
0
0
5.37468e-05
3.0631e-05
0
0
5.01852e-05
3.29446e-05
0
0
5.91639e-05
3.95936e-05
0
0
4.8e-05
3.13673e-05
0
0
5.09197e-05
3.09622e-05
0
0
5.02158e-05
3.7906e-05
0
0
5.86205e-05
4.01184e-05
0
0
4.35934e-05
3.0782e-05
0
0
0
8.8755e-05
0
0
0
8.18819e-05
0
0
0
4.46184e-05
2.72611e-05
0
0
4.84161e-05
3.03179e-05
0
0
4.32665e-05
3.42382e-05
0
0
4.05479e-05
3.06982e-05
0
0
4.63624e-05
3.74007e-05
0
0
0
8.06153e-05
0
0
0
4.12075e-05
3.50492e-05
0
0
4.71983e-05
3.77942e-05
0
0
5.41469e-05
3.27269e-05
0
0
5.35375e-05
3.39695e-05
0
0
3.92762e-05
4.51016e-05
0
0
0
4.39535e-05
2.66594e-05
0
0
4.52133e-05
2.97954e-05
0
0
5.73402e-05
4.76571e-05
0
0
0
7.87526e-05
0
0
0
0.000110008
0
0
0
8.37445e-05
0
0
0
5.60202e-05
3.21015e-05
0
0
4.98205e-05
3.58053e-05
0
0
5.99376e-05
3.38093e-05
0
0
0
8.37445e-05
0
0
0
8.62591e-05
0
0
0
0.000215448
0.000144545
0
0
5.42041e-05
3.76802e-05
0
0
7.22258e-05
4.52699e-05
0
0
5.19486e-05
3.49251e-05
0
0
4.36866e-05
4.19392e-05
0
0
0
8.49925e-05
0
0
5.43305e-05
4.1931e-05
0
0
0
8.62405e-05
0
0
0
5.48929e-05
3.01183e-05
0
0
4.95623e-05
3.1053e-05
0
0
4.71176e-05
3.60122e-05
0
0
4.76796e-05
3.2321e-05
0
0
5.32188e-05
3.86468e-05
0
0
5.13364e-05
3.68039e-05
0
0
0.000620121
0.0003755
0
0
4.18058e-05
4.44347e-05
0
0
0
8.68738e-05
0
0
0
0.02413
0.0190537
0
0
4.31784e-05
3.62076e-05
0
0
5.28074e-05
3.84436e-05
0
0
5.25022e-05
3.18756e-05
0
0
5.50413e-05
3.36951e-05
0
0
3.36131e-05
5.32607e-05
0
0
0
8.37632e-05
0
0
0
0.00364586
