histogram io_bytes
/Code,/Machine,/Process,/SyncObject
745 1.6 0  -1
NaN
NaN
NaN
NaN
NaN
NaN
NaN
NaN
NaN
NaN
NaN
NaN
NaN
NaN
NaN
NaN
NaN
NaN
NaN
NaN
NaN
NaN
NaN
NaN
NaN
NaN
NaN
NaN
NaN
NaN
NaN
NaN
NaN
NaN
NaN
NaN
NaN
NaN
NaN
NaN
NaN
NaN
NaN
NaN
NaN
NaN
NaN
NaN
NaN
NaN
NaN
NaN
NaN
NaN
NaN
NaN
NaN
NaN
NaN
NaN
NaN
NaN
NaN
NaN
NaN
644080
118182
608908
0
13.7539
5.62107
0
19.375
0
11.2372
8.13784
0
19.375
0
19.375
0
0
19.375
0
19.375
0
11.4448
7.93017
0
19.375
0
19.375
0
11.4323
7.94274
0
19.375
0
19.375
0
9.86549
9.50951
0
19.375
0
19.375
0
0
19.375
0
19.375
0
19.375
0
0
19.375
0
19.375
0
11.8658
7.50921
0
19.375
0
19.375
0
16.8648
2.51021
0
19.375
0
19.375
0
0
19.375
0
19.375
0
19.375
0
0
19.375
0
19.375
0
19.375
0
0
19.375
0
19.375
0
19.375
0
15.1099
4.26511
0
19.375
0
19.375
0
14.8418
4.53316
0
19.375
0
19.375
0
16.8525
2.52254
0
19.375
0
19.375
0
0
19.375
0
19.375
0
16.1758
3.19923
0
19.375
0
3.78951e+06
0
0
19.375
0
19.375
0
14.7655
4.60952
0
19.375
0
19.375
0
0
19.375
0
19.375
0
19.375
0
0
19.375
0
19.375
0
15.4164
3.95864
0
19.375
0
19.375
0
15.631
3.74405
0
19.375
0
19.375
0
16.9443
2.43073
0
19.375
0
19.375
0
0
19.375
0
19.375
0
19.375
0
0
19.375
0
19.375
0
16.0651
3.30992
0
19.375
0
19.375
0
7.52903
11.846
0
19.375
0
19.375
0
7.97739
11.3976
0
19.375
0
19.375
0
8.104
11.271
0
19.375
0
8.01466
11.3603
7.68335
11.6916
0
19.375
0
7.51718
11.8578
0
19.375
0
7.94537
11.4296
6.71717
12.6578
0
19.375
0
8.38851
10.9865
0
19.375
0
19.375
0
7.83981
11.5352
8.28651
11.0885
0
19.375
0
1.62445e+06
2.16506e+06
8.01011
11.3649
0
19.375
0
19.375
0
8.16165
11.2133
0
19.375
0
19.375
0
8.00177
11.3732
8.46078
10.9142
0
19.375
0
8.07717
11.2978
8.33008
11.0449
0
19.375
0
19.375
0
8.13071
11.2443
0
19.375
0
19.375
0
8.35346
11.0215
0
19.375
0
19.375
0
7.83619
11.5388
8.39379
10.9812
0
0
0
3.42035
3.42129
3.42129
3.42129
3.42129
2.26949
0
0
0
0
0
0
0
0
0
0
0
0
0
19.375
0
0
0
3.96536
15.4096
0
0
0
15.3806
3.99442
0
0
0
0
0
0
0
0
0
0
0
0
0
0
0
0
0
0
0
0
5.61187
13.7631
0
0
5.41802
13.957
0
0
0
19.375
0
0
0
0
5.20716
14.1678
0
0
6.03496
13.34
0
0
0
19.375
0
0
0
19.375
0
0
0
19.375
0
0
0
5.80116
13.5738
0
0
5.68242
13.6926
0
0
5.11903
14.256
0
0
0
19.375
0
0
0
19.375
0
0
0
19.375
0
0
0
5.68436
13.6906
0
0
5.39037
13.9846
0
0
4.47677
14.8982
0
0
0
19.375
0
0
0
19.375
0
0
0
19.375
0
0
0
19.375
0
0
0
6.10251
13.2725
0
0
5.69829
13.6767
0
0
12.3531
7.02186
0
0
2.37658e+06
1.41294e+06
0
0
0
12.3321
6.41785
0
0
12.3174
6.43264
0
0
12.7539
7.24611
0
0
13.0284
6.97158
0
0
12.0655
6.68449
0
0
12.3685
6.38147
0
0
12.3264
7.67365
0
0
12.9175
7.08252
0
0
0
11.8522
6.89784
0
0
12.2985
6.45155
0
0
13.1429
6.85714
0
0
13.0265
6.97353
0
0
11.7043
7.04567
0
0
12.0593
6.69065
0
0
12.9097
7.0903
0
0
0
13.0024
6.99762
0
0
12.2694
6.48062
0
0
12.0059
6.74411
0
0
13.0584
6.94159
0
0
12.8438
7.15624
0
0
12.047
6.70299
0
0
0
11.9771
6.77291
0
0
12.7284
7.27156
0
0
12.7335
7.26652
0
0
0
11.9437
6.80626
0
0
11.6854
7.06461
0
0
12.8606
7.13936
0
0
13.1424
6.85756
0
0
11.8203
6.92971
0
0
11.9898
6.76016
0
0
12.8311
7.16893
0
0
12.9538
7.04619
0
0
0
12.0894
6.66056
0
0
11.9252
6.82478
0
0
13.1752
6.8248
0
0
12.8665
7.13348
0
0
11.9396
6.81042
0
0
12.1485
6.60149
0
0
12.8786
7.1214
0
0
12.8721
7.12795
0
0
0
12.3643
6.38569
0
0
11.9357
6.81431
0
0
12.8243
7.17567
0
0
12.4705
7.52947
0
0
11.9253
6.82474
0
0
11.9643
6.78572
0
0
12.6866
7.31339
0
0
12.9401
7.05987
0
0
0
11.835
6.915
0
0
2.4645e+06
1.32502e+06
0
0
12.6676
7.3324
0
0
12.0651
6.68487
0
0
12.0787
6.67129
0
0
13.1321
6.86792
0
0
12.8751
7.12487
0
0
0
11.6988
7.0512
0
0
89809.8
