histogram io_wait
/Code,/Machine,/Process,/SyncObject
745 1.6 0  -1
NaN
NaN
NaN
NaN
NaN
NaN
NaN
NaN
NaN
NaN
NaN
NaN
NaN
NaN
NaN
NaN
NaN
NaN
NaN
NaN
NaN
NaN
NaN
NaN
NaN
NaN
NaN
NaN
NaN
NaN
NaN
NaN
NaN
NaN
NaN
NaN
NaN
NaN
NaN
NaN
NaN
NaN
NaN
NaN
NaN
NaN
NaN
NaN
NaN
NaN
NaN
NaN
NaN
NaN
NaN
NaN
NaN
NaN
NaN
NaN
NaN
NaN
NaN
NaN
NaN
NaN
NaN
NaN
NaN
NaN
NaN
NaN
NaN
NaN
NaN
NaN
NaN
NaN
NaN
NaN
NaN
NaN
NaN
NaN
NaN
NaN
NaN
NaN
NaN
8.3125e-05
0
7.9375e-05
0
0
8.5e-05
0
8.3125e-05
0
9.125e-05
0
5.57449e-05
2.55051e-05
0
8.375e-05
0
9.0625e-05
0
9e-05
0
0
8.9375e-05
0
8.9375e-05
0
8.875e-05
0
8e-05
0
0
8.9375e-05
0
9e-05
0
8.87501e-05
0
8.9375e-05
0
0
8.9375e-05
0
0.00010625
0
8.74999e-05
0
8.87499e-05
0
0
8.81251e-05
0
9.5e-05
0
9.1875e-05
0
8.81249e-05
0
0
9.00001e-05
0
8.9375e-05
0
9.00001e-05
0
8.9375e-05
0
0
8.9375e-05
0
8.81249e-05
0
9.12501e-05
0
6.09092e-05
2.78409e-05
0
8.99998e-05
0
8.9375e-05
0
8.81252e-05
0
3.0226e-05
5.7899e-05
0
8.9375e-05
0
8.87501e-05
0
8.87498e-05
0
0
9.0625e-05
0
8.87501e-05
0
0.0442481
0
6.95689e-05
1.91815e-05
0
8.93744e-05
0
9.31276e-05
0
8.87504e-05
0
8.93744e-05
0
0
8.62498e-05
0
8.68738e-05
0
8.37492e-05
0
7.75e-05
0
0
7.75e-05
0
7.81287e-05
0
8.87504e-05
0
0
8.56211e-05
0
8.00006e-05
0
8.56258e-05
0
8.37492e-05
0
0
8.56258e-05
0
8.06246e-05
0
8.43778e-05
0
0
8.18726e-05
0
7.8124e-05
0
7.93766e-05
0
8.31252e-05
0
0
8.49972e-05
0
8.12532e-05
0
8.37492e-05
0
0
8.12486e-05
0
8.43778e-05
0
8.56258e-05
0
8.43732e-05
0
0
7.93766e-05
0
8.43732e-05
0
8.00006e-05
0
7.43888e-05
1.37376e-05
0
7.9372e-05
0
8.00006e-05
0
8.68738e-05
0
0
8.18772e-05
0
8.00006e-05
0
8.43732e-05
0
8.12486e-05
0
0
7.93766e-05
0
8.37492e-05
0
8.56258e-05
0
0
8.62498e-05
0
8.00006e-05
0
8.62498e-05
0
8.06246e-05
0
0
8.43732e-05
0
0.0448962
0
8.25059e-05
0
0
7.93766e-05
0
9.12417e-05
0
8.00006e-05
0
8.06246e-05
0
0
8.06246e-05
0
8.31299e-05
0
7.67007e-05
8.92512e-06
7.95236e-05
9.22217e-06
0
8.06246e-05
0
7.87526e-05
0
7.87526e-05
0
0
7.81193e-05
0
8.37538e-05
0
6.40489e-05
2.22009e-05
0
8.37538e-05
0
8.56258e-05
0
8.24966e-05
0
8.31205e-05
0
0
8.25059e-05
0
8.50018e-05
0
8.18726e-05
0
0
7.37514e-05
0
0
0
0
0
0
0
0
0
4.25312e-06
2.43459e-05
2.43459e-05
2.43459e-05
5.82984e-06
0
0
0
0
0
0
0
0
0
8.00006e-05
0
0
0
7.32467e-05
3.00066e-06
0
0
0
0
0
0
0
0
0
0
0
0
0
0
8.00006e-05
0
0
0
4.71541e-05
3.47277e-05
0
0
0
4.97058e-05
2.84135e-05
0
0
0
5.47472e-05
2.77587e-05
0
0
8.43685e-05
0
0
0
0
0
0
0
0
0
0
0
0
0
8.06246e-05
0
0
0
7.43754e-05
0
0
0
8.8755e-05
0
0
0
0
7.31181e-05
0
0
0
0
8.31299e-05
0
0
0
0
8.31205e-05
0
0
0
7.00075e-05
0
0
0
9.12417e-05
0
0
0
8.25059e-05
0
0
0
8.56258e-05
0
0
0
8.00006e-05
0
0
0
7.06222e-05
0
0
0
9.31229e-05
0
0
0
3.93086e-05
5.06944e-05
0
0
9.31229e-05
0
0
0
7.87526e-05
0
0
0
4.01685e-05
4.3576e-05
0
0
7.87526e-05
0
0
0
0.0329848
0.0135058
0
0
6.12397e-05
2.06328e-05
0
0
5.52591e-05
1.97403e-05
0
0
6.38094e-05
2.05684e-05
0
0
0
8.74978e-05
0
0
0
8.68738e-05
0
0
0
8.12579e-05
0
0
0
6.12924e-05
1.93321e-05
0
0
7.37421e-05
0
0
0
6.1981e-05
2.49021e-05
0
0
6.40519e-05
2.03167e-05
0
0
5.90163e-05
2.09843e-05
0
0
5.82776e-05
2.54763e-05
0
0
4.86584e-05
2.25878e-05
0
0
6.31428e-05
2.68602e-05
0
0
6.33198e-05
2.2306e-05
0
0
6.22591e-05
2.08615e-05
0
0
0
8.25059e-05
0
0
0
4.41326e-05
2.83615e-05
0
0
4.82716e-05
3.2353e-05
0
0
4.90594e-05
1.59469e-05
0
0
6.69671e-05
2.11547e-05
0
0
0
0
7.56234e-05
0
0
0
0
0
8.37538e-05
0
0
0
0
5.21194e-05
3.10012e-05
0
0
0
0
6.18459e-05
1.94027e-05
0
0
0
0
8.00006e-05
0
0
0
0
2.20398e-05
5.98421e-05
0
0
0
0
8.06246e-05
0
0
0
5.83279e-05
2.41686e-05
0
0
6.45287e-05
1.85918e-05
0
0
6.5735e-05
2.30201e-05
0
0
6.20014e-05
2.73683e-05
0
0
6.29018e-05
2.52293e-05
0
0
6.06403e-05
2.68574e-05
0
0
6.78878e-05
1.89859e-05
0
0
5.50403e-05
2.99615e-05
0
0
6.71798e-05
2.34472e-05
0
0
5.71163e-05
2.91335e-05
0
0
6.73276e-05
2.20421e-05
0
0
5.28297e-05
3.59254e-05
0
0
4.72449e-05
4.08768e-05
0
0
6.45794e-05
2.41756e-05
0
0
6.39999e-05
2.28738e-05
0
0
7.73383e-05
2.7659e-05
0
0
5.48119e-05
3.26858e-05
0
0
6.11351e-05
2.6996e-05
0
0
6.70697e-05
2.23e-05
0
0
6.10883e-05
2.64095e-05
0
0
7.16101e-05
3.71404e-05
0
0
0.0248786
0.0139183
0
0
4.12929e-05
4.61956e-05
0
0
9.06363e-05
0
0
0
5.15231e-05
3.90946e-05
0
0
6.7279e-05
2.522e-05
0
0
5.10041e-05
3.71177e-05
0
0
3.38758e-05
5.80085e-05
0
0
0.00259307
