histogram cpu
/Code/2d.so,/Machine,/Process,/SyncObject
745 1.6 0  -1
NaN
NaN
NaN
NaN
NaN
NaN
NaN
NaN
NaN
NaN
NaN
NaN
NaN
NaN
NaN
NaN
NaN
NaN
NaN
NaN
NaN
NaN
NaN
NaN
NaN
NaN
NaN
NaN
NaN
NaN
NaN
NaN
NaN
NaN
NaN
NaN
NaN
NaN
NaN
NaN
NaN
NaN
NaN
NaN
NaN
NaN
NaN
NaN
NaN
NaN
NaN
NaN
NaN
NaN
NaN
NaN
NaN
NaN
NaN
NaN
NaN
NaN
NaN
NaN
NaN
NaN
NaN
NaN
0
0.0462531
0.119892
0.161534
0.143506
0.165669
0.140115
0.14665
0.073071
0.0861574
0.165601
0.139647
0.167483
0.143478
0.165913
0.126939
0.091478
0.0866394
0.139177
0.165547
0.142809
0.165742
0.14325
0.109252
0.0693832
0.129443
0.168606
0.13963
0.169329
0.139636
0.169306
0.0993654
0.0658047
0.142512
0.139782
0.16618
0.139323
0.165525
0.139109
0.146216
0.0628641
0.0957325
0.165626
0.13911
0.16555
0.139059
0.165725
0.139214
0.132691
0.0591458
0.119637
0.165905
0.139408
0.165706
0.139168
0.165732
0.139045
0.120368
0.0644011
0.120399
0.165919
0.139051
0.16593
0.139274
0.1612
0.110347
0.140927
0.0584926
0.139145
0.166117
0.139211
0.166063
0.139046
0.15145
0.117857
0.116419
0.0855044
0.139062
0.166039
0.139101
0.166049
0.139078
0.146534
0.127675
0.0964995
0.100651
0.139052
0.166392
0.139062
0.166298
0.139074
0.146343
0.128688
0.0671409
0.1295
0.139049
0.166253
0.139098
0.166317
0.13907
0.137838
0.139166
0.064321
0.130371
0.139101
0.166417
0.138984
0.166427
0.138915
0.132637
0.128731
0.0568802
0.154098
0.139011
0.166465
0.139138
0.168107
0.114865
0.154923
0.0662094
0.10885
0.166562
0.13914
0.166587
0.139016
0.162783
0.112602
0.145849
0.0666643
0.12323
0.166823
0.139261
0.167174
0.139371
0.1568
0.108123
0.104282
0.109858
0.139352
0.1692
0.141593
0.168239
0.130727
0.141404
0.102906
0.0775605
0.167155
0.139591
0.170915
0.143949
0.161269
0.120676
0.110388
0.085956
0.143931
0.170996
0.142238
0.169156
0.142599
0.134569
0.12197
0.0569911
0.165547
0.145247
0.168722
0.14426
0.172327
0.107417
0.137796
0.0666388
0.139463
0.16763
0.142822
0.167732
0.139613
0.152272
0.122198
0.06811
0.143785
0.142889
0.172157
0.140011
0.149705
0.138742
0.169067
0.0721163
0.091302
0.170097
0.142927
0.164832
0.133484
0.161764
0.15298
0.0848708
0.0964053
0.138934
0.170856
0.138463
0.158022
0.138086
0.173603
0.097003
0.0637823
0.168381
0.139503
0.170238
0.124347
0.159834
0.153623
0.117511
0.0667241
0.141313
0.172029
0.139782
0.154107
0.1351
0.163255
0.123089
0.0497664
0.159923
0.139322
0.17091
0.131894
0.15797
0.15116
0.150702
0.0500446
0.126247
0.170562
0.139551
0.153734
0.143085
0.167098
0.0778638
0.0824287
0.17189
0.142107
0.168686
0.127048
0.166984
0.144188
0.120083
0.0690124
0.139439
0.1704
0.139372
0.155116
0.146327
0.16615
0.124788
0.0333487
0.168397
0.139284
0.171735
0.132018
0.154228
0.148477
0.15441
0.0372752
0.141767
0.175743
0.139189
0.15073
0.140519
0.159862
0.131633
0.0347346
0.171602
0.14334
0.166721
0.130796
0.165777
0.147232
0.110748
0.0774422
0.140693
0.172155
0.141961
0.151092
0.143244
0.162622
0.0984173
0.0714608
0.172467
0.0729356
0.018512
0.018512
0.018512
0.0143579
0
0
0
0
0.00874656
0.0503086
0.0503086
0.0503086
0.0121059
0
0
0
0
0
0
0.137041
0.00313228
0.00284608
0.168675
0
0.135837
0.00379069
0.164265
0.00546773
0
0
0
0
0
0
0
0
0
0
0
0
0.101989
0.0372019
0.126335
0.0448929
0.109004
0.0343975
0.0837129
0.0898606
0
0.139365
0
0.130847
0.0416298
0
0.102676
0.0363653
0.123855
0.0455368
0.105359
0.0350175
0.127573
0.0418519
0.110376
0.0333665
0
0
0
0
0
0
0
0
0
0
0.171871
0
0.142984
0
0.168843
0
0.138826
0
0.168557
0
0
0.138969
0
0.170045
0
0
0.142069
0
0.168653
0
0
0.138903
0
0.166162
0.00281972
0.120968
0.0205283
0.126047
0.0433067
0.103201
0.039473
0.124364
0.0450419
0.086598
0.0527672
0.0980526
0.0710815
0.0739108
0.0650634
0.0912096
0.0777052
0.0835076
0.0634727
0.0910589
0.0809076
0.0773583
0.0623359
0.0902389
0.0819804
0.0744695
0.0643617
0.090014
0.0793252
0.0758892
0.063023
0.0885744
0.0802546
0.079345
0.0594909
0.0916321
0.0772207
0.0754636
0.0633628
0.095921
0.0754448
0.0789501
0.0605009
0.0887077
0.0808031
0.0787892
0.0613342
0.0914281
0.0815351
0.107296
0.0317311
0.106546
0.0590944
0.0872492
0.0523299
0.101314
0.0668886
0.0684735
0.0680169
0.0707744
0.0951037
0.0426724
0.0965138
0.0359531
0.125947
0.0352031
0.107075
0.0343028
0.13171
0.0376102
0.107757
0.0315937
0.131349
0.0406744
0.109765
0.0328715
0.133831
0.037811
0.108576
0.0333692
0.135298
0.0375457
0.111511
0.0341203
0.130482
0.0415654
0.108512
0.0309435
0.130056
0.03924
0.111443
0.0324566
0.133951
0.0392456
0.109318
0.0341864
0.134593
0.0386704
0.108494
0.0308279
0.132905
0.0377404
0.112194
0.0365456
0.131877
0.0386543
0.108205
0.0318662
0.13342
0.0381463
0.109632
0.0297524
0.128696
0.0408861
0.112664
0.0347164
0.0843479
0.0769919
0.0146846
0.112126
0.0317355
0.132876
0.0373787
0.107985
0.0312753
0.127585
0.0475048
0.106079
0.0345497
0.135438
0.0379545
0.10902
0.0320997
0.112167
0.055239
0.0863744
0.0525037
0.0942881
0.0707195
0.0149536
0.106044
0.0347279
0
0.132168
0.0383874
0
0.107073
0.0324348
0
0.132281
0.0384313
0.0729486
0.0552941
0.0111607
0.13462
0.0368312
0
0.106812
0.03335
0
0.134552
0.0371098
0
0.112164
0.0298862
0
0.134118
0.0374666
0.0368211
0.0811246
0.022788
0.131302
0.0423286
0
0.109761
0.0303718
0
0.129903
0.0413249
0.111083
0.0327264
0.131087
0.0385671
0.109158
0.0298543
0.131834
0.0380204
0.10495
0.0342626
0.129979
0.0396753
0.108051
0.0307848
0.132692
0.0368711
0.106225
0.0325395
0.132347
0.0372635
0.107751
0.0311423
0.130473
0.0392144
0.106901
0.0331842
0.132452
0.037087
0.10963
0.0292485
0.130816
0.0389811
0.106689
0.0323141
0.13251
0.0370871
0.105572
0.0332404
0.128936
0.0408176
0.1076
0.0313409
0.132097
0.0377621
0.10495
0.0340767
0.130189
0.0394317
0.105515
0.0332203
0.130544
0.0390856
0.108568
0.0303343
0.133331
0.0388789
0.107408
0.0313657
0.13283
0.037086
0.106102
0.0328965
0.130958
0.0387575
0.10567
0.0330654
0.129979
0.0397655
0.10686
0.0319764
0.130718
0.0391691
0.107222
0.0317329
0.132975
0.0367215
0.106589
0.0321177
0.128401
0.0413102
0.1083
0.0305221
0.132729
0.0369963
0.106086
0.0326448
0.130045
0.0411775
0.108799
0.0304427
0.130136
0.0395372
0.106111
0.0326204
0.128133
0.0414925
0.106785
0.0319602
0.128578
0.0412428
0.108592
0.0302392
0.132271
0.0373303
0.107982
0.0306961
0.130824
0.0388774
0.108598
0.0302048
0.132461
0.0374079
0.106607
0.0321427
0
