histogram observed_cost
/Code,/Machine,/Process,/SyncObject
745 1.6 0  -1
NaN
NaN
NaN
NaN
NaN
NaN
NaN
NaN
NaN
NaN
NaN
NaN
NaN
NaN
NaN
NaN
NaN
NaN
NaN
NaN
NaN
NaN
NaN
NaN
NaN
NaN
NaN
NaN
NaN
NaN
NaN
NaN
NaN
NaN
NaN
NaN
NaN
NaN
NaN
NaN
NaN
NaN
NaN
NaN
NaN
NaN
NaN
NaN
NaN
NaN
NaN
NaN
NaN
NaN
NaN
NaN
NaN
NaN
NaN
NaN
NaN
NaN
NaN
NaN
NaN
NaN
NaN
NaN
NaN
NaN
NaN
NaN
NaN
NaN
NaN
NaN
NaN
NaN
NaN
NaN
NaN
NaN
NaN
5.51682
5.57457
5.83675
5.27355
5.30176
4.38112
5.25438
5.25454
6.03849
6.08329
5.58166
5.39631
5.15398
4.96928
5.15353
5.41361
5.57363
6.23015
5.71354
5.34622
5.11522
5.30705
5.52175
5.72938
6.0011
6.39953
6.11982
5.61827
5.58411
5.44743
5.45218
5.43536
5.63196
6.03408
6.23671
6.04966
5.67548
5.69905
5.70195
5.66628
5.48707
5.57376
6.02043
5.53329
5.52957
5.07977
4.70562
4.98003
4.95632
5.11437
5.29875
5.57676
6.00718
5.49054
4.67601
5.52301
4.79227
5.6457
4.97038
5.54101
5.70206
5.60909
5.58143
4.70706
5.5671
4.64364
5.55252
5.06605
5.65306
5.80181
5.45653
5.63202
4.59499
5.55457
4.61156
5.74382
4.94314
5.73678
6.02635
5.64979
5.68132
4.75462
5.60926
4.78186
5.5122
5.16427
5.79264
5.78427
5.43444
5.34784
4.82512
5.19294
4.7495
5.28163
5.28823
5.58567
5.75625
5.4595
5.176
5.39346
4.96732
5.3844
4.85545
5.4915
5.9803
5.47612
5.59158
4.8165
5.29906
4.79749
5.25405
5.01533
5.64934
6.04498
5.41455
4.68674
5.06282
4.48282
5.40257
4.87357
5.58783
5.44554
5.19787
5.27991
4.65251
4.88461
5.09039
4.8655
5.55702
5.7077
5.48326
5.06724
4.39445
5.36172
4.81984
4.97109
5.37877
5.6169
5.25107
5.38926
4.64311
5.4313
4.436
5.05501
5.43824
5.61185
5.9593
5.16757
4.44036
5.12702
4.46969
5.24732
4.87242
5.6917
5.85258
5.18053
4.67275
5.33203
4.47921
5.76481
4.89075
5.5534
5.85247
5.30023
4.70345
5.38535
4.29762
4.81001
4.38869
4.41798
5.28493
4.50461
4.50644
4.41921
3.49903
4.69503
4.54198
4.33422
5.17372
4.98238
4.46197
4.61246
4.26389
3.55418
4.70277
4.63675
5.01009
5.0274
4.32159
4.3854
4.1489
3.83112
4.4731
4.36542
4.79031
5.11138
4.62771
4.55454
4.46781
3.53448
4.34162
4.41525
4.28995
5.19701
4.20882
4.43621
4.49139
3.57609
4.48119
4.42501
4.69441
4.91288
4.66405
4.44393
4.41027
2.99396
4.40654
4.27622
4.96338
4.83724
4.72188
4.54068
4.56189
3.77252
4.74221
4.31979
4.70511
4.91108
4.31697
4.38641
4.36931
3.73139
4.6166
4.82923
4.75242
5.79903
4.31977
4.4248
4.32738
3.49309
4.59285
4.2875
4.30024
5.20695
4.43147
4.44139
4.28186
3.76792
4.47221
4.31191
4.46808
5.69178
4.18077
4.40511
3.9146
4.07383
4.59006
4.56367
4.96239
5.0693
4.41808
4.40081
4.05944
3.99181
4.25811
4.49387
4.81107
4.89149
4.18785
1.58364
1.10654
1.10654
1.10654
1.10019
1.07827
1.07827
1.06993
1.04582
1.04478
1.03985
1.03985
1.03985
1.04172
1.04754
1.0624
1.0624
1.07778
1.08743
5.60594
6.08337
9.3435
4.9652
5.33864
4.68757
5.86312
9.08808
5.56982
1.20824
1.1922
1.14302
1.09591
1.09591
1.08354
1.05199
1.05062
1.04339
1.04339
1.04339
1.05253
1.07001
2.47627
7.33282
6.20099
8.33851
6.56988
6.52048
5.80661
2.87624
8.10187
2.6735
7.98211
6.22963
7.79959
5.62497
2.81103
5.92656
5.86772
8.33689
7.01073
9.12037
6.31407
8.45977
6.76259
5.16793
1.0467
1.0467
1.0467
1.0467
1.04776
1.05115
1.05115
1.05728
1.06342
2.65836
5.36485
8.61263
5.97236
9.10635
5.87088
9.88738
6.10936
9.6177
6.07454
7.93443
3.65283
6.18666
9.28579
3.94856
5.09993
6.34422
3.22216
9.11758
5.68188
8.08106
1.26656
3.96221
8.59203
4.85722
8.09178
4.27151
7.36347
4.96372
8.112
5.14672
8.39293
5.30168
7.50672
5.6622
7.39322
6.05691
6.95351
7.15608
7.45684
7.41381
7.19219
6.87756
7.88508
7.23805
7.63021
7.08086
7.44363
7.11492
8.07702
7.45524
8.05372
7.53854
8.00866
7.63073
8.11942
7.92359
8.13906
7.80476
7.89388
7.46819
7.7839
7.77248
8.12228
7.11309
7.55533
7.59039
8.10004
7.61843
7.6054
7.4619
7.96212
7.33109
7.21387
4.96132
8.14159
4.76072
6.37599
5.07634
6.21918
4.92488
5.92671
5.28267
5.18553
5.29677
4.89948
6.38167
4.91119
7.04132
4.68657
7.51752
4.873
6.94549
4.64564
8.06459
4.99334
8.09032
5.03656
8.16934
4.95333
8.40615
4.97043
8.30714
4.97717
7.5704
4.67959
7.89184
4.88438
7.56844
4.67465
7.43862
4.82839
8.52401
4.90689
7.42242
4.71255
7.96493
4.87243
8.16544
4.91691
8.46475
4.98531
7.51337
4.8433
7.4332
4.51276
5.26011
3.6976
7.07326
4.53585
7.22985
4.64603
7.6723
4.69687
7.56533
4.66242
7.40257
4.66899
7.24415
4.61392
5.91146
4.93709
4.39568
5.5907
3.9731
7.54184
4.77836
4.68863
4.06048
3.01959
2.93329
7.8619
4.70843
7.86578
4.75438
7.31698
4.52113
5.04394
4.00059
6.19864
4.95728
5.94582
5.18317
2.85387
2.57725
2.17599
2.48904
2.6727
2.16092
2.5203
2.6446
2.21023
2.60631
2.74772
2.16896
2.42767
2.36187
2.39518
2.59425
2.15388
2.53225
2.60628
2.15039
2.50756
2.63502
2.09424
2.35952
2.60051
2.12536
2.55984
2.64081
2.14758
2.43864
2.35746
2.33295
2.47769
2.10252
2.51391
2.62324
2.15947
2.45505
2.63938
2.13638
3.9894
3.84019
8.18981
4.99091
8.44731
5.19826
8.00853
4.72751
7.69782
4.98918
8.28892
5.06493
8.22484
5.10371
8.67643
5.11106
8.82712
5.31237
8.77417
5.26158
9.08306
5.32367
8.67657
5.22102
8.76909
5.26194
8.64886
5.2335
8.67367
5.17364
8.29299
4.95456
8.38666
5.13635
8.74342
5.1493
8.67924
5.27549
8.79275
5.30953
8.34143
5.1429
8.32627
5.05181
8.33286
5.07832
7.68662
4.86431
8.8973
5.39774
8.65467
5.27979
8.84796
5.29267
8.94418
5.13633
8.663
5.3281
8.83049
5.16986
8.7027
5.26971
8.57529
5.1184
8.61677
5.29713
8.73369
5.22439
8.50438
5.22872
8.62388
5.21189
8.67689
5.29695
8.84342
5.2099
8.71681
5.2173
8.49155
5.22391
8.59854
5.32989
8.74539
5.1172
8.47037
5.1662
8.8021
4.76755
8.30894
5.1306
8.7114
5.13102
8.47394
5.23635
8.48005
5.22898
8.4731
5.31285
8.70811
5.29245
8.75812
5.28841
8.7644
5.19757
8.65783
5.30318
8.75019
5.1911
8.78293
5.36241
8.92962
5.1592
8.62996
5.22799
8.70994
4.14838
