histogram cpu
/Code,/Machine,/Process,/SyncObject
745 1.6 0  -1
NaN
NaN
NaN
NaN
NaN
NaN
NaN
NaN
NaN
NaN
NaN
NaN
NaN
NaN
NaN
NaN
NaN
NaN
NaN
NaN
NaN
NaN
NaN
NaN
NaN
NaN
NaN
NaN
NaN
NaN
NaN
NaN
NaN
NaN
NaN
NaN
NaN
NaN
NaN
NaN
NaN
NaN
NaN
NaN
NaN
NaN
NaN
NaN
NaN
NaN
NaN
NaN
NaN
NaN
NaN
NaN
NaN
NaN
NaN
NaN
NaN
NaN
NaN
NaN
NaN
NaN
NaN
NaN
0.982488
0.98623
0.982276
0.989048
0.986421
0.986811
0.984085
0.97631
0.98828
0.98789
0.987669
0.984454
0.987548
0.980437
0.984374
0.995501
0.987373
0.990812
0.987509
0.987912
0.864221
0.98681
0.985413
0.991842
0.985458
0.989564
0.987147
0.991089
0.98551
0.982824
0.988046
0.985028
0.990251
0.986224
0.984077
0.981548
0.986834
0.995449
0.995832
0.995212
0.995896
0.995213
0.995283
0.995449
0.99054
0.993656
0.993105
0.992675
0.992427
0.987374
0.992649
0.994963
0.99541
0.995692
0.994702
0.995542
0.995153
0.994997
0.996008
0.995755
0.995791
0.996042
0.995401
0.996028
0.995122
0.996021
0.99519
0.995391
0.995428
0.994766
0.994805
0.994925
0.995738
0.995915
0.995516
0.995556
0.995723
0.995717
0.995878
0.995816
0.995957
0.995453
0.995411
0.995831
0.995311
0.995516
0.995391
0.995878
0.995583
0.995548
0.995912
0.995913
0.995615
0.995817
0.995644
0.996262
0.995781
0.995265
0.995605
0.995339
0.995762
0.995733
0.995818
0.995623
0.995435
0.995721
0.995215
0.995765
0.995872
0.995902
0.995706
0.995629
0.995464
0.996087
0.995355
0.995966
0.994931
0.994789
0.99572
0.995892
0.995886
0.995221
0.995495
0.995515
0.994743
0.994137
0.995844
0.99522
0.995805
0.994683
0.986036
0.988283
0.986825
0.987428
0.991438
0.987704
0.985509
0.986778
0.98259
0.987993
0.988541
0.981341
0.987067
0.984161
0.993452
0.98845
0.984023
0.984239
0.991961
0.992046
0.98983
0.98775
0.990343
0.984715
0.987229
0.988194
0.983786
0.983445
0.98655
0.992799
0.988383
0.994431
0.985518
0.990412
0.981164
0.988336
0.986551
0.979336
0.989439
0.988918
0.983588
0.987729
0.982466
0.988954
0.989758
0.9891
0.987321
0.987906
0.982769
0.988722
0.992225
0.982555
0.994329
0.989437
0.985488
0.992214
0.983704
0.988729
0.98736
0.988006
0.990625
0.987472
0.984485
0.988339
0.98572
0.99052
0.991377
0.991122
0.987378
0.98908
0.986068
0.98792
0.98798
0.984698
0.98811
0.984993
0.990486
0.98804
0.98737
0.98829
0.989448
0.991554
0.988665
0.988969
0.986826
0.987173
0.986766
0.983883
0.990414
0.983291
0.988355
0.989651
0.988886
0.985722
0.989111
0.992008
0.987687
0.989589
0.990568
0.983894
0.977679
0.987172
0.986559
0.98696
0.991072
0.99285
0.993312
0.992427
0.988654
0.991931
0.985079
0.989842
0.984822
0.989104
0.991668
0.980932
0.991989
0.984811
0.98752
0.989606
0.990919
0.983981
0.992701
0.984848
0.988301
0.991608
0.985324
0.987097
0.989766
0.986351
0.987713
0.98166
0.989265
0.989989
0.98674
0.987863
0.987044
0.984609
0.945673
0.983612
0.987315
0.990333
0.987002
0.989448
0.988233
0.985052
0.986793
0.988647
0.991688
0.985736
0.989383
0.987067
0.990039
0.98432
0.390959
0.137045
0.137045
0.137045
0.125573
0.0859413
0.0859413
0.0770938
0.0514815
0.0600644
0.100643
0.100643
0.100643
0.059543
0.0519513
0.0672098
0.0672098
0.0820181
0.0916513
0.562691
0.98846
0.993988
0.611137
0.983439
0.529281
0.986352
0.990488
0.987479
0.193037
0.181024
0.139194
0.099087
0.099087
0.0858584
0.0520863
0.0519962
0.0515196
0.0515196
0.0515196
0.0592817
0.0741376
0.7579
0.982967
0.986047
0.989914
0.98779
0.938065
0.981904
0.703394
0.899817
0.675825
0.850971
0.987052
0.98164
0.627487
0.707805
0.827883
0.98905
0.991719
0.991372
0.994321
0.991031
0.994617
0.990807
0.61567
0.0508188
0.0508188
0.0508188
0.0508188
0.0518725
0.0552415
0.0552415
0.0614409
0.0676605
0.276573
0.983442
0.981223
0.99219
0.989987
0.994982
0.994902
0.995286
0.995819
0.995269
0.789625
0.318222
0.995314
0.993458
0.835522
0.600836
0.799686
0.747465
0.987464
0.995278
0.846467
0.235515
0.836977
0.990208
0.981633
0.979765
0.977647
0.977136
0.986654
0.995642
0.995402
0.995851
0.995767
0.995756
0.991083
0.9827
0.987628
0.987348
0.994349
0.993915
0.992041
0.985439
0.986503
0.990497
0.989597
0.989585
0.983973
0.987498
0.989717
0.989419
0.99115
0.995587
0.995467
0.995399
0.996175
0.995731
0.995966
0.994158
0.995646
0.995231
0.995503
0.99563
0.993104
0.990443
0.984972
0.988406
0.987738
0.990322
0.990296
0.984643
0.989377
0.988586
0.985795
0.984749
0.989198
0.990174
0.981847
0.990995
0.991053
0.990356
0.990209
0.989347
0.978941
0.986934
0.978286
0.988365
0.990085
0.99241
0.98356
0.987242
0.988071
0.981934
0.977889
0.986613
0.98785
0.987457
0.99214
0.993337
0.99108
0.981247
0.991797
0.993646
0.991125
0.984075
0.987036
0.985916
0.985536
0.984114
0.983396
0.984034
0.983306
0.988501
0.992509
0.986425
0.98309
0.987891
0.986916
0.983568
0.988414
0.980335
0.988296
0.991012
0.984261
0.98911
0.985835
0.970929
0.938421
0.936672
0.970577
0.974489
0.975287
0.980305
0.991888
0.988895
0.989934
0.98615
0.987382
0.98888
0.988421
0.981174
0.958403
0.969978
0.952116
0.941592
0.96141
0.979074
0.989956
0.911775
0.970623
0.776124
0.879049
0.977493
0.962103
0.979475
0.980163
0.976485
0.96617
0.934144
0.949491
0.980141
0.988246
0.983076
0.988485
0.97604
0.974144
0.975059
0.980177
0.984033
0.972807
0.972404
0.973606
0.980986
0.989956
0.985306
0.975743
0.96815
0.987742
0.975018
0.969953
0.976274
0.977184
0.972645
0.97212
0.979939
0.970374
0.960742
0.944306
0.964312
0.961509
0.973872
0.975525
0.980926
0.966674
0.961605
0.986968
0.96636
0.9677
0.974796
0.968369
0.971002
0.971819
0.975283
0.972588
0.979757
0.986084
0.990781
0.994618
0.995304
0.995952
0.992474
0.985293
0.984086
0.988739
0.990909
0.986154
0.988382
0.994988
0.994679
0.995638
0.995296
0.995554
0.995835
0.995067
0.996233
0.995465
0.995478
0.995509
0.995865
0.993528
0.995268
0.995394
0.996368
0.994677
0.990078
0.989976
0.991607
0.991735
0.995068
0.995704
0.995512
0.995719
0.995799
0.994974
0.993023
0.987403
0.990401
0.990901
0.991123
0.986746
0.983539
0.988299
0.994664
0.995889
0.995585
0.994288
0.995708
0.995148
0.9959
0.99552
0.996091
0.995254
0.996165
0.995388
0.995943
0.994744
0.994917
0.995415
0.995889
0.995729
0.996134
0.99494
0.995514
0.995931
0.995043
0.995496
0.99526
0.989426
0.994352
0.996469
0.996065
0.995453
0.995536
0.995803
0.99641
0.99631
0.996105
0.996065
0.995288
0.996349
0.996495
0.98569
0.993216
0.995419
0.995835
0.995383
0.995427
0.996122
0.995358
0.995484
0.996096
0.995664
0.996269
0.995352
0.996285
0.996269
0.996193
0.996357
0.995893
0.99612
0.996221
0.995303
0.99642
0.996176
0.996684
0.995523
0.995346
0.996039
0.996069
0.738317
