histogram io_bytes
/Code,/Machine,/Process,/SyncObject
745 1.6 0  -1
NaN
NaN
NaN
NaN
NaN
NaN
NaN
NaN
NaN
NaN
NaN
NaN
NaN
NaN
NaN
NaN
NaN
NaN
NaN
NaN
NaN
NaN
NaN
NaN
NaN
NaN
NaN
NaN
NaN
NaN
NaN
NaN
NaN
NaN
NaN
NaN
NaN
NaN
NaN
NaN
NaN
NaN
NaN
NaN
NaN
NaN
NaN
NaN
NaN
NaN
NaN
NaN
NaN
NaN
NaN
NaN
NaN
NaN
NaN
NaN
NaN
NaN
NaN
NaN
NaN
NaN
NaN
NaN
5120
641520
511393
215697
0
19.375
0
19.375
0
0
19.375
0
19.375
0
19.375
0
19.375
0
0
19.375
0
19.375
0
19.375
0
0
19.375
0
19.375
0
19.375
0
13.3197
6.05534
0
19.375
0
19.375
0
19.375
0
0
19.375
0
19.375
0
19.375
0
19.375
0
0
19.375
0
19.375
0
19.375
0
19.375
0
0
19.375
0
19.375
0
19.375
0
19.375
0
0
19.375
0
19.375
0
19.375
0
19.375
0
0
19.375
0
19.375
0
19.375
0
19.375
0
0
19.375
0
19.375
0
19.375
0
13.3228
6.05216
0
19.375
0
19.375
0
19.375
0
6.67416
12.7008
0
19.375
0
19.375
0
19.375
0
0
19.375
0
19.375
0
3.78951e+06
0
15.1914
4.18365
0
19.375
0
19.375
0
19.375
0
19.375
0
0
19.375
0
19.375
0
19.375
0
19.375
0
0
19.375
0
19.375
0
19.375
0
0
19.375
0
19.375
0
19.375
0
19.375
0
0
19.375
0
19.375
0
19.375
0
0
19.375
0
19.375
0
19.375
0
19.375
0
0
19.375
0
19.375
0
19.375
0
0
19.375
0
19.375
0
19.375
0
19.375
0
0
19.375
0
19.375
0
19.375
0
16.3577
3.01729
0
19.375
0
19.375
0
19.375
0
0
19.375
0
19.375
0
19.375
0
19.375
0
0
19.375
0
19.375
0
19.375
0
0
19.375
0
19.375
0
19.375
0
19.375
0
0
19.375
0
3.78951e+06
0
19.375
0
0
19.375
0
19.375
0
19.375
0
19.375
0
0
19.375
0
19.375
0
17.3583
2.01672
17.364
2.011
0
19.375
0
19.375
0
19.375
0
0
19.375
0
19.375
0
14.3918
4.9832
0
19.375
0
19.375
0
19.375
0
19.375
0
0
19.375
0
19.375
0
19.375
0
0
19.375
0
0
0
0
0
0
0
0
0
0.991759
5.6749
5.6749
5.6749
1.35855
0
0
0
0
0
0
0
0
0
19.375
0
0
0
18.6162
0.758786
0
0
0
0
0
0
0
0
0
0
0
0
0
0
19.375
0
0
0
11.1875
8.18749
0
0
0
12.3317
7.0433
0
0
0
12.8588
6.51617
0
0
19.375
0
0
0
0
0
0
0
0
0
0
0
0
0
19.375
0
0
0
19.375
0
0
0
19.375
0
0
0
0
19.375
0
0
0
0
19.375
0
0
0
0
19.375
0
0
0
19.375
0
0
0
19.375
0
0
0
19.375
0
0
0
19.375
0
0
0
19.375
0
0
0
19.375
0
0
0
19.375
0
0
0
8.46383
10.9112
0
0
19.375
0
0
0
19.375
0
0
0
9.29564
10.0794
0
0
19.375
0
0
0
2.68892e+06
1.10059e+06
0
0
14.0261
4.72394
0
0
13.8161
4.93394
0
0
15.126
4.87399
0
0
0
20
0
0
0
18.75
0
0
0
18.75
0
0
0
15.2058
4.79424
0
0
20
0
0
0
13.3772
5.37281
0
0
14.2361
4.51388
0
0
14.7554
5.24464
0
0
13.918
6.08202
0
0
12.8071
5.94287
0
0
13.1559
5.59406
0
0
14.7912
5.2088
0
0
14.9817
5.01833
0
0
0
18.75
0
0
0
11.4165
7.33351
0
0
11.9765
8.02353
0
0
15.0951
4.90491
0
0
14.2501
4.49993
0
0
0
0
18.75
0
0
0
0
0
20
0
0
0
0
12.5428
7.45724
0
0
0
0
14.2737
4.47632
0
0
0
0
18.75
0
0
0
0
5.38594
14.6141
0
0
0
0
20
0
0
0
13.2583
5.49173
0
0
14.5575
4.19249
0
0
14.8141
5.18587
0
0
13.8766
6.12338
0
0
13.3836
5.36642
0
0
12.9961
5.75389
0
0
15.6305
4.36947
0
0
12.9522
7.04785
0
0
13.9002
4.84976
0
0
12.4179
6.33212
0
0
15.0686
4.93136
0
0
11.9064
8.09361
0
0
10.0543
8.69572
0
0
13.6441
5.10593
0
0
14.7354
5.26465
0
0
14.7327
5.26732
0
0
11.747
7.00303
0
0
13.0079
5.74211
0
0
15.0108
4.98924
0
0
13.9647
6.03525
0
0
12.3482
6.40182
0
0
2.43031e+06
1.3592e+06
0
0
9.44142
10.5586
0
0
18.75
0
0
0
10.6624
8.08755
0
0
14.5483
5.45166
0
0
11.5774
8.42255
0
0
6.91471
11.8353
0
0
85345.7
