histogram cpu
/Code/DEFAULT_MODULE,/Machine,/Process,/SyncObject
745 1.6 0  -1
NaN
NaN
NaN
NaN
NaN
NaN
NaN
NaN
NaN
NaN
NaN
NaN
NaN
NaN
NaN
NaN
NaN
NaN
NaN
NaN
NaN
NaN
NaN
NaN
NaN
NaN
NaN
NaN
NaN
NaN
NaN
NaN
NaN
NaN
NaN
NaN
NaN
NaN
NaN
NaN
NaN
NaN
NaN
NaN
NaN
NaN
NaN
NaN
NaN
NaN
NaN
NaN
NaN
NaN
NaN
NaN
NaN
NaN
NaN
NaN
NaN
NaN
NaN
NaN
NaN
NaN
NaN
NaN
0.457204
0.241689
0.25364
0.342488
0.436885
0.452181
0.429116
0.434691
0.479822
0.467822
0.43673
0.450564
0.427897
0.448718
0.428427
0.46744
0.461121
0.472221
0.447453
0.411626
0.413145
0.426874
0.488881
0.438853
0.462756
0.448823
0.434188
0.462659
0.419637
0.468945
0.42838
0.459879
0.48092
0.432842
0.449025
0.432061
0.45929
0.425685
0.458668
0.441436
0.491006
0.465275
0.438093
0.458597
0.431574
0.456079
0.447056
0.441217
0.462156
0.476732
0.45139
0.437749
0.458604
0.432994
0.460983
0.429952
0.496254
0.420468
0.491351
0.449455
0.437234
0.455666
0.441783
0.452554
0.433925
0.505109
0.424298
0.478359
0.460154
0.425654
0.452588
0.436775
0.458773
0.448055
0.486658
0.443635
0.45738
0.458693
0.443353
0.446359
0.451361
0.441584
0.456563
0.455298
0.476868
0.454328
0.454615
0.429238
0.476268
0.428565
0.444876
0.441293
0.467651
0.490964
0.440702
0.452747
0.439952
0.460775
0.43378
0.454192
0.443083
0.461722
0.492108
0.449841
0.444891
0.437011
0.455402
0.436946
0.453373
0.488306
0.427642
0.480498
0.442393
0.454339
0.434977
0.462631
0.396242
0.48404
0.454395
0.455711
0.473075
0.429905
0.46738
0.422255
0.47291
0.420303
0.490462
0.459768
0.452092
0.459611
0.422968
0.453868
0.429437
0.45953
0.433978
0.462826
0.480687
0.437377
0.449874
0.42877
0.454569
0.423833
0.462812
0.443982
0.477308
0.460367
0.428251
0.468433
0.446172
0.439703
0.416439
0.464594
0.46817
0.453419
0.451977
0.426295
0.449559
0.466078
0.413621
0.485217
0.432984
0.478068
0.430333
0.449584
0.425454
0.452531
0.42417
0.498695
0.423088
0.471533
0.448889
0.429147
0.451832
0.441067
0.456676
0.423994
0.476509
0.476635
0.429442
0.448272
0.434962
0.447519
0.461259
0.436868
0.483336
0.445099
0.44985
0.426563
0.470222
0.411205
0.489824
0.445467
0.428006
0.441396
0.465052
0.462064
0.450701
0.426458
0.43654
0.456208
0.443752
0.462869
0.46518
0.446782
0.443234
0.423224
0.462736
0.434166
0.464033
0.447237
0.467584
0.452111
0.42813
0.454157
0.453656
0.458891
0.44928
0.417418
0.489405
0.445978
0.452749
0.413283
0.462353
0.466415
0.418289
0.448751
0.475816
0.452118
0.434346
0.449989
0.410126
0.468773
0.444984
0.446842
0.460818
0.431352
0.454727
0.430626
0.460863
0.477345
0.443376
0.428142
0.468547
0.455688
0.418671
0.45662
0.43322
0.450522
0.466032
0.438797
0.481302
0.443972
0.44953
0.433806
0.438936
0.454325
0.441248
0.447303
0.477132
0.445975
0.42378
0.452221
0.451963
0.471848
0.43136
0.431028
0.485885
0.4232
0.435767
0.427489
0.48828
0.40584
0.487551
0.441626
0.445706
0.460415
0.421236
0.449088
0.463108
0.461542
0.41639
0.449272
0.483579
0.445057
0.143797
0.0433347
0.0433347
0.0433347
0.0433347
0.0433347
0.0433347
0.0433347
0.0433347
0.0433347
0.0433347
0.0433347
0.0433347
0.0285019
0.0279091
0.0396876
0.0396876
0.0396876
0.0396876
0.281071
0.455449
0.489357
0.317709
0.417827
0.276383
0.452367
0.490691
0.42193
0.119154
0.081826
0.0650818
0.0476178
0.0476178
0.0423035
0.0286274
0.0286274
0.0286274
0.0286274
0.0286274
0.0286274
0.0286274
0.363073
0.463485
0.468587
0.454832
0.473686
0.44861
0.48734
0.290796
0.450757
0.297217
0.425799
0.448094
0.467985
0.324288
0.31765
0.404178
0.444706
0.479885
0.478302
0.476313
0.455846
0.470951
0.469292
0.300233
0.0260644
0.0260644
0.0260644
0.0260644
0.0285402
0.0299413
0.0299413
0.0316747
0.0364962
0.121725
0.416486
0.497836
0.450358
0.502029
0.424996
0.504327
0.452602
0.504772
0.424887
0.312205
0.24963
0.452726
0.503881
0.343135
0.301549
0.421061
0.313363
0.500604
0.424207
0.448501
0.107912
0.364422
0.501541
0.418272
0.494911
0.452297
0.486419
0.44256
0.482962
0.466352
0.489075
0.447628
0.481942
0.47428
0.472916
0.45501
0.467177
0.480674
0.475194
0.463926
0.45794
0.474238
0.472381
0.465174
0.457123
0.473213
0.474284
0.470601
0.45078
0.484813
0.470734
0.473249
0.455906
0.496763
0.461156
0.473781
0.455598
0.491279
0.465453
0.478329
0.451129
0.495488
0.458798
0.474216
0.446205
0.497658
0.453931
0.463338
0.458149
0.496403
0.454922
0.488583
0.428682
0.463843
0.487888
0.4301
0.462305
0.470439
0.482102
0.455414
0.47039
0.472882
0.469891
0.463308
0.456496
0.488769
0.46291
0.482579
0.442266
0.487458
0.455965
0.472247
0.447207
0.482733
0.461979
0.488804
0.441917
0.48271
0.459165
0.487284
0.446567
0.478154
0.464063
0.482971
0.443016
0.475367
0.457005
0.484945
0.440393
0.475487
0.467588
0.484961
0.443341
0.47552
0.465143
0.479962
0.437241
0.481189
0.460209
0.484376
0.448054
0.471502
0.468817
0.48012
0.439996
0.447279
0.436376
0.474721
0.437272
0.470021
0.458606
0.489209
0.447701
0.474637
0.461733
0.487415
0.44298
0.479677
0.466748
0.461204
0.449224
0.448757
0.471917
0.446707
0.482292
0.444023
0.441851
0.453433
0.37873
0.392448
0.466016
0.450889
0.481405
0.451664
0.45983
0.450346
0.460338
0.428508
0.470591
0.46809
0.479653
0.455477
0.464548
0.4887
0.477299
0.464613
0.500579
0.455005
0.455284
0.493919
0.463385
0.487858
0.500815
0.444771
0.465379
0.481352
0.471124
0.490867
0.448009
0.46773
0.497175
0.471797
0.473987
0.49816
0.43096
0.459457
0.490375
0.457838
0.475122
0.49459
0.446126
0.470447
0.492178
0.456695
0.4864
0.479235
0.432205
0.49343
0.453837
0.482856
0.496926
0.431647
0.481236
0.461592
0.48697
0.447462
0.480864
0.469888
0.486008
0.440597
0.47618
0.4659
0.486735
0.441663
0.480908
0.469338
0.487939
0.452216
0.477423
0.472996
0.485325
0.449289
0.481162
0.471253
0.486552
0.452065
0.478034
0.490224
0.466536
0.443791
0.486696
0.467242
0.487648
0.441505
0.483335
0.46416
0.491546
0.453071
0.47738
0.466604
0.491891
0.451454
0.476992
0.464613
0.486691
0.44443
0.480827
0.469573
0.477335
0.4471
0.4801
0.470964
0.487236
0.454725
0.474656
0.467441
0.490284
0.446371
0.482725
0.471913
0.486277
0.448496
0.481312
0.477913
0.478956
0.450748
0.479176
0.46915
0.489111
0.458923
0.471295
0.471958
0.486271
0.451928
0.477717
0.462802
0.491703
0.449182
0.481332
0.483832
0.473697
0.453207
0.477455
0.467751
0.490632
0.454146
0.475622
0.469411
0.489285
0.43091
0.463046
0.469609
0.488163
0.466951
0.462514
0.474371
0.483462
0.451298
0.478574
0.483136
0.475177
0.452546
0.477402
0.468409
0.490239
0.447264
0.483099
0.47061
0.488175
0.458566
0.471632
0.469143
0.489665
0.448779
0.480387
0.476563
0.481835
0.387676
